/*--------------------------------*- C++ -*----------------------------------*\
| =========                 |                                                 |
| \\      /  F ield         | OpenFOAM: The Open Source CFD Toolbox           |
|  \\    /   O peration     | Version:  2406                                  |
|   \\  /    A nd           | Website:  www.openfoam.com                      |
|    \\/     M anipulation  |                                                 |
\*---------------------------------------------------------------------------*/
FoamFile
{
    version     2.0;
    format      ascii;
    arch        "LSB;label=32;scalar=64";
    class       volScalarField;
    location    "0.109";
    object      Cy;
}
// * * * * * * * * * * * * * * * * * * * * * * * * * * * * * * * * * * * * * //

dimensions      [0 1 0 0 0 0 0];

internalField   nonuniform List<scalar> 
8988
(
0.0698426
0.0695244
0.0691841
0.0688201
0.0684308
0.0680144
0.0675691
0.0670929
0.0665835
0.0660387
0.065456
0.0648329
0.0641664
0.0634536
0.0626912
0.0618758
0.0610038
0.0600711
0.0590736
0.0580067
0.0568657
0.0556453
0.0543401
0.0529442
0.0514512
0.0498545
0.0481467
0.0463202
0.0443667
0.0422775
0.040043
0.0376531
0.0350971
0.0323635
0.0294398
0.0263128
0.0229684
0.0193916
0.0155661
0.0114746
0.00709875
0.00241866
0.0698283
0.0695102
0.0691699
0.068806
0.0684168
0.0680005
0.0675553
0.0670791
0.0665698
0.0660252
0.0654426
0.0648196
0.0641532
0.0634406
0.0626783
0.0618631
0.0609913
0.0600588
0.0590615
0.0579948
0.056854
0.0556339
0.054329
0.0529333
0.0514407
0.0498442
0.0481368
0.0463107
0.0443577
0.0422688
0.0400348
0.0376454
0.03509
0.0323568
0.0294337
0.0263074
0.0229637
0.0193876
0.0155629
0.0114723
0.00709729
0.00241817
0.0697999
0.0694819
0.0691417
0.068778
0.0683889
0.0679728
0.0675278
0.0670518
0.0665427
0.0659983
0.065416
0.0647932
0.0641271
0.0634147
0.0626528
0.0618379
0.0609664
0.0600343
0.0590374
0.0579712
0.0568309
0.0556113
0.0543069
0.0529118
0.0514197
0.0498239
0.0481172
0.0462919
0.0443396
0.0422516
0.0400185
0.0376301
0.0350757
0.0323437
0.0294217
0.0262967
0.0229544
0.0193797
0.0155566
0.0114676
0.0070944
0.00241718
0.0697576
0.0694398
0.0690998
0.0687363
0.0683475
0.0679316
0.0674868
0.0670112
0.0665024
0.0659583
0.0653763
0.0647539
0.0640882
0.0633763
0.0626149
0.0618005
0.0609295
0.0599979
0.0590016
0.0579361
0.0567964
0.0555776
0.054274
0.0528797
0.0513886
0.0497938
0.0480881
0.0462638
0.0443127
0.042226
0.0399942
0.0376073
0.0350544
0.0323241
0.0294039
0.0262807
0.0229405
0.019368
0.0155471
0.0114607
0.0070901
0.00241572
0.0697017
0.0693841
0.0690445
0.0686812
0.0682927
0.0678772
0.0674328
0.0669575
0.0664491
0.0659054
0.0653239
0.064702
0.0640369
0.0633255
0.0625647
0.061751
0.0608807
0.0599499
0.0589544
0.0578896
0.0567509
0.055533
0.0542305
0.0528374
0.0513474
0.0497539
0.0480495
0.0462267
0.0442772
0.0421922
0.0399622
0.0375771
0.0350263
0.0322982
0.0293803
0.0262597
0.0229221
0.0193525
0.0155347
0.0114515
0.00708442
0.00241378
0.0696325
0.0693152
0.0689759
0.068613
0.0682249
0.0678098
0.0673658
0.066891
0.0663831
0.06584
0.0652591
0.0646378
0.0639733
0.0632626
0.0625026
0.0616896
0.0608202
0.0598903
0.0588958
0.0578322
0.0566946
0.0554779
0.0541766
0.0527849
0.0512964
0.0497045
0.0480018
0.0461808
0.0442333
0.0421503
0.0399225
0.0375398
0.0349915
0.0322661
0.0293512
0.0262336
0.0228993
0.0193332
0.0155192
0.0114401
0.00707739
0.00241138
0.0695503
0.0692334
0.0688945
0.068532
0.0681443
0.0677297
0.0672863
0.066812
0.0663048
0.0657622
0.065182
0.0645615
0.0638978
0.0631879
0.0624288
0.0616168
0.0607484
0.0598196
0.0588263
0.0577639
0.0566276
0.0554124
0.0541126
0.0527226
0.0512358
0.0496458
0.0479451
0.0461263
0.044181
0.0421005
0.0398754
0.0374955
0.0349502
0.032228
0.0293165
0.0262026
0.0228723
0.0193104
0.0155009
0.0114266
0.00706903
0.00240854
0.0694553
0.0691389
0.0688004
0.0684385
0.0680513
0.0676373
0.0671944
0.0667208
0.0662143
0.0656725
0.0650931
0.0644734
0.0638106
0.0631017
0.0623436
0.0615327
0.0606655
0.059738
0.058746
0.057685
0.0565503
0.0553367
0.0540388
0.0526506
0.0511659
0.049578
0.0478797
0.0460633
0.0441207
0.042043
0.0398209
0.0374443
0.0349025
0.032184
0.0292765
0.0261669
0.0228411
0.0192841
0.0154798
0.011411
0.00705938
0.00240525
0.069348
0.0690321
0.0686941
0.0683327
0.0679462
0.0675328
0.0670906
0.0666177
0.0661119
0.065571
0.0649925
0.0643737
0.063712
0.0630042
0.0622472
0.0614376
0.0605717
0.0596457
0.0586552
0.0575959
0.056463
0.0552512
0.0539553
0.0525693
0.0510869
0.0495014
0.0478057
0.0459922
0.0440526
0.0419781
0.0397594
0.0373865
0.0348486
0.0321343
0.0292313
0.0261264
0.0228058
0.0192543
0.0154558
0.0113934
0.00704848
0.00240153
0.0692287
0.0689132
0.0685759
0.0682151
0.0678292
0.0674165
0.0669751
0.0665031
0.0659982
0.0654582
0.0648806
0.0642629
0.0636023
0.0628958
0.0621401
0.0613319
0.0604675
0.059543
0.0585543
0.0574968
0.0563658
0.0551561
0.0538624
0.0524788
0.0509989
0.0494162
0.0477235
0.045913
0.0439767
0.0419058
0.039691
0.0373221
0.0347886
0.032079
0.029181
0.0260815
0.0227665
0.0192211
0.0154292
0.0113738
0.00703634
0.0023974
0.0690976
0.0687828
0.0684461
0.068086
0.0677008
0.0672889
0.0668483
0.0663772
0.0658732
0.0653342
0.0647578
0.0641413
0.0634819
0.0627767
0.0620224
0.0612158
0.060353
0.0594303
0.0584434
0.0573879
0.0562591
0.0550517
0.0537605
0.0523794
0.0509024
0.0493226
0.0476331
0.0458261
0.0438935
0.0418265
0.0396158
0.0372515
0.0347228
0.0320182
0.0291257
0.0260321
0.0227234
0.0191847
0.0154
0.0113522
0.00702302
0.00239286
0.0689552
0.068641
0.068305
0.0679456
0.0675613
0.0671502
0.0667106
0.0662403
0.0657374
0.0651996
0.0646243
0.0640091
0.0633511
0.0626473
0.0618946
0.0610896
0.0602286
0.0593078
0.0583229
0.0572696
0.0561431
0.0549383
0.0536496
0.0522715
0.0507975
0.049221
0.0475349
0.0457316
0.043803
0.0417403
0.0395342
0.0371747
0.0346512
0.0319522
0.0290657
0.0259784
0.0226766
0.0191452
0.0153683
0.0113288
0.00700855
0.00238793
0.0688018
0.0684883
0.068153
0.0677945
0.067411
0.0670008
0.0665621
0.066093
0.0655912
0.0650545
0.0644805
0.0638667
0.0632101
0.0625079
0.0617569
0.0609537
0.0600946
0.0591758
0.0581932
0.0571422
0.0560182
0.054816
0.0535303
0.0521552
0.0506844
0.0491115
0.0474292
0.0456299
0.0437055
0.0416474
0.0394462
0.037092
0.0345741
0.0318812
0.029001
0.0259206
0.0226261
0.0191026
0.0153341
0.0113036
0.00699295
0.00238261
0.0686377
0.068325
0.0679905
0.0676328
0.0672502
0.0668411
0.0664034
0.0659354
0.0654348
0.0648994
0.0643268
0.0637144
0.0630594
0.0623589
0.0616097
0.0608084
0.0599514
0.0590348
0.0580545
0.057006
0.0558846
0.0546853
0.0534027
0.0520308
0.0505636
0.0489944
0.0473161
0.0455211
0.0436013
0.0415481
0.0393522
0.0370036
0.0344917
0.0318051
0.0289319
0.0258588
0.0225722
0.019057
0.0152975
0.0112767
0.00697628
0.00237693
0.0684634
0.0681515
0.0678179
0.0674611
0.0670795
0.0666713
0.0662348
0.065768
0.0652687
0.0647346
0.0641635
0.0635526
0.0628993
0.0622005
0.0614532
0.060654
0.0597991
0.0588849
0.057907
0.0568612
0.0557427
0.0545465
0.0532671
0.0518987
0.0504352
0.04887
0.0471959
0.0454055
0.0434906
0.0414426
0.0392522
0.0369096
0.0344041
0.0317244
0.0288584
0.0257932
0.0225149
0.0190087
0.0152587
0.011248
0.00695857
0.0023709
0.0682793
0.0679682
0.0676355
0.0672796
0.0668991
0.066492
0.0660567
0.0655911
0.0650931
0.0645605
0.0639909
0.0633817
0.0627301
0.0620332
0.0612879
0.0604908
0.0596383
0.0587265
0.0577513
0.0567083
0.0555928
0.0543998
0.0531238
0.0517591
0.0502996
0.0487385
0.047069
0.0452834
0.0433737
0.0413312
0.0391467
0.0368103
0.0343115
0.0316391
0.0287808
0.0257238
0.0224543
0.0189575
0.0152176
0.0112178
0.00693985
0.00236452
0.0680857
0.0677755
0.0674437
0.0670888
0.0667093
0.0663034
0.0658693
0.0654051
0.0649085
0.0643774
0.0638094
0.0632019
0.0625522
0.0618573
0.0611141
0.0603193
0.0594691
0.0585599
0.0575875
0.0565475
0.0554351
0.0542455
0.0529731
0.0516123
0.0501569
0.0486003
0.0469355
0.045155
0.0432507
0.0412139
0.0390356
0.0367059
0.0342142
0.0315493
0.0286992
0.0256509
0.0223906
0.0189038
0.0151745
0.011186
0.00692017
0.00235781
0.0678829
0.0675736
0.0672429
0.0668891
0.0665107
0.066106
0.0656732
0.0652103
0.0647152
0.0641857
0.0636194
0.0630137
0.062366
0.0616731
0.0609322
0.0601397
0.0592921
0.0583856
0.057416
0.0563791
0.0552701
0.054084
0.0528154
0.0514586
0.0500076
0.0484556
0.0467958
0.0450205
0.0431219
0.0410912
0.0389194
0.0365966
0.0341124
0.0314554
0.0286137
0.0255745
0.022324
0.0188475
0.0151293
0.0111527
0.00689956
0.00235079
0.0676715
0.0673632
0.0670334
0.0666807
0.0663035
0.0659001
0.0654687
0.0650072
0.0645137
0.0639858
0.0634213
0.0628175
0.0621717
0.061481
0.0607424
0.0599523
0.0591074
0.0582037
0.0572372
0.0562035
0.0550979
0.0539155
0.0526509
0.0512984
0.0498518
0.0483047
0.04665
0.0448803
0.0429876
0.0409632
0.0387982
0.0364826
0.0340061
0.0313574
0.0285246
0.0254948
0.0222544
0.0187888
0.0150822
0.0111179
0.00687807
0.00234347
0.0674518
0.0671444
0.0668158
0.0664642
0.0660883
0.0656861
0.0652561
0.0647961
0.0643042
0.063778
0.0632153
0.0626135
0.0619698
0.0612814
0.0605451
0.0597577
0.0589155
0.0580147
0.0570514
0.056021
0.054919
0.0537405
0.0524799
0.0511318
0.0496899
0.0481478
0.0464985
0.0447346
0.042848
0.0408302
0.0386722
0.0363642
0.0338957
0.0312556
0.028432
0.025412
0.0221822
0.0187278
0.0150332
0.0110818
0.00685574
0.00233586
0.0672241
0.0669178
0.0665903
0.0662399
0.0658652
0.0654645
0.0650358
0.0645774
0.0640872
0.0635628
0.063002
0.0624022
0.0617607
0.0610746
0.0603408
0.059556
0.0587166
0.0578189
0.0568588
0.0558319
0.0547337
0.0535591
0.0523028
0.0509592
0.0495222
0.0479853
0.0463416
0.0445836
0.0427034
0.0406924
0.0385417
0.0362415
0.0337813
0.0311501
0.028336
0.0253263
0.0221073
0.0186646
0.0149825
0.0110444
0.0068326
0.00232797
0.066989
0.0666838
0.0663573
0.0660082
0.0656348
0.0652355
0.0648083
0.0643515
0.063863
0.0633405
0.0627816
0.0621839
0.0615446
0.060861
0.0601297
0.0593477
0.0585112
0.0576167
0.0566599
0.0556366
0.0545422
0.0533717
0.0521199
0.050781
0.049349
0.0478175
0.0461795
0.0444276
0.042554
0.0405501
0.0384069
0.0361147
0.0336631
0.0310411
0.0282369
0.0252377
0.02203
0.0185993
0.0149301
0.0110058
0.0068087
0.00231983
0.0667467
0.0664426
0.0661173
0.0657695
0.0653974
0.0649995
0.064574
0.0641188
0.063632
0.0631114
0.0625545
0.061959
0.0613221
0.0606408
0.0599123
0.059133
0.0582996
0.0574083
0.056455
0.0554354
0.054345
0.0531787
0.0519314
0.0505973
0.0491705
0.0476445
0.0460125
0.044267
0.0424001
0.0404034
0.038268
0.0359841
0.0335414
0.0309289
0.0281348
0.0251464
0.0219503
0.018532
0.0148761
0.010966
0.00678407
0.00231144
0.0664977
0.0661947
0.0658707
0.0655241
0.0651535
0.0647571
0.0643331
0.0638796
0.0633947
0.062876
0.0623212
0.0617279
0.0610933
0.0604146
0.0596888
0.0589125
0.0580822
0.0571942
0.0562444
0.0552286
0.0541422
0.0529803
0.0517377
0.0504086
0.0489871
0.0474668
0.0458408
0.0441018
0.0422419
0.0402527
0.0381252
0.0358498
0.0334163
0.0308135
0.0280298
0.0250526
0.0218684
0.0184629
0.0148206
0.0109251
0.00675876
0.00230282
0.0662424
0.0659406
0.0656178
0.0652726
0.0649034
0.0645085
0.0640861
0.0636344
0.0631513
0.0626346
0.0620819
0.0614909
0.0608588
0.0601827
0.0594596
0.0586863
0.0578592
0.0569746
0.0560285
0.0550166
0.0539344
0.0527769
0.051539
0.0502151
0.048799
0.0472846
0.0456649
0.0439325
0.0420798
0.0400982
0.0379789
0.0357122
0.033288
0.0306952
0.0279222
0.0249564
0.0217845
0.018392
0.0147637
0.0108831
0.00673282
0.00229397
0.0659812
0.0656806
0.0653591
0.0650152
0.0646474
0.0642541
0.0638334
0.0633834
0.0629022
0.0623876
0.0618371
0.0612484
0.0606188
0.0599454
0.0592251
0.0584549
0.057631
0.0567499
0.0558075
0.0547996
0.0537217
0.0525688
0.0513358
0.050017
0.0486066
0.0470981
0.0454848
0.0437593
0.0419138
0.0399401
0.0378291
0.0355714
0.0331567
0.0305742
0.0278121
0.024858
0.0216986
0.0183195
0.0147055
0.0108402
0.00670626
0.00228493
0.0657145
0.065415
0.0650948
0.0647523
0.0643861
0.0639943
0.0635753
0.0631272
0.0626479
0.0621354
0.0615871
0.0610008
0.0603737
0.059703
0.0589857
0.0582185
0.057398
0.0565205
0.0555819
0.0545781
0.0535045
0.0523563
0.0511282
0.0498148
0.0484101
0.0469077
0.0453009
0.0435824
0.0417444
0.0397786
0.0376762
0.0354276
0.0330227
0.0304506
0.0276997
0.0247575
0.0216108
0.0182454
0.014646
0.0107964
0.00667915
0.00227569
0.0654426
0.0651444
0.0648255
0.0644844
0.0641197
0.0637295
0.0633123
0.062866
0.0623887
0.0618783
0.0613323
0.0607484
0.0601239
0.059456
0.0587417
0.0579777
0.0571605
0.0562866
0.055352
0.0543523
0.0532832
0.0521397
0.0509167
0.0496087
0.0482098
0.0467136
0.0451135
0.0434021
0.0415717
0.039614
0.0375203
0.035281
0.032886
0.0303246
0.0275851
0.0246551
0.0215214
0.0181699
0.0145854
0.0107517
0.00665152
0.00226627
0.0651659
0.064869
0.0645515
0.0642119
0.0638486
0.0634602
0.0630447
0.0626003
0.062125
0.0616167
0.0610731
0.0604916
0.0598698
0.0592047
0.0584934
0.0577326
0.0569189
0.0560487
0.055118
0.0541225
0.0530579
0.0519193
0.0507015
0.049399
0.048006
0.0465162
0.0449228
0.0432186
0.0413959
0.0394466
0.0373617
0.0351319
0.032747
0.0301964
0.0274684
0.0245509
0.0214304
0.0180931
0.0145238
0.0107063
0.0066234
0.00225669
0.064885
0.0645893
0.0642732
0.063935
0.0635733
0.0631865
0.0627728
0.0623304
0.0618571
0.061351
0.0608097
0.0602308
0.0596116
0.0589494
0.0582411
0.0574837
0.0566735
0.055807
0.0548803
0.0538892
0.0528291
0.0516954
0.0504829
0.049186
0.047799
0.0463156
0.0447291
0.0430322
0.0412174
0.0392765
0.0372006
0.0349804
0.0326058
0.0300662
0.02735
0.024445
0.021338
0.0180151
0.0144611
0.0106601
0.00659484
0.00224696
0.0646
0.0643057
0.0639909
0.0636542
0.0632941
0.062909
0.0624971
0.0620566
0.0615855
0.0610816
0.0605427
0.0599663
0.0593498
0.0586905
0.0579854
0.0572312
0.0564246
0.0555619
0.0546393
0.0536525
0.0525971
0.0514684
0.0502611
0.04897
0.0475891
0.0461122
0.0445326
0.0428432
0.0410364
0.039104
0.0370372
0.0348267
0.0324626
0.0299341
0.0272299
0.0243376
0.0212443
0.017936
0.0143976
0.0106133
0.00656588
0.00223709
0.0643114
0.0640184
0.063705
0.0633698
0.0630114
0.062628
0.0622179
0.0617794
0.0613104
0.0608087
0.0602722
0.0596984
0.0590847
0.0584283
0.0577263
0.0569755
0.0561725
0.0553137
0.0543952
0.0534128
0.0523622
0.0512385
0.0500366
0.0487513
0.0473765
0.0459062
0.0443337
0.0426519
0.0408531
0.0389293
0.0368718
0.0346712
0.0323176
0.0298004
0.0271083
0.0242289
0.0211494
0.0178558
0.0143333
0.0105659
0.00653655
0.0022271
0.0640196
0.0637279
0.063416
0.0630823
0.0627255
0.0623438
0.0619356
0.0614991
0.0610322
0.0605328
0.0599987
0.0594275
0.0588166
0.0581632
0.0574644
0.056717
0.0559177
0.0550627
0.0541484
0.0531705
0.0521246
0.051006
0.0498096
0.04853
0.0471616
0.0456979
0.0441325
0.0424583
0.0406677
0.0387527
0.0367044
0.0345139
0.032171
0.0296652
0.0269853
0.024119
0.0210535
0.0177748
0.0142683
0.0105179
0.00650689
0.00221699
0.0637249
0.0634346
0.0631241
0.062792
0.0624368
0.0620569
0.0616506
0.061216
0.0607513
0.0602542
0.0597226
0.059154
0.0585459
0.0578955
0.0571999
0.056456
0.0556603
0.0548093
0.0538992
0.0529257
0.0518847
0.0507712
0.0495803
0.0483067
0.0469445
0.0454876
0.0439294
0.0422629
0.0404805
0.0385743
0.0365355
0.034355
0.0320229
0.0295287
0.026861
0.024008
0.0209566
0.017693
0.0142026
0.0104695
0.00647694
0.00220679
0.0634278
0.0631388
0.0628297
0.0624991
0.0621456
0.0617675
0.0613631
0.0609305
0.060468
0.0599732
0.0594441
0.0588781
0.0582729
0.0576255
0.0569332
0.0561927
0.0554007
0.0545537
0.0536478
0.0526789
0.0516427
0.0505344
0.0493491
0.0480814
0.0467256
0.0452755
0.0437245
0.0420658
0.0402918
0.0383944
0.0363651
0.0341948
0.0318736
0.029391
0.0267358
0.023896
0.0208588
0.0176105
0.0141364
0.0104207
0.00644673
0.0021965
0.0631284
0.0628408
0.0625332
0.0622042
0.0618523
0.061476
0.0610735
0.060643
0.0601826
0.0596902
0.0591635
0.0586003
0.0579979
0.0573536
0.0566645
0.0559275
0.0551393
0.0542963
0.0533946
0.0524303
0.051399
0.050296
0.0491162
0.0478545
0.0465051
0.0450618
0.0435182
0.0418673
0.0401016
0.0382132
0.0361935
0.0340334
0.0317231
0.0292523
0.0266096
0.0237832
0.0207604
0.0175274
0.0140697
0.0103715
0.00641631
0.00218613
0.0628273
0.0625411
0.0622349
0.0619075
0.0615573
0.0611828
0.0607822
0.0603538
0.0598955
0.0594055
0.0588813
0.0583208
0.0577212
0.05708
0.0563942
0.0556607
0.0548763
0.0540373
0.05314
0.0521803
0.0511538
0.0500561
0.048882
0.0476262
0.0462832
0.0448469
0.0433106
0.0416676
0.0399104
0.0380309
0.0360209
0.0338711
0.0315718
0.0291127
0.0264827
0.0236698
0.0206614
0.0174438
0.0140025
0.0103221
0.0063857
0.0021757
0.0625248
0.0622399
0.0619352
0.0616094
0.0612608
0.0608881
0.0604895
0.0600631
0.0596071
0.0591194
0.0585978
0.0580399
0.0574433
0.0568051
0.0561226
0.0553927
0.054612
0.053777
0.052884
0.051929
0.0509075
0.049815
0.0486465
0.0473969
0.0460603
0.0446309
0.043102
0.0414669
0.0397182
0.0378478
0.0358474
0.033708
0.0314198
0.0289725
0.0263551
0.0235558
0.0205619
0.0173598
0.0139351
0.0102723
0.00635495
0.00216522
0.0622211
0.0619376
0.0616344
0.0613101
0.0609633
0.0605924
0.0601957
0.0597714
0.0593176
0.0588322
0.0583132
0.057758
0.0571642
0.0565292
0.05585
0.0551236
0.0543467
0.0535158
0.0526272
0.0516767
0.0506602
0.049573
0.0484103
0.0471667
0.0458366
0.0444141
0.0428927
0.0412655
0.0395252
0.037664
0.0356733
0.0335442
0.0312672
0.0288318
0.0262271
0.0234414
0.020462
0.0172755
0.0138674
0.0102224
0.00632408
0.00215471
0.0619166
0.0616345
0.0613328
0.0610101
0.060665
0.0602959
0.0599011
0.0594789
0.0590273
0.0585443
0.0580278
0.0574754
0.0568845
0.0562526
0.0555767
0.0548539
0.0540808
0.053254
0.0523696
0.0514239
0.0504123
0.0493304
0.0481734
0.0469359
0.0456123
0.0441968
0.0426828
0.0410636
0.0393318
0.0374797
0.0354987
0.0333801
0.0311142
0.0286907
0.0260988
0.0233267
0.0203619
0.0171909
0.0137996
0.0101724
0.00629314
0.00214416
0.0616117
0.0613309
0.0610307
0.0607096
0.0603662
0.0599989
0.0596061
0.0591859
0.0587366
0.058256
0.057742
0.0571923
0.0566044
0.0559755
0.055303
0.0545837
0.0538144
0.0529917
0.0521117
0.0511706
0.050164
0.0490875
0.0479361
0.0467047
0.0453877
0.0439791
0.0424726
0.0408614
0.0391381
0.0372951
0.0353239
0.0332157
0.0309609
0.0285494
0.0259703
0.0232118
0.0202616
0.0171063
0.0137316
0.0101223
0.00626214
0.0021336
0.0613066
0.0610272
0.0607285
0.060409
0.0600673
0.0597018
0.0593109
0.0588929
0.0584457
0.0579675
0.0574561
0.0569091
0.0563241
0.0556984
0.0550292
0.0543134
0.053548
0.0527293
0.0518537
0.0509172
0.0499156
0.0488444
0.0476987
0.0464734
0.0451629
0.0437613
0.0422623
0.040659
0.0389443
0.0371104
0.035149
0.0330512
0.0308076
0.028408
0.0258417
0.0230969
0.0201613
0.0170216
0.0136636
0.0100722
0.00623113
0.00212304
0.0610016
0.0607237
0.0604264
0.0601085
0.0597685
0.0594048
0.0590159
0.0585999
0.058155
0.0576792
0.0571703
0.056626
0.0560439
0.0554213
0.0547554
0.0540433
0.0532816
0.052467
0.0515958
0.0506639
0.0496673
0.0486015
0.0474615
0.0462423
0.0449383
0.0435436
0.0420521
0.0404568
0.0387506
0.0369258
0.0349741
0.0328868
0.0306544
0.0282667
0.0257131
0.022982
0.020061
0.0169369
0.0135956
0.0100221
0.00620014
0.00211248
0.0606971
0.0604206
0.0601248
0.0598085
0.0594702
0.0591083
0.0587213
0.0583074
0.0578648
0.0573913
0.0568849
0.0563434
0.0557642
0.0551447
0.0544821
0.0537735
0.0530157
0.0522051
0.0513382
0.0504111
0.0494194
0.0483589
0.0472246
0.0460115
0.044714
0.0433263
0.0418422
0.0402548
0.0385572
0.0367415
0.0347996
0.0327227
0.0305014
0.0281257
0.0255848
0.0228673
0.0199608
0.0168524
0.0135278
0.00997208
0.00616919
0.00210193
0.0603934
0.0601182
0.059824
0.0595092
0.0591726
0.0588125
0.0584275
0.0580157
0.0575752
0.0571041
0.0566003
0.0560614
0.0554851
0.0548687
0.0542095
0.0535045
0.0527504
0.0519439
0.0510813
0.0501588
0.0491721
0.0481169
0.0469883
0.0457812
0.0444902
0.0431095
0.0416328
0.0400534
0.0383642
0.0365576
0.0346254
0.0325589
0.0303487
0.0279849
0.0254568
0.0227528
0.019861
0.016768
0.0134601
0.00992218
0.00613832
0.00209141
0.0600907
0.0598169
0.0595241
0.0592109
0.058876
0.0585178
0.0581346
0.0577249
0.0572866
0.0568179
0.0563166
0.0557804
0.055207
0.0545937
0.0539378
0.0532363
0.052486
0.0516835
0.0508253
0.0499074
0.0489257
0.0478757
0.0467528
0.0455517
0.0442672
0.0428934
0.0414241
0.0398527
0.0381719
0.0363744
0.0344519
0.0323957
0.0301966
0.0278446
0.0253292
0.0226388
0.0197614
0.016684
0.0133926
0.00987245
0.00610755
0.00208093
0.0597893
0.0595169
0.0592256
0.058914
0.0585807
0.0582243
0.0578431
0.0574353
0.0569993
0.0565329
0.0560341
0.0555007
0.0549301
0.0543199
0.0536673
0.0529693
0.0522227
0.0514243
0.0505704
0.0496571
0.0486803
0.0476356
0.0465183
0.0453233
0.0440452
0.0426783
0.0412163
0.0396528
0.0379805
0.036192
0.0342791
0.0322332
0.0300452
0.027705
0.0252021
0.0225253
0.0196623
0.0166003
0.0133254
0.00982293
0.00607692
0.00207049
0.0594895
0.0592185
0.0589286
0.0586185
0.0582869
0.0579323
0.057553
0.0571473
0.0567135
0.0562494
0.0557532
0.0552224
0.0546547
0.0540475
0.0533982
0.0527037
0.0519609
0.0511664
0.0503168
0.0494081
0.0484362
0.0473967
0.046285
0.045096
0.0438243
0.0424643
0.0410097
0.0394539
0.03779
0.0360105
0.0341072
0.0320716
0.0298945
0.0275661
0.0250757
0.0224123
0.0195637
0.0165171
0.0132586
0.00977367
0.00604645
0.00206011
0.0591915
0.0589218
0.0586334
0.0583249
0.057995
0.0576421
0.0572647
0.0568611
0.0564294
0.0559677
0.0554739
0.0549458
0.0543809
0.0537768
0.0531307
0.0524397
0.0517006
0.0509102
0.0500648
0.0491606
0.0481936
0.0471593
0.0460532
0.0448701
0.0436048
0.0422516
0.0408043
0.0392563
0.0376008
0.0358301
0.0339364
0.031911
0.0297448
0.027428
0.0249501
0.0223
0.0194657
0.0164343
0.0131922
0.00972472
0.00601616
0.00204979
0.0588956
0.0586273
0.0583403
0.0580334
0.0577051
0.057354
0.0569785
0.0565769
0.0561473
0.0556879
0.0551966
0.0546711
0.0541091
0.053508
0.0528651
0.0521775
0.0514422
0.0506557
0.0498145
0.0489148
0.0479527
0.0469236
0.045823
0.0446458
0.0433869
0.0420404
0.0406003
0.0390601
0.0374128
0.035651
0.0337667
0.0317515
0.0295961
0.0272909
0.0248254
0.0221886
0.0193684
0.0163522
0.0131263
0.0096761
0.00598609
0.00203955
0.0586021
0.0583351
0.0580495
0.0577441
0.0574175
0.0570681
0.0566945
0.0562949
0.0558675
0.0554104
0.0549215
0.0543986
0.0538394
0.0532413
0.0526016
0.0519175
0.0511858
0.0504032
0.0495662
0.048671
0.0477136
0.0466897
0.0455946
0.0444233
0.0431706
0.0418308
0.0403979
0.0388654
0.0372263
0.0354733
0.0335984
0.0315932
0.0294486
0.0271549
0.0247017
0.022078
0.0192719
0.0162707
0.0130608
0.00962788
0.00595625
0.00202938
0.0583111
0.0580454
0.0577613
0.0574574
0.0571324
0.0567847
0.056413
0.0560153
0.0555901
0.0551352
0.0546488
0.0541285
0.053572
0.0529769
0.0523404
0.0516597
0.0509316
0.0501529
0.0493201
0.0484294
0.0474767
0.0464579
0.0453682
0.0442027
0.0429562
0.0416231
0.0401973
0.0386724
0.0370415
0.0352972
0.0334316
0.0314363
0.0293023
0.02702
0.024579
0.0219683
0.0191762
0.0161899
0.012996
0.00958007
0.00592668
0.0020193
0.0580229
0.0577585
0.0574758
0.0571734
0.05685
0.0565041
0.0561341
0.0557385
0.0553153
0.0548627
0.0543787
0.053861
0.0533073
0.0527151
0.0520817
0.0514043
0.0506799
0.049905
0.0490763
0.04819
0.0472421
0.0462282
0.0451439
0.0439842
0.0427439
0.0414174
0.0399986
0.0384813
0.0368584
0.0351227
0.0332663
0.0312809
0.0291575
0.0268865
0.0244575
0.0218598
0.0190814
0.0161099
0.0129318
0.00953272
0.00589738
0.00200932
0.0577377
0.0574746
0.0571933
0.0568924
0.0565706
0.0562264
0.0558582
0.0554645
0.0550434
0.0545931
0.0541114
0.0535962
0.0530453
0.052456
0.0518257
0.0511517
0.0504308
0.0496597
0.0488351
0.0479531
0.0470099
0.046001
0.044922
0.0437681
0.0425338
0.0412138
0.039802
0.0382921
0.0366772
0.0349501
0.0331028
0.0311272
0.0290142
0.0267543
0.0243373
0.0217523
0.0189876
0.0160307
0.0128682
0.00948587
0.0058684
0.00199945
0.0574557
0.057194
0.056914
0.0566146
0.0562943
0.0559518
0.0555854
0.0551937
0.0547746
0.0543265
0.0538471
0.0533345
0.0527862
0.0521998
0.0515726
0.0509019
0.0501845
0.0494172
0.0485966
0.047719
0.0467803
0.0457764
0.0447027
0.0435543
0.0423261
0.0410126
0.0396077
0.0381051
0.0364981
0.0347794
0.0329412
0.0309752
0.0288725
0.0266237
0.0242185
0.0216461
0.0188949
0.0159524
0.0128054
0.00943954
0.00583974
0.00198968
0.0571772
0.0569167
0.0566381
0.0563401
0.0560214
0.0556805
0.055316
0.0549261
0.0545091
0.0540631
0.0535861
0.0530759
0.0525303
0.0519467
0.0513226
0.0506551
0.0499412
0.0491777
0.048361
0.0474876
0.0465535
0.0455545
0.044486
0.0433432
0.0421209
0.0408137
0.0394157
0.0379204
0.0363212
0.0346108
0.0327815
0.030825
0.0287325
0.0264946
0.0241011
0.0215412
0.0188033
0.0158751
0.0127433
0.00939378
0.00581143
0.00198004
0.0569023
0.056643
0.0563657
0.0560692
0.055752
0.0554128
0.05505
0.054662
0.054247
0.0538031
0.0533284
0.0528207
0.0522777
0.051697
0.0510758
0.0504115
0.0497011
0.0489412
0.0481285
0.0472593
0.0463297
0.0453354
0.0442721
0.0431348
0.0419184
0.0406175
0.0392261
0.0377381
0.0361465
0.0344444
0.0326239
0.0306768
0.0285944
0.0263672
0.0239852
0.0214376
0.0187129
0.0157987
0.012682
0.00934861
0.00578349
0.00197052
0.0566312
0.0563731
0.0560972
0.055802
0.0554864
0.0551488
0.0547877
0.0544015
0.0539885
0.0535468
0.0530743
0.052569
0.0520286
0.0514506
0.0508325
0.0501713
0.0494642
0.048708
0.0478992
0.0470341
0.0461089
0.0451194
0.0440611
0.0429292
0.0417187
0.040424
0.0390392
0.0375582
0.0359743
0.0342802
0.0324684
0.0305306
0.0284581
0.0262416
0.0238709
0.0213354
0.0186237
0.0157234
0.0126216
0.00930407
0.00575593
0.00196113
0.056364
0.0561072
0.0558325
0.0555388
0.0552246
0.0548886
0.0545292
0.0541449
0.0537338
0.0532942
0.052824
0.0523211
0.0517832
0.0512079
0.0505927
0.0499347
0.0492309
0.0484782
0.0476732
0.0468122
0.0458914
0.0449066
0.0438533
0.0427267
0.0415219
0.0402333
0.0388551
0.0373811
0.0358046
0.0341185
0.0323153
0.0303866
0.0283239
0.0261178
0.0237583
0.0212348
0.0185358
0.0156493
0.012562
0.00926018
0.00572878
0.00195188
0.056101
0.0558454
0.055572
0.0552796
0.0549669
0.0546325
0.0542748
0.0538922
0.0534831
0.0530455
0.0525775
0.0520769
0.0515416
0.050969
0.0503566
0.0497017
0.0490012
0.048252
0.0474508
0.0465938
0.0456773
0.044697
0.0436486
0.0425273
0.0413281
0.0400455
0.0386738
0.0372066
0.0356375
0.0339593
0.0321645
0.0302448
0.0281917
0.0259959
0.0236474
0.0211357
0.0184494
0.0155763
0.0125034
0.00921697
0.00570205
0.00194277
0.0558423
0.0555879
0.0553158
0.0550247
0.0547135
0.0543806
0.0540245
0.0536437
0.0532365
0.0528009
0.052335
0.0518368
0.0513039
0.050734
0.0501244
0.0494725
0.0487752
0.0480295
0.047232
0.0463789
0.0454666
0.0444909
0.0434473
0.0423312
0.0411375
0.0398609
0.0384954
0.0370351
0.0354732
0.0338027
0.0320161
0.0301054
0.0280617
0.025876
0.0235384
0.0210382
0.0183643
0.0155044
0.0124458
0.00917447
0.00567575
0.00193381
0.0555881
0.0553348
0.0550639
0.0547742
0.0544644
0.054133
0.0537786
0.0533995
0.0529941
0.0525605
0.0520967
0.0516008
0.0510703
0.050503
0.0498962
0.0492472
0.0485532
0.0478108
0.0470169
0.0461678
0.0452596
0.0442884
0.0432495
0.0421385
0.0409503
0.0396794
0.0383202
0.0368665
0.0353117
0.0336488
0.0318704
0.0299683
0.027934
0.0257582
0.0234312
0.0209425
0.0182807
0.0154338
0.0123891
0.0091327
0.00564991
0.00192501
0.0553384
0.0550863
0.0548166
0.0545282
0.0542198
0.0538899
0.053537
0.0531597
0.0527561
0.0523244
0.0518628
0.051369
0.050841
0.0502762
0.0496721
0.0490261
0.0483351
0.0475961
0.0468058
0.0459605
0.0450564
0.0440895
0.0430553
0.0419493
0.0407664
0.0395012
0.0381481
0.0367009
0.0351531
0.0334977
0.0317273
0.0298337
0.0278085
0.0256425
0.023326
0.0208484
0.0181986
0.0153645
0.0123335
0.00909168
0.00562454
0.00191636
0.0550935
0.0548425
0.054574
0.0542869
0.0539798
0.0536514
0.0533001
0.0529244
0.0525226
0.0520929
0.0516333
0.0511417
0.050616
0.0500537
0.0494523
0.0488091
0.0481212
0.0473855
0.0465986
0.0457571
0.044857
0.0438943
0.0428648
0.0417636
0.0405859
0.0393264
0.0379793
0.0365385
0.0349975
0.0333495
0.0315868
0.0297017
0.0276855
0.0255291
0.0232228
0.0207561
0.018118
0.0152965
0.0122789
0.00905145
0.00559965
0.00190788
0.0548535
0.0546036
0.0543363
0.0540504
0.0537446
0.0534176
0.0530679
0.0526939
0.0522938
0.0518659
0.0514083
0.0509189
0.0503954
0.0498356
0.0492368
0.0485965
0.0479116
0.047179
0.0463956
0.0455577
0.0446616
0.0437031
0.042678
0.0415817
0.0404091
0.039155
0.0378138
0.0363793
0.0348451
0.0332042
0.0314492
0.0295723
0.0275648
0.0254178
0.0231216
0.0206657
0.0180391
0.0152299
0.0122254
0.00901201
0.00557525
0.00189957
0.0546184
0.0543696
0.0541034
0.0538188
0.0535144
0.0531888
0.0528405
0.0524681
0.0520697
0.0516437
0.051188
0.0507007
0.0501795
0.0496221
0.0490259
0.0483882
0.0477063
0.0469769
0.0461968
0.0453625
0.0444702
0.0435158
0.0424951
0.0414035
0.040236
0.0389873
0.0376518
0.0362234
0.0346958
0.0330619
0.0313145
0.0294456
0.0274467
0.0253089
0.0230225
0.0205772
0.0179618
0.0151646
0.012173
0.0089734
0.00555136
0.00189143
0.0543885
0.0541407
0.0538757
0.0535922
0.0532891
0.0529648
0.0526181
0.0522472
0.0518505
0.0514263
0.0509725
0.0504873
0.0499682
0.0494132
0.0488195
0.0481845
0.0475054
0.0467791
0.0460023
0.0451715
0.044283
0.0433326
0.0423162
0.0412292
0.0400666
0.0388231
0.0374932
0.0360709
0.0345497
0.0329227
0.0311826
0.0293216
0.0273312
0.0252024
0.0229256
0.0204905
0.0178862
0.0151008
0.0121218
0.00893562
0.00552799
0.00188347
0.0541638
0.053917
0.0536531
0.0533708
0.0530689
0.052746
0.0524006
0.0520313
0.0516363
0.0512138
0.0507619
0.0502786
0.0497618
0.049209
0.0486177
0.0479854
0.0473091
0.0465858
0.0458122
0.0449849
0.0441
0.0431536
0.0421414
0.0410588
0.039901
0.0386627
0.0373383
0.0359219
0.0344069
0.0327867
0.0310538
0.0292004
0.0272182
0.0250982
0.0228309
0.0204059
0.0178123
0.0150384
0.0120717
0.0088987
0.00550515
0.00187569
0.0539443
0.0536986
0.0534357
0.0531546
0.0528539
0.0525323
0.0521884
0.0518205
0.0514271
0.0510063
0.0505563
0.050075
0.0495602
0.0490096
0.0484208
0.047791
0.0471175
0.0463971
0.0456266
0.0448026
0.0439213
0.0429788
0.0419707
0.0408925
0.0397394
0.0385061
0.0371871
0.0357763
0.0342675
0.0326539
0.030928
0.0290821
0.027108
0.0249966
0.0227384
0.0203232
0.0177401
0.0149775
0.0120228
0.00886265
0.00548285
0.00186809
0.0537303
0.0534855
0.0532237
0.0529437
0.0526442
0.0523239
0.0519813
0.0516149
0.051223
0.0508039
0.0503557
0.0498763
0.0493636
0.0488152
0.0482287
0.0476014
0.0469305
0.046213
0.0454456
0.0446249
0.0437471
0.0428082
0.0418042
0.0407303
0.0395817
0.0383533
0.0370395
0.0356344
0.0341316
0.0325243
0.0308053
0.0289668
0.0270004
0.0248974
0.0226482
0.0202426
0.0176697
0.014918
0.0119751
0.00882749
0.0054611
0.00186068
0.0535218
0.0532779
0.0530171
0.0527382
0.0524398
0.0521208
0.0517795
0.0514146
0.0510242
0.0506067
0.0501602
0.0496827
0.049172
0.0486257
0.0480415
0.0474166
0.0467484
0.0460336
0.0452692
0.0444517
0.0435773
0.0426421
0.0416419
0.0405722
0.0394281
0.0382044
0.0368958
0.0354961
0.0339991
0.0323981
0.0306857
0.0288543
0.0268956
0.0248008
0.0225603
0.020164
0.0176012
0.0148601
0.0119286
0.00879322
0.0054399
0.00185346
0.0533188
0.0530759
0.052816
0.0525382
0.052241
0.0519231
0.0515832
0.0512196
0.0508307
0.0504148
0.04997
0.0494943
0.0489855
0.0484413
0.0478593
0.0472368
0.0465711
0.0458591
0.0450975
0.0442831
0.043412
0.0424804
0.041484
0.0404183
0.0392785
0.0380596
0.0367558
0.0353615
0.0338702
0.0322752
0.0305693
0.0287449
0.0267936
0.0247067
0.0224747
0.0200875
0.0175344
0.0148038
0.0118833
0.00875988
0.00541927
0.00184643
0.0531214
0.0528794
0.0526205
0.0523437
0.0520476
0.0517309
0.0513922
0.05103
0.0506426
0.0502282
0.049785
0.0493111
0.0488041
0.048262
0.0476821
0.047062
0.0463987
0.0456893
0.0449306
0.0441192
0.0432513
0.0423231
0.0413304
0.0402687
0.0391332
0.0379187
0.0366198
0.0352306
0.0337448
0.0321557
0.0304562
0.0286385
0.0266944
0.0246152
0.0223915
0.0200132
0.0174695
0.014749
0.0118394
0.00872745
0.00539921
0.00183959
0.0529298
0.0526886
0.0524307
0.0521548
0.0518598
0.0515443
0.0512068
0.0508459
0.0504598
0.050047
0.0496054
0.0491332
0.0486281
0.0480879
0.0475101
0.0468922
0.0462313
0.0455245
0.0447685
0.04396
0.0430953
0.0421704
0.0411813
0.0401234
0.038992
0.0377819
0.0364877
0.0351035
0.033623
0.0320397
0.0303463
0.0285352
0.0265981
0.0245264
0.0223107
0.019941
0.0174065
0.0146958
0.0117966
0.00869596
0.00537973
0.00183296
0.0527439
0.0525036
0.0522465
0.0519717
0.0516777
0.0513632
0.0510269
0.0506673
0.0502826
0.0498712
0.0494312
0.0489606
0.0484573
0.047919
0.0473432
0.0467275
0.0460689
0.0453646
0.0446113
0.0438056
0.0429439
0.0420223
0.0410367
0.0399825
0.038855
0.0376492
0.0363595
0.0349802
0.0335049
0.0319272
0.0302397
0.0284349
0.0265047
0.0244403
0.0222324
0.0198709
0.0173453
0.0146442
0.0117552
0.00866542
0.00536084
0.00182652
0.0525638
0.0523243
0.0520681
0.0517942
0.0515012
0.0511878
0.0508527
0.0504943
0.0501109
0.0497009
0.0492624
0.0487934
0.0482918
0.0477553
0.0471816
0.0465679
0.0459116
0.0452097
0.0444589
0.043656
0.0427973
0.0418788
0.0408965
0.0398459
0.0387223
0.0375206
0.0362353
0.0348607
0.0333905
0.0318181
0.0301365
0.0283378
0.0264142
0.0243568
0.0221564
0.0198031
0.0172861
0.0145942
0.0117151
0.00863583
0.00534253
0.00182028
0.0523895
0.0521508
0.0518955
0.0516225
0.0513305
0.0510181
0.0506841
0.0503269
0.0499448
0.0495361
0.0490991
0.0486316
0.0481317
0.047597
0.0470251
0.0464135
0.0457594
0.0450598
0.0443115
0.0435113
0.0426554
0.04174
0.0407609
0.0397138
0.038594
0.0373962
0.0361152
0.0347451
0.0332798
0.0317127
0.0300365
0.0282439
0.0263266
0.0242761
0.022083
0.0197374
0.0172288
0.0145458
0.0116762
0.0086072
0.00532482
0.00181425
0.0522211
0.0519832
0.0517287
0.0514566
0.0511655
0.0508542
0.0505212
0.0501651
0.0497843
0.0493769
0.0489413
0.0484753
0.047977
0.047444
0.046874
0.0462644
0.0456123
0.044915
0.0441691
0.0433714
0.0425183
0.0416058
0.0406299
0.0395862
0.0384699
0.037276
0.0359991
0.0346335
0.0331729
0.0316107
0.02994
0.0281531
0.026242
0.0241981
0.022012
0.019674
0.0171734
0.014499
0.0116387
0.00857954
0.00530771
0.00180842
0.0520587
0.0518215
0.0515678
0.0512965
0.0510063
0.050696
0.0503641
0.0500091
0.0496294
0.0492233
0.048789
0.0483245
0.0478278
0.0472965
0.0467282
0.0461204
0.0454704
0.0447752
0.0440317
0.0432365
0.042386
0.0414764
0.0405036
0.0394631
0.0383503
0.0371601
0.0358872
0.0345257
0.0330697
0.0315124
0.0298469
0.0280656
0.0261604
0.0241228
0.0219435
0.0196128
0.01712
0.0144539
0.0116025
0.00855285
0.0052912
0.00180279
0.0519022
0.0516657
0.0514128
0.0511423
0.050853
0.0505436
0.0502127
0.0498587
0.0494802
0.0490753
0.0486424
0.0481793
0.047684
0.0471543
0.0465877
0.0459818
0.0453337
0.0446406
0.0438994
0.0431065
0.0422586
0.0413517
0.0403818
0.0393444
0.038235
0.0370484
0.0357793
0.0344219
0.0329703
0.0314177
0.0297571
0.0279812
0.0260817
0.0240503
0.0218776
0.0195538
0.0170685
0.0144105
0.0115676
0.00852714
0.00527529
0.00179737
0.0517516
0.0515158
0.0512637
0.050994
0.0507055
0.050397
0.050067
0.0497141
0.0493367
0.048933
0.0485013
0.0480395
0.0475457
0.0470175
0.0464526
0.0458484
0.0452023
0.0445112
0.043772
0.0429815
0.042136
0.0412318
0.0402647
0.0392303
0.0381241
0.0369409
0.0356755
0.0343221
0.0328746
0.0313266
0.0296708
0.0279
0.0260061
0.0239805
0.0218141
0.0194971
0.017019
0.0143687
0.0115341
0.00850241
0.00525999
0.00179216
0.0516071
0.051372
0.0511205
0.0508515
0.0505639
0.0502562
0.0499272
0.0495753
0.0491989
0.0487963
0.0483658
0.0479053
0.0474129
0.0468862
0.0463228
0.0457204
0.045076
0.0443868
0.0436498
0.0428615
0.0420183
0.0411166
0.0401522
0.0391207
0.0380176
0.0368377
0.0355758
0.0342262
0.0327828
0.0312391
0.029588
0.0278221
0.0259335
0.0239135
0.0217532
0.0194426
0.0169715
0.0143285
0.0115019
0.00847866
0.0052453
0.00178716
0.0514685
0.051234
0.0509832
0.050715
0.0504281
0.0501213
0.0497931
0.0494422
0.0490668
0.0486653
0.0482359
0.0477767
0.0472856
0.0467603
0.0461985
0.0455976
0.044955
0.0442677
0.0435326
0.0427464
0.0419055
0.0410062
0.0400444
0.0390157
0.0379155
0.0367388
0.0354803
0.0341343
0.0326948
0.0311552
0.0295085
0.0277474
0.0258638
0.0238493
0.0216948
0.0193904
0.0169259
0.0142901
0.011471
0.0084559
0.00523121
0.00178236
0.051336
0.0511021
0.0508519
0.0505844
0.0502982
0.0499922
0.0496649
0.0493148
0.0489404
0.04854
0.0481117
0.0476537
0.0471638
0.0466399
0.0460795
0.0454802
0.0448392
0.0441536
0.0434204
0.0426363
0.0417976
0.0409006
0.0399413
0.0389152
0.0378178
0.0366442
0.0353889
0.0340464
0.0326106
0.0310749
0.0294325
0.0276759
0.0257972
0.0237879
0.0216389
0.0193405
0.0168823
0.0142533
0.0114414
0.00843412
0.00521774
0.00177777
0.0512094
0.0509761
0.0507266
0.0504597
0.0501742
0.0498689
0.0495424
0.0491932
0.0488198
0.0484203
0.0479931
0.0475362
0.0470475
0.0465249
0.0459659
0.0453681
0.0447286
0.0440448
0.0433134
0.0425312
0.0416946
0.0407998
0.0398428
0.0388193
0.0377246
0.0365539
0.0353017
0.0339625
0.0325302
0.0309983
0.02936
0.0276077
0.0257336
0.0237293
0.0215856
0.0192928
0.0168407
0.0142181
0.0114132
0.00841332
0.00520488
0.00177339
0.0510888
0.0508561
0.0506071
0.0503409
0.0500561
0.0497515
0.0494258
0.0490774
0.0487048
0.0483063
0.0478801
0.0474243
0.0469368
0.0464153
0.0458577
0.0452612
0.0446233
0.0439411
0.0432114
0.042431
0.0415964
0.0407037
0.039749
0.0387279
0.0376358
0.0364678
0.0352186
0.0338825
0.0324536
0.0309253
0.0292908
0.0275427
0.025673
0.0236734
0.0215347
0.0192474
0.0168011
0.0141847
0.0113864
0.00839352
0.00519263
0.00176921
0.0509743
0.050742
0.0504936
0.050228
0.0499438
0.04964
0.049315
0.0489674
0.0485956
0.048198
0.0477727
0.0473179
0.0468315
0.0463112
0.0457548
0.0451597
0.0445233
0.0438426
0.0431145
0.0423359
0.0415031
0.0406124
0.0396598
0.038641
0.0375514
0.036386
0.0351396
0.0338066
0.0323808
0.030856
0.0292251
0.0274809
0.0256155
0.0236203
0.0214864
0.0192042
0.0167634
0.0141528
0.0113608
0.00837469
0.00518098
0.00176524
0.0508657
0.0506339
0.0503861
0.050121
0.0498374
0.0495342
0.0492099
0.048863
0.0484921
0.0480953
0.047671
0.0472171
0.0467317
0.0462126
0.0456573
0.0450635
0.0444284
0.0437491
0.0430227
0.0422457
0.0414147
0.0405259
0.0395753
0.0385587
0.0374714
0.0363085
0.0350647
0.0337345
0.0323118
0.0307903
0.0291629
0.0274224
0.0255609
0.02357
0.0214407
0.0191633
0.0167277
0.0141227
0.0113366
0.00835685
0.00516994
0.00176148
0.050763
0.0505317
0.0502844
0.0500198
0.0497369
0.0494342
0.0491106
0.0487644
0.0483942
0.0479982
0.0475748
0.0471218
0.0466374
0.0461193
0.0455652
0.0449726
0.0443388
0.0436609
0.0429358
0.0421604
0.0413311
0.0404441
0.0394955
0.0384809
0.0373958
0.0362352
0.034994
0.0336665
0.0322466
0.0307281
0.029104
0.027367
0.0255093
0.0235224
0.0213974
0.0191247
0.0166939
0.0140942
0.0113137
0.00833999
0.00515951
0.00175793
0.0506663
0.0504355
0.0501886
0.0499245
0.0496421
0.0493401
0.049017
0.0486715
0.048302
0.0479068
0.0474841
0.047032
0.0465486
0.0460315
0.0454784
0.0448869
0.0442543
0.0435777
0.042854
0.0420801
0.0412524
0.0403671
0.0394202
0.0384076
0.0373245
0.0361662
0.0349273
0.0336023
0.0321852
0.0306696
0.0290486
0.0273149
0.0254607
0.0234776
0.0213566
0.0190882
0.0166621
0.0140673
0.0112922
0.0083241
0.00514968
0.00175458
0.0505755
0.0503451
0.0500986
0.049835
0.0495531
0.0492516
0.0489292
0.0485843
0.0482154
0.0478209
0.047399
0.0469478
0.0464651
0.0459489
0.0453969
0.0448064
0.044175
0.0434996
0.0427772
0.0420047
0.0411784
0.0402947
0.0393496
0.0383387
0.0372576
0.0361014
0.0348647
0.0335421
0.0321275
0.0306146
0.0289965
0.0272659
0.0254151
0.0234355
0.0213184
0.019054
0.0166322
0.0140421
0.0112719
0.00830918
0.00514045
0.00175144
0.0504906
0.0502605
0.0500145
0.0497513
0.0494699
0.0491689
0.048847
0.0485027
0.0481345
0.0477406
0.0473194
0.0468689
0.0463871
0.0458718
0.0453207
0.0447312
0.0441008
0.0434265
0.0427054
0.0419341
0.0411093
0.0402271
0.0392835
0.0382744
0.0371951
0.0360407
0.0348062
0.0334858
0.0320736
0.0305632
0.0289478
0.0272202
0.0253724
0.0233962
0.0212826
0.019022
0.0166043
0.0140185
0.011253
0.00829523
0.00513182
0.00174849
0.0504115
0.0501818
0.0499361
0.0496734
0.0493924
0.0490919
0.0487705
0.0484267
0.0480591
0.0476658
0.0472453
0.0467955
0.0463144
0.0457999
0.0452497
0.0446611
0.0440317
0.0433585
0.0426385
0.0418685
0.0410449
0.040164
0.039222
0.0382144
0.0371368
0.0359843
0.0347516
0.0334333
0.0320233
0.0305153
0.0289025
0.0271775
0.0253326
0.0233595
0.0212492
0.0189922
0.0165783
0.0139966
0.0112354
0.00828223
0.00512378
0.00174576
0.0503382
0.0501088
0.0498635
0.0496012
0.0493206
0.0490205
0.0486996
0.0483563
0.0479892
0.0475965
0.0471766
0.0467275
0.0462471
0.0457333
0.0451839
0.0445962
0.0439677
0.0432955
0.0425765
0.0418076
0.0409852
0.0401057
0.0391649
0.0381589
0.0370828
0.035932
0.0347011
0.0333847
0.0319768
0.030471
0.0288605
0.027138
0.0252958
0.0233256
0.0212183
0.0189646
0.0165542
0.0139762
0.0112191
0.00827019
0.00511633
0.00174322
0.0502707
0.0500416
0.0497967
0.0495347
0.0492545
0.0489548
0.0486343
0.0482915
0.0479248
0.0475327
0.0471133
0.0466648
0.0461851
0.045672
0.0451233
0.0445364
0.0439087
0.0432374
0.0425194
0.0417515
0.0409302
0.0400519
0.0391124
0.0381077
0.0370331
0.0358838
0.0346546
0.0333399
0.0319339
0.0304301
0.0288218
0.0271016
0.0252619
0.0232943
0.0211899
0.0189392
0.016532
0.0139575
0.011204
0.0082591
0.00510947
0.00174088
0.0502089
0.0499801
0.0497354
0.0494738
0.0491939
0.0488946
0.0485745
0.0482321
0.0478659
0.0474743
0.0470554
0.0466074
0.0461283
0.0456159
0.0450678
0.0444816
0.0438547
0.0431842
0.0424671
0.0417002
0.0408799
0.0400026
0.0390643
0.0380608
0.0369875
0.0358397
0.034612
0.0332989
0.0318946
0.0303927
0.0287863
0.0270683
0.0252308
0.0232656
0.0211638
0.0189159
0.0165117
0.0139403
0.0111902
0.00824895
0.00510319
0.00173874
0.0501527
0.0499242
0.0496798
0.0494185
0.0491389
0.0488399
0.0485202
0.0481782
0.0478124
0.0474212
0.0470028
0.0465553
0.0460767
0.0455649
0.0450174
0.0444319
0.0438057
0.043136
0.0424197
0.0416536
0.0408342
0.0399579
0.0390207
0.0380183
0.0369462
0.0357996
0.0345733
0.0332617
0.031859
0.0303587
0.0287541
0.027038
0.0252026
0.0232396
0.0211402
0.0188947
0.0164932
0.0139247
0.0111777
0.00823972
0.00509748
0.0017368
0.0501022
0.0498739
0.0496298
0.0493687
0.0490894
0.0487907
0.0484713
0.0481296
0.0477642
0.0473734
0.0469554
0.0465084
0.0460303
0.045519
0.0449721
0.0443872
0.0437616
0.0430925
0.0423769
0.0416116
0.0407931
0.0399176
0.0389814
0.03798
0.036909
0.0357635
0.0345384
0.0332282
0.0318269
0.0303281
0.0287252
0.0270108
0.0251772
0.0232162
0.0211189
0.0188757
0.0164766
0.0139107
0.0111665
0.00823142
0.00509235
0.00173505
0.0500573
0.0498292
0.0495853
0.0493244
0.0490454
0.048747
0.0484278
0.0480865
0.0477214
0.0473309
0.0469133
0.0464667
0.045989
0.0454781
0.0449317
0.0443473
0.0437223
0.0430539
0.0423389
0.0415743
0.0407565
0.0398818
0.0389464
0.0379459
0.0368759
0.0357314
0.0345075
0.0331984
0.0317983
0.0303009
0.0286994
0.0269866
0.0251547
0.0231954
0.0210999
0.0188588
0.0164618
0.0138982
0.0111564
0.00822404
0.00508778
0.00173349
0.0500178
0.0497899
0.0495462
0.0492855
0.0490067
0.0487086
0.0483897
0.0480486
0.0476838
0.0472936
0.0468764
0.0464301
0.0459528
0.0454423
0.0448963
0.0443124
0.0436879
0.0430199
0.0423056
0.0415415
0.0407244
0.0398504
0.0389157
0.037916
0.0368468
0.0357033
0.0344803
0.0331722
0.0317733
0.030277
0.0286768
0.0269653
0.0251348
0.0231771
0.0210833
0.0188439
0.0164489
0.0138873
0.0111477
0.00821756
0.00508377
0.00173213
0.0499838
0.0497561
0.0495125
0.049252
0.0489734
0.0486755
0.0483568
0.0480159
0.0476514
0.0472615
0.0468445
0.0463985
0.0459216
0.0454114
0.0448658
0.0442823
0.0436582
0.0429907
0.0422768
0.0415133
0.0406967
0.0398233
0.0388893
0.0378902
0.0368218
0.035679
0.0344568
0.0331497
0.0317517
0.0302565
0.0286573
0.026947
0.0251178
0.0231614
0.021069
0.0188311
0.0164377
0.0138779
0.0111401
0.00821198
0.00508032
0.00173095
0.0499552
0.0497276
0.0494842
0.0492239
0.0489454
0.0486476
0.0483291
0.0479885
0.0476241
0.0472345
0.0468177
0.046372
0.0458953
0.0453854
0.0448401
0.044257
0.0436332
0.0429661
0.0422526
0.0414895
0.0406734
0.0398006
0.038867
0.0378686
0.0368007
0.0356586
0.0344371
0.0331307
0.0317335
0.0302392
0.0286409
0.0269316
0.0251034
0.0231481
0.0210569
0.0188203
0.0164283
0.0138699
0.0111337
0.00820728
0.00507741
0.00172996
0.049932
0.0497045
0.0494612
0.0492009
0.0489226
0.048625
0.0483066
0.0479661
0.0476019
0.0472125
0.0467959
0.0463504
0.0458739
0.0453643
0.0448193
0.0442363
0.0436129
0.0429461
0.0422329
0.0414702
0.0406545
0.039782
0.0388489
0.0378509
0.0367836
0.035642
0.0344211
0.0331153
0.0317187
0.0302251
0.0286276
0.026919
0.0250917
0.0231373
0.0210471
0.0188116
0.0164206
0.0138635
0.0111285
0.00820346
0.00507505
0.00172915
0.049914
0.0496865
0.0494433
0.0491832
0.048905
0.0486074
0.0482892
0.0479488
0.0475848
0.0471954
0.046779
0.0463337
0.0458574
0.0453479
0.0448031
0.0442204
0.0435971
0.0429306
0.0422177
0.0414553
0.0406398
0.0397677
0.0388349
0.0378373
0.0367703
0.0356292
0.0344087
0.0331034
0.0317073
0.0302142
0.0286172
0.0269093
0.0250826
0.023129
0.0210395
0.0188048
0.0164147
0.0138585
0.0111245
0.0082005
0.00507322
0.00172853
0.0499011
0.0496738
0.0494306
0.0491706
0.0488924
0.0485949
0.0482768
0.0479365
0.0475725
0.0471833
0.046767
0.0463218
0.0458456
0.0453363
0.0447916
0.044209
0.043586
0.0429196
0.0422069
0.0414446
0.0406294
0.0397574
0.0388249
0.0378276
0.0367609
0.03562
0.0343998
0.0330948
0.0316991
0.0302064
0.0286099
0.0269024
0.0250762
0.023123
0.0210341
0.0187999
0.0164105
0.0138549
0.0111216
0.00819839
0.00507191
0.00172809
0.0498934
0.0496661
0.049423
0.049163
0.0488849
0.0485874
0.0482693
0.0479291
0.0475652
0.047176
0.0467598
0.0463146
0.0458385
0.0453293
0.0447847
0.0442022
0.0435792
0.0429129
0.0422003
0.0414382
0.0406231
0.0397513
0.0388189
0.0378217
0.0367552
0.0356145
0.0343945
0.0330897
0.0316942
0.0302017
0.0286055
0.0268982
0.0250723
0.0231195
0.0210309
0.018797
0.0164079
0.0138528
0.0111199
0.00819713
0.00507113
0.00172782
0.0498908
0.0496635
0.0494204
0.0491604
0.0488823
0.0485848
0.0482667
0.0479265
0.0475627
0.0471735
0.0467573
0.0463122
0.0458361
0.0453269
0.0447823
0.0441998
0.0435769
0.0429107
0.0421981
0.041436
0.0406209
0.0397492
0.0388169
0.0378197
0.0367532
0.0356126
0.0343927
0.033088
0.0316926
0.0302001
0.028604
0.0268968
0.025071
0.0231182
0.0210297
0.018796
0.0164071
0.013852
0.0111193
0.00819669
0.00507086
0.00172773
0.0498931
0.0496658
0.0494227
0.0491626
0.0488845
0.0485871
0.048269
0.0479288
0.0475649
0.0471757
0.0467595
0.0463143
0.0458382
0.045329
0.0447844
0.0442019
0.0435789
0.0429127
0.0422001
0.0414379
0.0406228
0.039751
0.0388187
0.0378215
0.0367549
0.0356143
0.0343943
0.0330895
0.031694
0.0302015
0.0286053
0.0268981
0.0250722
0.0231193
0.0210307
0.0187969
0.0164078
0.0138527
0.0111199
0.00819707
0.0050711
0.00172781
0.0499004
0.049673
0.0494299
0.0491698
0.0488917
0.0485942
0.048276
0.0479358
0.0475718
0.0471826
0.0467663
0.0463211
0.0458449
0.0453356
0.0447909
0.0442084
0.0435853
0.0429189
0.0422062
0.041444
0.0406288
0.0397568
0.0388243
0.037827
0.0367603
0.0356195
0.0343993
0.0330944
0.0316987
0.0302059
0.0286095
0.026902
0.0250758
0.0231227
0.0210338
0.0187997
0.0164102
0.0138547
0.0111215
0.00819827
0.00507184
0.00172806
0.0499127
0.0496853
0.0494421
0.0491819
0.0489037
0.0486062
0.0482879
0.0479476
0.0475835
0.0471942
0.0467778
0.0463325
0.0458562
0.0453468
0.0448019
0.0442192
0.043596
0.0429295
0.0422166
0.0414542
0.0406388
0.0397666
0.0388339
0.0378363
0.0367694
0.0356282
0.0344078
0.0331025
0.0317065
0.0302134
0.0286165
0.0269086
0.025082
0.0231284
0.021039
0.0188043
0.0164143
0.0138581
0.0111242
0.00820029
0.00507309
0.00172848
0.0499301
0.0497026
0.0494593
0.0491991
0.0489207
0.0486231
0.0483047
0.0479643
0.0476001
0.0472107
0.0467941
0.0463486
0.0458721
0.0453626
0.0448175
0.0442346
0.0436112
0.0429444
0.0422313
0.0414686
0.0406529
0.0397805
0.0388474
0.0378495
0.0367822
0.0356406
0.0344198
0.033114
0.0317175
0.0302239
0.0286265
0.026918
0.0250907
0.0231364
0.0210463
0.0188108
0.01642
0.0138629
0.0111281
0.00820314
0.00507485
0.00172909
0.0499526
0.049725
0.0494816
0.0492213
0.0489428
0.048645
0.0483265
0.0479859
0.0476216
0.047232
0.0468152
0.0463695
0.0458928
0.045383
0.0448378
0.0442546
0.0436309
0.0429638
0.0422504
0.0414873
0.0406713
0.0397984
0.0388649
0.0378666
0.0367988
0.0356567
0.0344353
0.033129
0.0317318
0.0302375
0.0286394
0.0269301
0.0251021
0.0231469
0.0210558
0.0188193
0.0164274
0.0138692
0.0111331
0.00820684
0.00507714
0.00172987
0.0499803
0.0497526
0.0495091
0.0492486
0.04897
0.048672
0.0483534
0.0480126
0.047648
0.0472582
0.0468412
0.0463953
0.0459183
0.0454082
0.0448627
0.0442792
0.0436551
0.0429877
0.0422738
0.0415104
0.0406938
0.0398205
0.0388865
0.0378876
0.0368192
0.0356765
0.0344544
0.0331474
0.0317494
0.0302543
0.0286553
0.0269451
0.025116
0.0231597
0.0210675
0.0188298
0.0164365
0.0138769
0.0111393
0.0082114
0.00507996
0.00173083
0.0500134
0.0497855
0.0495418
0.0492811
0.0490024
0.0487042
0.0483853
0.0480443
0.0476795
0.0472894
0.0468722
0.0464259
0.0459487
0.0454382
0.0448923
0.0443084
0.043684
0.0430161
0.0423018
0.0415378
0.0407207
0.0398469
0.0389122
0.0379126
0.0368435
0.0357001
0.0344772
0.0331693
0.0317704
0.0302743
0.0286742
0.0269629
0.0251326
0.023175
0.0210814
0.0188422
0.0164474
0.0138861
0.0111467
0.00821683
0.00508332
0.00173197
0.0500517
0.0498237
0.0495798
0.0493189
0.0490399
0.0487416
0.0484224
0.0480811
0.0477161
0.0473257
0.0469081
0.0464615
0.0459839
0.0454731
0.0449267
0.0443424
0.0437175
0.0430491
0.0423342
0.0415697
0.040752
0.0398774
0.0389421
0.0379417
0.0368718
0.0357275
0.0345036
0.0331947
0.0317948
0.0302976
0.0286962
0.0269836
0.0251519
0.0231928
0.0210976
0.0188567
0.01646
0.0138967
0.0111552
0.00822313
0.00508722
0.0017333
0.0500955
0.0498672
0.0496231
0.049362
0.0490828
0.0487842
0.0484648
0.0481232
0.0477578
0.0473671
0.0469491
0.0465022
0.0460241
0.0455128
0.044966
0.0443812
0.0437557
0.0430867
0.0423712
0.041606
0.0407876
0.0399123
0.0389761
0.0379749
0.036904
0.0357587
0.0345338
0.0332237
0.0318226
0.030324
0.0287213
0.0270072
0.0251739
0.0232131
0.021116
0.0188732
0.0164744
0.0139089
0.011165
0.00823032
0.00509166
0.00173481
0.0501447
0.0499162
0.0496719
0.0494105
0.049131
0.0488321
0.0485124
0.0481704
0.0478047
0.0474136
0.0469953
0.0465479
0.0460693
0.0455576
0.0450102
0.0444248
0.0437987
0.043129
0.0424129
0.0416469
0.0408277
0.0399515
0.0390144
0.0380122
0.0369403
0.0357938
0.0345677
0.0332564
0.0318539
0.0303538
0.0287495
0.0270337
0.0251986
0.0232359
0.0211368
0.0188917
0.0164906
0.0139225
0.0111759
0.0082384
0.00509667
0.00173652
0.0501994
0.0499707
0.0497261
0.0494645
0.0491846
0.0488854
0.0485653
0.048223
0.0478569
0.0474653
0.0470465
0.0465986
0.0461196
0.0456073
0.0450593
0.0444733
0.0438465
0.0431761
0.0424591
0.0416923
0.0408722
0.0399951
0.039057
0.0380537
0.0369806
0.0358329
0.0346055
0.0332927
0.0318886
0.030387
0.0287809
0.0270632
0.0252261
0.0232613
0.0211598
0.0189123
0.0165086
0.0139377
0.0111881
0.00824739
0.00510223
0.00173841
0.0502597
0.0500307
0.0497858
0.0495238
0.0492437
0.0489441
0.0486236
0.0482809
0.0479144
0.0475223
0.047103
0.0466546
0.046175
0.045662
0.0451134
0.0445267
0.0438991
0.0432279
0.0425101
0.0417424
0.0409213
0.0400431
0.0391039
0.0380993
0.037025
0.0358759
0.034647
0.0333326
0.0319269
0.0304234
0.0288155
0.0270957
0.0252564
0.0232892
0.0211852
0.018935
0.0165284
0.0139544
0.0112016
0.00825729
0.00510835
0.0017405
0.0503256
0.0500963
0.049851
0.0495888
0.0493082
0.0490082
0.0486874
0.0483442
0.0479772
0.0475846
0.0471648
0.0467157
0.0462355
0.0457219
0.0451725
0.044585
0.0439567
0.0432846
0.0425658
0.0417971
0.0409749
0.0400956
0.0391551
0.0381493
0.0370735
0.035923
0.0346924
0.0333763
0.0319687
0.0304633
0.0288532
0.0271312
0.0252895
0.0233197
0.021213
0.0189598
0.01655
0.0139727
0.0112162
0.00826812
0.00511505
0.00174278
0.0503971
0.0501675
0.0499219
0.0496592
0.0493783
0.0490779
0.0487566
0.0484129
0.0480453
0.0476522
0.0472318
0.0467821
0.0463012
0.0457869
0.0452367
0.0446484
0.0440191
0.0433461
0.0426263
0.0418565
0.0410332
0.0401526
0.0392108
0.0382035
0.0371262
0.035974
0.0347417
0.0334238
0.0320142
0.0305066
0.0288942
0.0271698
0.0253254
0.0233528
0.0212431
0.0189868
0.0165736
0.0139926
0.0112322
0.00827987
0.00512232
0.00174526
0.0504743
0.0502443
0.0499984
0.0497353
0.049454
0.0491531
0.0488313
0.0484871
0.0481189
0.0477252
0.0473042
0.0468538
0.0463721
0.045857
0.045306
0.0447168
0.0440866
0.0434125
0.0426916
0.0419206
0.041096
0.0402141
0.0392708
0.038262
0.0371831
0.0360291
0.0347949
0.033475
0.0320632
0.0305533
0.0289385
0.0272114
0.0253642
0.0233886
0.0212757
0.0190159
0.016599
0.014014
0.0112494
0.00829255
0.00513016
0.00174793
0.0505572
0.0503269
0.0500805
0.049817
0.0495352
0.0492338
0.0489115
0.0485667
0.048198
0.0478037
0.0473819
0.0469308
0.0464483
0.0459323
0.0453805
0.0447903
0.044159
0.0434839
0.0427618
0.0419895
0.0411635
0.0402802
0.0393354
0.0383249
0.0372442
0.0360883
0.0348521
0.03353
0.0321159
0.0306035
0.028986
0.0272561
0.0254059
0.0234271
0.0213107
0.0190471
0.0166262
0.0140371
0.0112679
0.00830618
0.00513859
0.0017508
0.0506459
0.0504152
0.0501684
0.0499044
0.0496221
0.0493202
0.0489973
0.0486519
0.0482826
0.0478875
0.047465
0.0470131
0.0465298
0.0460129
0.0454601
0.0448688
0.0442365
0.0435601
0.0428368
0.0420632
0.0412358
0.0403508
0.0394044
0.0383921
0.0373095
0.0361516
0.0349133
0.0335888
0.0321723
0.0306572
0.0290369
0.0273039
0.0254505
0.0234682
0.021348
0.0190805
0.0166554
0.0140617
0.0112876
0.00832075
0.00514761
0.00175387
0.0507404
0.0505092
0.050262
0.0499975
0.0497147
0.0494122
0.0490887
0.0487427
0.0483726
0.0479769
0.0475536
0.0471008
0.0466166
0.0460988
0.0455449
0.0449525
0.044319
0.0436414
0.0429167
0.0421416
0.0413127
0.0404261
0.0394779
0.0384638
0.0373791
0.0362191
0.0349784
0.0336515
0.0322323
0.0307144
0.0290911
0.0273549
0.0254979
0.0235119
0.0213879
0.0191161
0.0166865
0.0140879
0.0113087
0.00833627
0.00515721
0.00175715
0.0508407
0.0506091
0.0503613
0.0500964
0.049813
0.0495099
0.0491857
0.0488391
0.0484683
0.0480717
0.0476476
0.0471939
0.0467088
0.0461899
0.0456349
0.0450414
0.0444066
0.0437277
0.0430016
0.042225
0.0413944
0.040506
0.0395559
0.0385398
0.037453
0.0362907
0.0350475
0.033718
0.032296
0.0307751
0.0291486
0.0274089
0.0255483
0.0235584
0.0214301
0.0191539
0.0167195
0.0141158
0.011331
0.00835275
0.00516741
0.00176062
0.0509468
0.0507147
0.0504665
0.050201
0.049917
0.0496133
0.0492884
0.048941
0.0485695
0.0481721
0.047747
0.0472925
0.0468063
0.0462863
0.0457302
0.0451354
0.0444993
0.043819
0.0430913
0.0423131
0.0414808
0.0405906
0.0396385
0.0386202
0.0375312
0.0363664
0.0351207
0.0337884
0.0323634
0.0308394
0.0292094
0.0274662
0.0256017
0.0236076
0.0214749
0.0191939
0.0167544
0.0141452
0.0113547
0.00837019
0.00517819
0.00176429
0.0510589
0.0508262
0.0505774
0.0503113
0.0500267
0.0497223
0.0493968
0.0490486
0.0486762
0.048278
0.047852
0.0473964
0.0469092
0.0463881
0.0458308
0.0452347
0.0445971
0.0439153
0.0431861
0.0424061
0.041572
0.0406798
0.0397257
0.0387052
0.0376137
0.0364464
0.0351979
0.0338627
0.0324346
0.0309072
0.0292736
0.0275265
0.025658
0.0236595
0.0215221
0.0192361
0.0167912
0.0141763
0.0113797
0.00838859
0.00518958
0.00176817
0.0511767
0.0509436
0.0506942
0.0504275
0.0501422
0.0498371
0.0495108
0.0491618
0.0487886
0.0483894
0.0479625
0.0475059
0.0470175
0.0464952
0.0459366
0.0453391
0.0447001
0.0440167
0.0432858
0.042504
0.0416679
0.0407737
0.0398174
0.0387945
0.0377005
0.0365305
0.0352792
0.0339408
0.0325094
0.0309785
0.0293412
0.0275901
0.0257172
0.0237141
0.0215718
0.0192805
0.01683
0.0142091
0.0114059
0.00840796
0.00520156
0.00177225
0.0513005
0.0510668
0.0508168
0.0505494
0.0502635
0.0499576
0.0496306
0.0492807
0.0489066
0.0485064
0.0480785
0.0476207
0.0471312
0.0466076
0.0460476
0.0454487
0.0448082
0.0441231
0.0433904
0.0426068
0.0417687
0.0408723
0.0399137
0.0388883
0.0377917
0.0366189
0.0353645
0.0340229
0.0325881
0.0310535
0.0294122
0.0276568
0.0257794
0.0237715
0.021624
0.0193271
0.0168707
0.0142434
0.0114335
0.00842829
0.00521414
0.00177654
0.0514301
0.0511958
0.0509452
0.0506772
0.0503905
0.0500839
0.049756
0.0494053
0.0490302
0.048629
0.0482
0.0477411
0.0472503
0.0467254
0.046164
0.0455636
0.0449214
0.0442346
0.0435001
0.0427145
0.0418743
0.0409756
0.0400145
0.0389866
0.0378872
0.0367114
0.0354539
0.0341089
0.0326704
0.0311319
0.0294865
0.0277267
0.0258445
0.0238315
0.0216786
0.019376
0.0169133
0.0142794
0.0114624
0.00844959
0.00522731
0.00178103
0.0515657
0.0513307
0.0510795
0.0508107
0.0505233
0.0502159
0.0498871
0.0495355
0.0491594
0.0487572
0.048327
0.0478669
0.0473748
0.0468486
0.0462857
0.0456837
0.0450398
0.0443512
0.0436147
0.0428271
0.0419846
0.0410836
0.04012
0.0390894
0.0379871
0.0368082
0.0355473
0.0341988
0.0327565
0.031214
0.0295642
0.0277998
0.0259127
0.0238944
0.0217357
0.0194271
0.0169579
0.014317
0.0114926
0.00847186
0.00524109
0.00178572
0.0517071
0.0514715
0.0512196
0.0509501
0.0506619
0.0503536
0.0500239
0.0496714
0.0492942
0.0488909
0.0484596
0.0479982
0.0475048
0.0469771
0.0464126
0.045809
0.0451634
0.0444729
0.0437344
0.0429445
0.0420998
0.0411963
0.04023
0.0391966
0.0380913
0.0369091
0.0356448
0.0342926
0.0328464
0.0312996
0.0296453
0.027876
0.0259837
0.0239599
0.0217953
0.0194803
0.0170044
0.0143563
0.0115241
0.00849509
0.00525546
0.00179062
0.0518544
0.0516182
0.0513655
0.0510952
0.0508062
0.0504971
0.0501665
0.0498129
0.0494347
0.0490302
0.0485976
0.0481349
0.0476401
0.0471109
0.0465449
0.0459395
0.045292
0.0445996
0.043859
0.0430669
0.0422197
0.0413137
0.0403446
0.0393082
0.0381998
0.0370143
0.0357464
0.0343903
0.0329399
0.0313888
0.0297298
0.0279554
0.0260578
0.0240281
0.0218574
0.0195358
0.0170528
0.0143972
0.011557
0.0085193
0.00527044
0.00179572
0.0520076
0.0517706
0.0515172
0.0512462
0.0509563
0.0506462
0.0503147
0.04996
0.0495807
0.049175
0.0487412
0.0482771
0.0477808
0.0472501
0.0466824
0.0460752
0.0454258
0.0447313
0.0439885
0.0431941
0.0423444
0.0414357
0.0404638
0.0394244
0.0383126
0.0371236
0.0358519
0.0344919
0.0330372
0.0314815
0.0298176
0.028038
0.0261347
0.0240991
0.021922
0.0195935
0.0171032
0.0144397
0.0115911
0.00854446
0.005286
0.00180102
0.0521666
0.0519289
0.0516747
0.0514029
0.0511121
0.0508011
0.0504685
0.0501128
0.0497323
0.0493254
0.0488902
0.0484248
0.0479269
0.0473945
0.0468251
0.0462161
0.0455647
0.0448681
0.044123
0.0433262
0.0424739
0.0415624
0.0405875
0.0395449
0.0384298
0.0372371
0.0359616
0.0345973
0.0331383
0.0315778
0.0299088
0.0281237
0.0262146
0.0241728
0.021989
0.0196535
0.0171555
0.0144839
0.0116266
0.00857059
0.00530217
0.00180653
0.0523315
0.052093
0.051838
0.0515653
0.0512736
0.0509616
0.050628
0.0502711
0.0498895
0.0494813
0.0490447
0.0485778
0.0480784
0.0475443
0.0469731
0.0463621
0.0457087
0.0450099
0.0442625
0.0434631
0.0426081
0.0416938
0.0407158
0.0396699
0.0385512
0.0373548
0.0360752
0.0347067
0.033243
0.0316775
0.0300033
0.0282126
0.0262975
0.0242492
0.0220585
0.0197156
0.0172097
0.0145297
0.0116633
0.00859767
0.00531892
0.00181224
0.0525021
0.0522629
0.0520071
0.0517335
0.0514408
0.0511278
0.0507931
0.0504351
0.0500521
0.0496426
0.0492046
0.0487362
0.0482352
0.0476993
0.0471262
0.0465133
0.0458578
0.0451566
0.0444068
0.0436048
0.0427471
0.0418297
0.0408486
0.0397992
0.0386769
0.0374766
0.0361928
0.0348198
0.0333514
0.0317808
0.0301011
0.0283046
0.0263832
0.0243283
0.0221305
0.0197798
0.0172658
0.014577
0.0117013
0.0086257
0.00533627
0.00181815
0.0526785
0.0524385
0.0521818
0.0519073
0.0516136
0.0512996
0.0509637
0.0506045
0.0502203
0.0498094
0.0493699
0.0488999
0.0483972
0.0478596
0.0472846
0.0466696
0.0460118
0.0453084
0.044556
0.0437513
0.0428907
0.0419702
0.0409858
0.0399329
0.0388069
0.0376025
0.0363144
0.0349368
0.0334634
0.0318876
0.0302022
0.0283997
0.0264719
0.02441
0.0222048
0.0198463
0.0173238
0.014626
0.0117406
0.00865469
0.00535419
0.00182426
0.0528606
0.0526198
0.0523622
0.0520867
0.0517921
0.051477
0.0511399
0.0507795
0.0503939
0.0499816
0.0495406
0.049069
0.0485645
0.048025
0.047448
0.0468309
0.0461709
0.045465
0.04471
0.0439026
0.043039
0.0421153
0.0411275
0.040071
0.038941
0.0377325
0.03644
0.0350576
0.0335791
0.0319979
0.0303067
0.0284979
0.0265634
0.0244944
0.0222816
0.0199149
0.0173837
0.0146766
0.0117812
0.00868461
0.0053727
0.00183056
0.0530484
0.0528067
0.0525482
0.0522718
0.0519761
0.0516598
0.0513216
0.0509599
0.050573
0.0501592
0.0497166
0.0492433
0.0487371
0.0481957
0.0476166
0.0469973
0.0463349
0.0456265
0.0448689
0.0440585
0.0431919
0.042265
0.0412736
0.0402133
0.0390794
0.0378666
0.0365694
0.0351822
0.0336984
0.0321115
0.0304143
0.0285991
0.0266578
0.0245814
0.0223607
0.0199857
0.0174455
0.0147287
0.0118231
0.00871546
0.00539179
0.00183707
0.0532418
0.0529993
0.0527398
0.0524623
0.0521656
0.0518482
0.0515087
0.0511456
0.0507573
0.050342
0.0498979
0.0494228
0.0489148
0.0483714
0.0477902
0.0471686
0.0465039
0.0457929
0.0450324
0.0442192
0.0433493
0.0424191
0.0414241
0.04036
0.0392218
0.0380046
0.0367028
0.0353104
0.0338213
0.0322286
0.0305252
0.0287034
0.0267549
0.024671
0.0224423
0.0200585
0.0175091
0.0147824
0.0118662
0.00874723
0.00541145
0.00184376
0.0534408
0.0531973
0.0529369
0.0526584
0.0523605
0.0520419
0.0517012
0.0513368
0.050947
0.0505302
0.0500843
0.0496075
0.0490976
0.0485521
0.0479688
0.0473449
0.0466776
0.045964
0.0452007
0.0443844
0.0435113
0.0425776
0.0415789
0.0405108
0.0393684
0.0381466
0.0368399
0.0354424
0.0339477
0.032349
0.0306393
0.0288107
0.0268549
0.0247632
0.0225261
0.0201335
0.0175745
0.0148377
0.0119105
0.00877992
0.00543167
0.00185065
0.0536452
0.0534008
0.0531394
0.0528598
0.0525608
0.052241
0.051899
0.0515332
0.0511419
0.0507235
0.050276
0.0497973
0.0492854
0.0487379
0.0481523
0.047526
0.0468562
0.0461398
0.0453737
0.0445542
0.0436778
0.0427405
0.041738
0.0406658
0.039519
0.0382926
0.0369809
0.035578
0.0340775
0.0324728
0.0307565
0.0289209
0.0269577
0.024858
0.0226123
0.0202105
0.0176418
0.0148944
0.0119561
0.00881351
0.00545245
0.00185773
0.0538551
0.0536097
0.0533473
0.0530666
0.0527665
0.0524454
0.052102
0.0517348
0.051342
0.0509219
0.0504726
0.0499921
0.0494782
0.0489286
0.0483407
0.047712
0.0470395
0.0463204
0.0455512
0.0447285
0.0438487
0.0429077
0.0419012
0.0408249
0.0396736
0.0384424
0.0371255
0.0357172
0.0342109
0.0325998
0.0308768
0.029034
0.0270631
0.0249552
0.0227008
0.0202896
0.0177108
0.0149527
0.0120029
0.00884799
0.00547378
0.001865
0.0540703
0.053824
0.0535605
0.0532787
0.0529773
0.052655
0.0523102
0.0519415
0.0515472
0.0511254
0.0506743
0.0501919
0.0496759
0.0491241
0.0485339
0.0479026
0.0472275
0.0465055
0.0457332
0.0449073
0.0440239
0.0430791
0.0420687
0.040988
0.0398322
0.038596
0.0372739
0.0358599
0.0343476
0.0327301
0.0310002
0.0291501
0.0271713
0.0250549
0.0227915
0.0203707
0.0177815
0.0150124
0.0120508
0.00888335
0.00549565
0.00187245
0.0542908
0.0540434
0.0537789
0.0534959
0.0531933
0.0528697
0.0525235
0.0521533
0.0517574
0.0513339
0.050881
0.0503966
0.0498785
0.0493244
0.0487318
0.048098
0.0474201
0.0466951
0.0459197
0.0450904
0.0442034
0.0432548
0.0422402
0.0411551
0.0399946
0.0387534
0.0374259
0.0360061
0.0344876
0.0328636
0.0311266
0.0292689
0.0272821
0.0251571
0.0228844
0.0204537
0.0178541
0.0150737
0.0121
0.00891957
0.00551806
0.00188009
0.0545164
0.054268
0.0540024
0.0537183
0.0534144
0.0530894
0.0527418
0.0523701
0.0519725
0.0515472
0.0510924
0.050606
0.0500858
0.0495294
0.0489343
0.0482978
0.0476172
0.0468891
0.0461105
0.0452778
0.0443871
0.0434346
0.0424158
0.0413262
0.0401608
0.0389144
0.0375814
0.0361557
0.0346309
0.0330001
0.031256
0.0293906
0.0273955
0.0252617
0.0229795
0.0205387
0.0179283
0.0151363
0.0121503
0.00895664
0.00554099
0.0018879
0.0547471
0.0544977
0.0542309
0.0539456
0.0536404
0.0533141
0.052965
0.0525917
0.0521924
0.0517653
0.0513086
0.0508201
0.0502977
0.049739
0.0491414
0.0485022
0.0478186
0.0470876
0.0463056
0.0454694
0.0445749
0.0436184
0.0425953
0.041501
0.0403308
0.0390791
0.0377405
0.0363087
0.0347775
0.0331398
0.0313882
0.0295149
0.0275114
0.0253686
0.0230768
0.0206256
0.0180041
0.0152004
0.0122017
0.00899454
0.00556444
0.00189589
0.0549828
0.0547323
0.0544643
0.0541778
0.0538713
0.0535435
0.053193
0.052818
0.052417
0.0519882
0.0515295
0.0510389
0.0505142
0.049953
0.0493529
0.048711
0.0480245
0.0472902
0.0465049
0.0456651
0.0447668
0.0438061
0.0427786
0.0416797
0.0405043
0.0392473
0.0379029
0.036465
0.0349272
0.0332824
0.0315233
0.029642
0.0276298
0.0254777
0.0231761
0.0207144
0.0180816
0.0152658
0.0122542
0.00903325
0.00558839
0.00190405
0.0552233
0.0549716
0.0547025
0.0544147
0.0541069
0.0537777
0.0534256
0.0530491
0.0526463
0.0522155
0.0517549
0.0512621
0.0507351
0.0501715
0.0495687
0.048924
0.0482345
0.0474971
0.0467084
0.0458648
0.0449626
0.0439977
0.0429657
0.041862
0.0406815
0.039419
0.0380687
0.0366245
0.0350799
0.033428
0.0316612
0.0297716
0.0277506
0.0255892
0.0232775
0.020805
0.0181607
0.0153326
0.0123078
0.00907276
0.00561283
0.00191238
0.0554685
0.0552157
0.0549454
0.0546564
0.0543472
0.0540165
0.0536629
0.0532846
0.0528801
0.0524474
0.0519847
0.0514897
0.0509604
0.0503943
0.0497888
0.0491413
0.0484487
0.047708
0.0469158
0.0460685
0.0451623
0.0441931
0.0431565
0.0420479
0.0408621
0.039594
0.0382377
0.0367871
0.0352357
0.0335764
0.0318018
0.0299038
0.0278739
0.0257028
0.0233808
0.0208974
0.0182413
0.0154006
0.0123624
0.00911305
0.00563776
0.00192087
0.0557183
0.0554644
0.0551929
0.0549025
0.0545919
0.0542598
0.0539045
0.0535246
0.0531182
0.0526836
0.0522188
0.0517216
0.0511899
0.0506213
0.0500131
0.0493626
0.0486669
0.0479228
0.047127
0.0462759
0.0453656
0.0443921
0.0433508
0.0422372
0.0410462
0.0397723
0.0384099
0.0369528
0.0353944
0.0337276
0.031945
0.0300385
0.0279994
0.0258186
0.0234861
0.0209915
0.0183235
0.01547
0.0124181
0.00915409
0.00566314
0.00192952
0.0559725
0.0557175
0.0554447
0.055153
0.054841
0.0545074
0.0541505
0.0537688
0.0533606
0.052924
0.052457
0.0519576
0.0514235
0.0508522
0.0502413
0.0495878
0.048889
0.0481415
0.0473421
0.0464871
0.0455726
0.0445946
0.0435487
0.0424299
0.0412335
0.0399538
0.0385852
0.0371214
0.0355559
0.0338815
0.0320908
0.0301755
0.0281272
0.0259364
0.0235933
0.0210873
0.0184071
0.0155406
0.0124748
0.00919586
0.00568899
0.00193832
0.0562311
0.0559749
0.0557009
0.0554078
0.0550944
0.0547592
0.0544006
0.0540172
0.0536071
0.0531685
0.0526994
0.0521976
0.0516611
0.0510872
0.0504734
0.0498169
0.0491148
0.0483639
0.0475608
0.0467018
0.0457832
0.0448006
0.0437498
0.0426259
0.0414239
0.0401384
0.0387634
0.0372929
0.0357201
0.0340381
0.032239
0.0303149
0.0282571
0.0260562
0.0237023
0.0211847
0.0184921
0.0156124
0.0125324
0.00923834
0.00571526
0.00194727
0.0564938
0.0562364
0.0559611
0.0556667
0.0553518
0.055015
0.0546548
0.0542696
0.0538575
0.0534169
0.0529456
0.0524415
0.0519024
0.0513258
0.0507092
0.0500496
0.0493443
0.0485898
0.047783
0.04692
0.0459971
0.04501
0.0439542
0.0428251
0.0416175
0.0403259
0.0389445
0.0374671
0.035887
0.0341971
0.0323897
0.0304566
0.0283891
0.0261779
0.023813
0.0212837
0.0185785
0.0156853
0.012591
0.0092815
0.00574197
0.00195637
0.0567605
0.0565019
0.0562253
0.0559295
0.0556131
0.0552747
0.0549128
0.0545258
0.0541118
0.0536691
0.0531955
0.0526891
0.0521475
0.0515682
0.0509486
0.0502859
0.0495772
0.0488192
0.0480086
0.0471415
0.0462142
0.0452225
0.0441617
0.0430273
0.041814
0.0405163
0.0391284
0.037644
0.0360565
0.0343585
0.0325426
0.0306004
0.0285231
0.0263015
0.0239254
0.0213842
0.0186662
0.0157594
0.0126504
0.00932532
0.00576908
0.00196561
0.057031
0.0567712
0.0564933
0.0561961
0.0558782
0.0555382
0.0551746
0.0547857
0.0543697
0.0539249
0.0534491
0.0529402
0.052396
0.051814
0.0511914
0.0505256
0.0498135
0.0490519
0.0482374
0.0473662
0.0464345
0.045438
0.0443722
0.0432324
0.0420133
0.0407094
0.0393149
0.0378235
0.0362283
0.0345223
0.0326977
0.0307462
0.0286591
0.0264269
0.0240395
0.0214861
0.0187552
0.0158345
0.0127107
0.00936977
0.00579657
0.00197498
0.0573052
0.0570441
0.0567649
0.0564663
0.0561468
0.0558052
0.0554398
0.0550491
0.0546311
0.0541841
0.0537061
0.0531948
0.0526479
0.0520631
0.0514376
0.0507685
0.050053
0.0492878
0.0484693
0.047594
0.0466578
0.0456565
0.0445856
0.0434402
0.0422153
0.0409051
0.0395039
0.0380053
0.0364025
0.0346883
0.0328549
0.030894
0.0287969
0.0265539
0.024155
0.0215894
0.0188454
0.0159106
0.0127718
0.00941481
0.00582444
0.00198447
0.0575829
0.0573206
0.05704
0.0567399
0.0564189
0.0560756
0.0557085
0.0553158
0.0548958
0.0544467
0.0539663
0.0534525
0.052903
0.0523153
0.0516868
0.0510145
0.0502956
0.0495266
0.0487042
0.0478246
0.0468838
0.0458777
0.0448016
0.0436507
0.0424198
0.0411033
0.0396953
0.0381895
0.0365789
0.0348564
0.0330141
0.0310437
0.0289364
0.0266826
0.0242721
0.021694
0.0189367
0.0159877
0.0128337
0.00946043
0.00585266
0.00199409
0.0578639
0.0576002
0.0573183
0.0570167
0.0566942
0.0563492
0.0559803
0.0555857
0.0551637
0.0547123
0.0542296
0.0537133
0.0531612
0.0525706
0.051939
0.0512634
0.050541
0.0497682
0.0489418
0.0480579
0.0471126
0.0461015
0.0450202
0.0438637
0.0426268
0.0413039
0.039889
0.0383758
0.0367574
0.0350264
0.0331752
0.0311952
0.0290776
0.0268128
0.0243905
0.0217998
0.0190291
0.0160657
0.0128963
0.00950659
0.00588122
0.00200382
0.0581479
0.057883
0.0575996
0.0572966
0.0569725
0.0566258
0.0562551
0.0558585
0.0554345
0.0549809
0.0544958
0.053977
0.0534221
0.0528286
0.0521939
0.0515151
0.050789
0.0500125
0.049182
0.0482938
0.0473438
0.0463278
0.0452412
0.044079
0.042836
0.0415066
0.0400848
0.0385642
0.0369378
0.0351984
0.033338
0.0313483
0.0292203
0.0269444
0.0245102
0.0219069
0.0191225
0.0161446
0.0129596
0.00955326
0.00591009
0.00201365
0.0584348
0.0581686
0.0578838
0.0575793
0.0572536
0.0569052
0.0565326
0.0561342
0.055708
0.0552522
0.0547647
0.0542433
0.0536857
0.0530893
0.0524514
0.0517693
0.0510396
0.0502593
0.0494247
0.0485321
0.0475774
0.0465564
0.0454644
0.0442965
0.0430474
0.0417114
0.0402826
0.0387544
0.03712
0.035372
0.0335025
0.031503
0.0293645
0.0270773
0.0246312
0.0220149
0.0192168
0.0162242
0.0130236
0.00960039
0.00593925
0.00202359
0.0587244
0.0584568
0.0581706
0.0578646
0.0575373
0.0571872
0.0568128
0.0564123
0.055984
0.055526
0.0550361
0.0545121
0.0539517
0.0533524
0.0527114
0.0520258
0.0512925
0.0505083
0.0496696
0.0487726
0.0478132
0.0467871
0.0456897
0.044516
0.0432607
0.0419181
0.0404822
0.0389465
0.037304
0.0355473
0.0336685
0.0316591
0.02951
0.0272115
0.0247532
0.022124
0.0193121
0.0163046
0.0130881
0.00964796
0.00596868
0.00203361
0.0590163
0.0587475
0.0584599
0.0581523
0.0578234
0.0574715
0.0570952
0.0566928
0.0562624
0.0558021
0.0553097
0.0547831
0.05422
0.0536176
0.0529734
0.0522845
0.0515476
0.0507595
0.0499166
0.0490151
0.0480509
0.0470197
0.0459169
0.0447373
0.0434758
0.0421265
0.0406835
0.0391401
0.0374895
0.0357241
0.0338359
0.0318165
0.0296567
0.0273468
0.0248763
0.022234
0.0194081
0.0163857
0.0131532
0.00969594
0.00599836
0.00204373
0.0593105
0.0590403
0.0587513
0.0584422
0.0581116
0.057758
0.0573799
0.0569754
0.0565429
0.0560802
0.0555854
0.0550562
0.0544903
0.0538849
0.0532375
0.0525451
0.0518045
0.0510125
0.0501654
0.0492594
0.0482905
0.0472541
0.0461458
0.0449603
0.0436925
0.0423365
0.0408863
0.0393352
0.0376763
0.0359021
0.0340046
0.0319751
0.0298046
0.0274831
0.0250003
0.0223449
0.0195048
0.0164674
0.0132187
0.00974427
0.00602826
0.00205391
0.0596067
0.0593351
0.0590447
0.058734
0.0584018
0.0580464
0.0576664
0.0572599
0.0568252
0.0563602
0.055863
0.0553311
0.0547623
0.054154
0.0535033
0.0528075
0.0520632
0.0512672
0.0504159
0.0495054
0.0485316
0.0474901
0.0463762
0.0451848
0.0439107
0.0425479
0.0410904
0.0395316
0.0378645
0.0360814
0.0341744
0.0321348
0.0299534
0.0276204
0.0251251
0.0224564
0.0196022
0.0165496
0.0132847
0.00979292
0.00605836
0.00206417
0.0599045
0.0596316
0.0593397
0.0590275
0.0586936
0.0583365
0.0579545
0.057546
0.0571091
0.0566419
0.0561421
0.0556076
0.055036
0.0544246
0.0537707
0.0530714
0.0523234
0.0515234
0.0506678
0.0497528
0.0487741
0.0477274
0.0466079
0.0454106
0.0441301
0.0427605
0.0412958
0.0397292
0.0380537
0.0362617
0.0343452
0.0322954
0.0301031
0.0277584
0.0252507
0.0225687
0.0197002
0.0166323
0.0133511
0.00984186
0.00608863
0.00207448
0.0602039
0.0599296
0.0596362
0.0593224
0.0589869
0.058628
0.0582441
0.0578336
0.0573945
0.0569249
0.0564226
0.0558855
0.055311
0.0546965
0.0540394
0.0533365
0.0525848
0.0517809
0.050921
0.0500014
0.0490178
0.0479659
0.0468408
0.0456375
0.0443506
0.0429742
0.0415021
0.0399277
0.0382438
0.0364429
0.0345168
0.0324567
0.0302535
0.0278971
0.0253769
0.0226814
0.0197986
0.0167154
0.0134178
0.00989104
0.00611905
0.00208485
0.0605044
0.0602287
0.0599339
0.0596185
0.0592813
0.0589206
0.0585348
0.0581223
0.057681
0.057209
0.0567043
0.0561644
0.0555871
0.0549696
0.0543091
0.0536028
0.0528473
0.0520393
0.0511752
0.050251
0.0492625
0.0482053
0.0470746
0.0458653
0.044572
0.0431887
0.0417093
0.040127
0.0384347
0.0366248
0.0346891
0.0326187
0.0304045
0.0280363
0.0255035
0.0227946
0.0198974
0.0167988
0.0134848
0.00994041
0.0061496
0.00209526
0.0608058
0.0605288
0.0602325
0.0599156
0.0595766
0.0592141
0.0588265
0.0584118
0.0579683
0.057494
0.0569868
0.0564442
0.055864
0.0552434
0.0545797
0.0538698
0.0531106
0.0522986
0.0514301
0.0505013
0.0495079
0.0484455
0.0473091
0.0460938
0.044794
0.0434039
0.0419171
0.0403269
0.0386262
0.0368073
0.0348619
0.0327812
0.030556
0.028176
0.0256306
0.0229082
0.0199966
0.0168825
0.013552
0.00998993
0.00618023
0.00210569
0.0611079
0.0608295
0.0605317
0.0602132
0.0598726
0.0595083
0.0591187
0.058702
0.0582563
0.0577797
0.0572699
0.0567246
0.0561415
0.0555178
0.0548508
0.0541374
0.0533744
0.0525584
0.0516856
0.0507522
0.0497539
0.0486861
0.0475442
0.0463228
0.0450166
0.0436195
0.0421253
0.0405272
0.0388181
0.0369901
0.0350351
0.0329441
0.0307078
0.028316
0.0257579
0.023022
0.0200959
0.0169664
0.0136193
0.0100396
0.00621094
0.00211616
0.0614103
0.0611305
0.0608313
0.0605112
0.0601689
0.0598028
0.0594113
0.0589925
0.0585446
0.0580656
0.0575533
0.0570054
0.0564194
0.0557926
0.0551223
0.0544053
0.0536386
0.0528185
0.0519414
0.0510034
0.0500001
0.0489271
0.0477795
0.0465521
0.0452393
0.0438354
0.0423338
0.0407278
0.0390102
0.0371732
0.0352084
0.0331071
0.0308597
0.0284561
0.0258854
0.0231359
0.0201954
0.0170504
0.0136867
0.0100892
0.00624167
0.00212663
0.0617128
0.0614316
0.0611309
0.0608093
0.0604653
0.0600974
0.0597039
0.0592831
0.058833
0.0583516
0.0578368
0.0572862
0.0566973
0.0560674
0.0553938
0.0546733
0.0539028
0.0530787
0.0521972
0.0512546
0.0502464
0.0491681
0.0480148
0.0467814
0.0454622
0.0440513
0.0425423
0.0409284
0.0392023
0.0373563
0.0353819
0.0332702
0.0310117
0.0285963
0.0260129
0.0232499
0.0202948
0.0171343
0.0137541
0.0101389
0.00627242
0.0021371
0.062015
0.0617325
0.0614303
0.0611071
0.0607614
0.0603917
0.0599963
0.0595734
0.0591211
0.0586374
0.05812
0.0575667
0.0569749
0.056342
0.0556651
0.0549411
0.0541668
0.0533386
0.0524529
0.0515056
0.0504924
0.0494089
0.0482499
0.0470105
0.0456848
0.044267
0.0427506
0.0411289
0.0393943
0.0375392
0.0355551
0.0334331
0.0311636
0.0287363
0.0261403
0.0233638
0.0203942
0.0172183
0.0138215
0.0101886
0.00630314
0.00214757
0.0623167
0.0620328
0.0617291
0.0614043
0.061057
0.0606855
0.0602882
0.0598632
0.0594087
0.0589226
0.0584028
0.0578467
0.0572521
0.0566161
0.0559359
0.0552083
0.0544303
0.0535981
0.052708
0.0517561
0.0507381
0.0496492
0.0484847
0.0472391
0.0459071
0.0444824
0.0429586
0.0413289
0.039586
0.0377218
0.0357281
0.0335958
0.0313152
0.0288761
0.0262674
0.0234774
0.0204934
0.017302
0.0138887
0.0102382
0.0063338
0.00215802
0.0626175
0.0623322
0.0620271
0.0617007
0.0613517
0.0609784
0.0605792
0.0601522
0.0596955
0.0592071
0.0586847
0.058126
0.0575284
0.0568894
0.0562059
0.0554748
0.054693
0.0538568
0.0529625
0.052006
0.050983
0.0498889
0.0487187
0.0474672
0.0461286
0.0446971
0.043166
0.0415284
0.0397771
0.0379039
0.0359006
0.0337579
0.0314664
0.0290155
0.0263942
0.0235907
0.0205924
0.0173855
0.0139558
0.0102876
0.00636437
0.00216843
0.0629171
0.0626304
0.0623239
0.061996
0.0616453
0.0612702
0.060869
0.06044
0.0599811
0.0594904
0.0589655
0.0584041
0.0578037
0.0571616
0.0564748
0.0557403
0.0549547
0.0541145
0.0532159
0.0522548
0.0512269
0.0501276
0.0489518
0.0476943
0.0463494
0.0449109
0.0433725
0.0417271
0.0399674
0.0380853
0.0360723
0.0339195
0.0316169
0.0291543
0.0265205
0.0237036
0.0206909
0.0174687
0.0140225
0.0103368
0.00639483
0.00217881
0.0632152
0.0629272
0.0626191
0.0622897
0.0619373
0.0615605
0.0611574
0.0607263
0.0602653
0.0597722
0.0592448
0.0586808
0.0580776
0.0574324
0.0567424
0.0560044
0.0552151
0.0543709
0.053468
0.0525024
0.0514696
0.0503651
0.0491837
0.0479203
0.046569
0.0451237
0.043578
0.0419248
0.0401567
0.0382657
0.0362433
0.0340802
0.0317667
0.0292925
0.0266462
0.0238159
0.0207889
0.0175515
0.014089
0.0103858
0.00642512
0.00218913
0.0635114
0.063222
0.0629126
0.0625816
0.0622276
0.0618489
0.061444
0.0610109
0.0605477
0.0600523
0.0595225
0.0589558
0.0583497
0.0577015
0.0570083
0.0562668
0.0554738
0.0546257
0.0537186
0.0527484
0.0517108
0.0506011
0.0494142
0.0481448
0.0467872
0.0453352
0.0437822
0.0421213
0.0403449
0.038445
0.0364131
0.0342399
0.0319156
0.0294297
0.026771
0.0239275
0.0208863
0.0176337
0.014155
0.0104344
0.00645523
0.00219939
0.0638054
0.0635147
0.0632038
0.0628713
0.0625156
0.0621353
0.0617284
0.0612934
0.060828
0.0603303
0.059798
0.0592287
0.0586198
0.0579686
0.0572722
0.0565273
0.0557306
0.0548785
0.0539673
0.0529926
0.0519502
0.0508353
0.049643
0.0483677
0.0470038
0.045545
0.0439849
0.0423163
0.0405317
0.038623
0.0365817
0.0343984
0.0320633
0.029566
0.026895
0.0240383
0.020983
0.0177154
0.0142205
0.0104828
0.00648512
0.00220958
0.0640969
0.0638049
0.0634925
0.0631585
0.0628012
0.0624191
0.0620104
0.0615733
0.0611059
0.0606059
0.0600712
0.0594993
0.0588876
0.0582335
0.0575338
0.0567855
0.0559852
0.0551292
0.0542138
0.0532347
0.0521875
0.0510676
0.0498697
0.0485886
0.0472185
0.0457531
0.0441858
0.0425096
0.0407168
0.0387995
0.0367488
0.0345555
0.0322098
0.029701
0.0270178
0.0241481
0.0210789
0.0177963
0.0142855
0.0105306
0.00651474
0.00221967
0.0643855
0.0640921
0.0637784
0.0634428
0.0630839
0.0627001
0.0622896
0.0618506
0.061381
0.0608788
0.0603416
0.0597672
0.0591527
0.0584956
0.0577928
0.0570412
0.0562372
0.0553774
0.0544579
0.0534743
0.0524225
0.0512975
0.0500943
0.0488074
0.0474311
0.0459591
0.0443848
0.042701
0.0409001
0.0389741
0.0369142
0.0347111
0.0323548
0.0298347
0.0271395
0.0242568
0.0211738
0.0178764
0.0143498
0.010578
0.00654407
0.00222966
0.0646708
0.0643761
0.064061
0.063724
0.0633635
0.0629779
0.0625656
0.0621246
0.061653
0.0611485
0.060609
0.060032
0.0594149
0.0587548
0.0580489
0.0572939
0.0564864
0.0556228
0.0546992
0.0537113
0.0526548
0.0515248
0.0503162
0.0490237
0.0476413
0.0461627
0.0445814
0.0428902
0.0410814
0.0391468
0.0370778
0.0348649
0.0324982
0.0299669
0.0272597
0.0243643
0.0212676
0.0179556
0.0144134
0.0106249
0.00657307
0.00223954
0.0649524
0.0646565
0.06434
0.0640015
0.0636395
0.0632522
0.0628381
0.0623952
0.0619215
0.0614148
0.060873
0.0602935
0.0596736
0.0590107
0.0583017
0.0575434
0.0567325
0.0558651
0.0549374
0.0539452
0.0528841
0.0517492
0.0505354
0.0492372
0.0478488
0.0463638
0.0447756
0.043077
0.0412603
0.0393173
0.0372393
0.0350168
0.0326397
0.0300975
0.0273785
0.0244704
0.0213602
0.0180338
0.0144762
0.0106712
0.0066017
0.0022493
0.0652301
0.0649329
0.0646151
0.0642751
0.0639115
0.0635226
0.0631068
0.0626619
0.0621862
0.0616774
0.0611332
0.0605512
0.0599287
0.059263
0.058551
0.0577894
0.056975
0.0561039
0.0551723
0.0541758
0.0531102
0.0519704
0.0507514
0.0494477
0.0480533
0.046562
0.044967
0.0432612
0.0414367
0.0394854
0.0373985
0.0351665
0.0327793
0.0302261
0.0274955
0.024575
0.0214516
0.0181109
0.0145381
0.0107168
0.00662992
0.00225891
0.0655034
0.065205
0.0648858
0.0645444
0.0641793
0.0637888
0.0633712
0.0629245
0.0624468
0.0619358
0.0613894
0.0608049
0.0601798
0.0595113
0.0587963
0.0580316
0.0572137
0.056339
0.0554034
0.0544028
0.0533327
0.0521882
0.0509641
0.0496549
0.0482546
0.0467571
0.0451554
0.0434424
0.0416103
0.0396508
0.0375552
0.0353138
0.0329166
0.0303528
0.0276107
0.024678
0.0215414
0.0181868
0.014599
0.0107617
0.0066577
0.00226838
0.065772
0.0654723
0.0651518
0.064809
0.0644424
0.0640503
0.063631
0.0631825
0.0627028
0.0621897
0.061641
0.0610542
0.0604266
0.0597553
0.0590373
0.0582695
0.0574483
0.0565699
0.0556306
0.0546259
0.0535513
0.0524021
0.051173
0.0498584
0.0484525
0.0469488
0.0453405
0.0436205
0.0417809
0.0398134
0.0377091
0.0354586
0.0330516
0.0304772
0.0277239
0.0247792
0.0216297
0.0182614
0.0146588
0.0108058
0.006685
0.00227768
0.0660354
0.0657345
0.0654127
0.0650686
0.0647005
0.0643068
0.0638858
0.0634355
0.0629539
0.0624388
0.0618879
0.0612987
0.0606686
0.0599946
0.0592738
0.0585029
0.0576783
0.0567965
0.0558534
0.0548447
0.0537658
0.052612
0.0513779
0.0500581
0.0486465
0.0471368
0.0455221
0.0437952
0.0419482
0.0399729
0.0378602
0.0356006
0.0331839
0.0305993
0.0278349
0.0248784
0.0217164
0.0183345
0.0147175
0.0108491
0.00671177
0.0022868
0.0662933
0.0659913
0.0656682
0.0653227
0.0649532
0.064558
0.0641353
0.0636833
0.0631998
0.0626827
0.0621296
0.0615381
0.0609055
0.0602289
0.0595053
0.0587314
0.0579036
0.0570183
0.0560715
0.0550589
0.0539758
0.0528175
0.0515786
0.0502536
0.0488365
0.0473209
0.0456999
0.0439663
0.0421121
0.040129
0.038008
0.0357396
0.0333135
0.0307188
0.0279437
0.0249756
0.0218012
0.0184061
0.014775
0.0108915
0.00673799
0.00229574
0.0665453
0.0662421
0.0659179
0.0655711
0.0652001
0.0648034
0.0643791
0.0639254
0.06344
0.062921
0.0623658
0.0617721
0.0611371
0.0604579
0.0597315
0.0589546
0.0581237
0.0572351
0.0562847
0.0552682
0.054181
0.0530183
0.0517747
0.0504447
0.0490222
0.0475008
0.0458737
0.0441334
0.0422722
0.0402815
0.0381525
0.0358755
0.0334402
0.0308356
0.0280499
0.0250705
0.0218841
0.0184761
0.0148312
0.0109329
0.0067636
0.00230446
0.0667911
0.0664867
0.0661613
0.0658132
0.0654409
0.0650427
0.0646169
0.0641614
0.0636743
0.0631533
0.0625961
0.0620002
0.0613628
0.0606811
0.0599521
0.0591723
0.0583384
0.0574464
0.0564925
0.0554723
0.0543811
0.053214
0.0519659
0.0506309
0.0492032
0.0476762
0.0460431
0.0442964
0.0424283
0.0404303
0.0382934
0.036008
0.0335637
0.0309494
0.0281535
0.0251631
0.0219649
0.0185443
0.014886
0.0109733
0.00678858
0.00231297
0.0670301
0.0667247
0.0663981
0.0660488
0.0656751
0.0652755
0.0648482
0.0643911
0.0639022
0.0633794
0.0628202
0.0622221
0.0615825
0.0608983
0.0601667
0.0593841
0.0585472
0.0576521
0.0566947
0.0556708
0.0545757
0.0534045
0.0521519
0.0508122
0.0493793
0.0478469
0.0462079
0.0444549
0.0425801
0.040575
0.0384305
0.0361369
0.0336838
0.0310602
0.0282542
0.0252532
0.0220435
0.0186107
0.0149392
0.0110125
0.00681288
0.00232125
0.0672621
0.0669557
0.0666279
0.0662774
0.0659024
0.0655015
0.0650726
0.0646139
0.0641234
0.0635987
0.0630376
0.0624375
0.0617956
0.0611091
0.0603749
0.0595897
0.0587498
0.0578516
0.0568909
0.0558635
0.0547646
0.0535894
0.0523324
0.050988
0.0495502
0.0480125
0.0463678
0.0446088
0.0427275
0.0407154
0.0385635
0.0362619
0.0338004
0.0311677
0.028352
0.0253406
0.0221198
0.0186751
0.0149909
0.0110507
0.00683646
0.00232929
0.0674867
0.0671792
0.0668503
0.0664986
0.0661225
0.0657201
0.0652899
0.0648297
0.0643375
0.0638111
0.063248
0.0626459
0.0620019
0.0613131
0.0605765
0.0597886
0.058946
0.0580447
0.0570809
0.05605
0.0549475
0.0537683
0.0525071
0.0511583
0.0497156
0.0481728
0.0465226
0.0447577
0.0428702
0.0408514
0.0386922
0.036383
0.0339132
0.0312718
0.0284467
0.0254252
0.0221936
0.0187375
0.015041
0.0110876
0.00685928
0.00233707
0.0677034
0.0673949
0.067065
0.0667122
0.0663348
0.0659312
0.0654995
0.0650378
0.0645441
0.064016
0.0634511
0.0628471
0.062201
0.06151
0.060771
0.0599806
0.0591353
0.0582311
0.0572642
0.05623
0.0551239
0.0539409
0.0526757
0.0513225
0.0498753
0.0483274
0.046672
0.0449014
0.0430078
0.0409825
0.0388165
0.0364998
0.0340221
0.0313722
0.028538
0.0255068
0.0222649
0.0187976
0.0150893
0.0111232
0.00688131
0.00234457
0.0679119
0.0676025
0.0672715
0.0669176
0.0665391
0.0661342
0.0657012
0.0652381
0.0647428
0.0642131
0.0636465
0.0630406
0.0623925
0.0616994
0.0609581
0.0601653
0.0593174
0.0584105
0.0574405
0.0564031
0.0552937
0.054107
0.0528379
0.0514806
0.0500289
0.0484763
0.0468157
0.0450397
0.0431403
0.0411087
0.038936
0.0366122
0.0341269
0.0314688
0.0286259
0.0255854
0.0223335
0.0188555
0.0151358
0.0111574
0.0069025
0.00235179
0.0681118
0.0678014
0.0674695
0.0671146
0.0667349
0.0663289
0.0658946
0.0654301
0.0649334
0.0644021
0.0638339
0.0632261
0.0625762
0.061881
0.0611375
0.0603424
0.0594919
0.0585824
0.0576096
0.0565691
0.0554564
0.0542663
0.0529934
0.0516321
0.0501761
0.0486189
0.0469535
0.0451723
0.0432672
0.0412297
0.0390506
0.03672
0.0342273
0.0315614
0.0287102
0.0256607
0.0223992
0.018911
0.0151803
0.0111903
0.00692282
0.00235871
0.0683026
0.0679914
0.0676586
0.0673026
0.0669219
0.0665147
0.0660793
0.0656135
0.0651153
0.0645826
0.0640128
0.0634033
0.0627515
0.0620544
0.0613089
0.0605115
0.0596587
0.0587465
0.057771
0.0567277
0.0556118
0.0544184
0.053142
0.0517768
0.0503167
0.0487552
0.0470851
0.0452989
0.0433885
0.0413453
0.03916
0.0368229
0.0343233
0.0316499
0.0287906
0.0257326
0.022462
0.018964
0.0152229
0.0112216
0.00694222
0.00236533
0.0684841
0.0681721
0.0678384
0.0674815
0.0670998
0.0666915
0.0662549
0.0657879
0.0652884
0.0647542
0.0641829
0.0635718
0.0629183
0.0622194
0.0614718
0.0606723
0.0598172
0.0589027
0.0579245
0.0568784
0.0557596
0.054563
0.0532832
0.0519144
0.0504505
0.0488848
0.0472102
0.0454193
0.0435038
0.0414552
0.0392641
0.0369208
0.0344145
0.031734
0.0288671
0.025801
0.0225217
0.0190144
0.0152633
0.0112514
0.00696067
0.00237161
0.0686559
0.0683431
0.0680085
0.0676507
0.0672681
0.0668588
0.066421
0.0659529
0.0654521
0.0649166
0.0643438
0.0637313
0.0630761
0.0623754
0.061626
0.0608245
0.0599672
0.0590504
0.0580698
0.0570211
0.0558994
0.0546998
0.0534168
0.0520446
0.050577
0.0490074
0.0473286
0.0455332
0.0436129
0.0415591
0.0393626
0.0370133
0.0345008
0.0318136
0.0289395
0.0258657
0.0225782
0.0190621
0.0153016
0.0112797
0.00697813
0.00237756
0.0688175
0.068504
0.0681687
0.06781
0.0674264
0.0670162
0.0665774
0.0661081
0.0656062
0.0650694
0.0644953
0.0638813
0.0632246
0.0625223
0.0617711
0.0609677
0.0601084
0.0591894
0.0582065
0.0571553
0.056031
0.0548286
0.0535426
0.0521671
0.0506961
0.0491227
0.04744
0.0456404
0.0437156
0.041657
0.0394553
0.0371005
0.034582
0.0318885
0.0290077
0.0259266
0.0226313
0.019107
0.0153376
0.0113062
0.00699456
0.00238316
0.0689687
0.0686545
0.0683184
0.0679589
0.0675745
0.0671634
0.0667236
0.0662533
0.0657503
0.0652124
0.064637
0.0640216
0.0633635
0.0626596
0.0619067
0.0611016
0.0602404
0.0593194
0.0583344
0.0572809
0.0561541
0.054949
0.0536602
0.0522817
0.0508074
0.0492306
0.0475442
0.0457406
0.0438116
0.0417485
0.0395419
0.037182
0.034658
0.0319585
0.0290714
0.0259835
0.022681
0.0191489
0.0153713
0.011331
0.00700992
0.00238839
0.069109
0.0687941
0.0684574
0.0680972
0.067712
0.0673
0.0668594
0.0663881
0.0658841
0.065345
0.0647685
0.0641519
0.0634924
0.062787
0.0620327
0.0612259
0.060363
0.0594401
0.0584531
0.0573974
0.0562683
0.0550608
0.0537693
0.0523881
0.0509108
0.0493308
0.047641
0.0458337
0.0439007
0.0418334
0.0396224
0.0372576
0.0347285
0.0320235
0.0291305
0.0260364
0.0227272
0.0191879
0.0154026
0.0113541
0.00702418
0.00239325
0.0692381
0.0689226
0.0685853
0.0682244
0.0678385
0.0674257
0.0669843
0.0665121
0.0660072
0.0654671
0.0648895
0.0642717
0.063611
0.0629043
0.0621486
0.0613403
0.0604757
0.0595511
0.0585623
0.0575046
0.0563735
0.0551637
0.0538698
0.0524859
0.0510059
0.0494229
0.04773
0.0459193
0.0439827
0.0419115
0.0396964
0.0373272
0.0347934
0.0320833
0.0291849
0.026085
0.0227696
0.0192237
0.0154313
0.0113753
0.0070373
0.00239773
0.0693557
0.0690397
0.0687017
0.0683403
0.0679537
0.0675402
0.067098
0.0666251
0.0661192
0.0655783
0.0649997
0.0643808
0.063719
0.0630111
0.0622541
0.0614444
0.0605784
0.0596523
0.0586617
0.0576023
0.0564692
0.0552573
0.0539612
0.052575
0.0510925
0.0495069
0.047811
0.0459973
0.0440574
0.0419827
0.0397638
0.0373906
0.0348524
0.0321378
0.0292345
0.0261293
0.0228083
0.0192564
0.0154575
0.0113946
0.00704925
0.0024018
0.0694614
0.0691449
0.0688064
0.0684444
0.0680572
0.0676431
0.0672002
0.0667266
0.06622
0.0656782
0.0650987
0.0644789
0.0638161
0.0631072
0.062349
0.061538
0.0606707
0.0597431
0.0587511
0.05769
0.0565552
0.0553415
0.0540435
0.0526552
0.0511703
0.0495823
0.0478839
0.0460673
0.0441245
0.0420467
0.0398244
0.0374476
0.0349055
0.0321868
0.029279
0.0261691
0.022843
0.0192857
0.0154811
0.011412
0.00705999
0.00240546
0.0695548
0.0692379
0.068899
0.0685365
0.0681488
0.0677342
0.0672907
0.0668164
0.0663091
0.0657666
0.0651863
0.0645657
0.063902
0.0631921
0.0624329
0.0616208
0.0607524
0.0598236
0.0588301
0.0577677
0.0566313
0.055416
0.0541162
0.052726
0.0512392
0.049649
0.0479483
0.0461293
0.0441839
0.0421033
0.039878
0.037498
0.0349525
0.0322301
0.0293184
0.0262044
0.0228738
0.0193117
0.0155019
0.0114273
0.0070695
0.00240869
0.0696358
0.0693185
0.0689792
0.0686163
0.0682281
0.067813
0.067369
0.0668942
0.0663863
0.0658431
0.0652622
0.0646409
0.0639764
0.0632656
0.0625055
0.0616926
0.0608231
0.0598932
0.0588986
0.0578349
0.0566973
0.0554805
0.0541792
0.0527874
0.0512989
0.0497068
0.0480041
0.046183
0.0442354
0.0421523
0.0399244
0.0375416
0.0349932
0.0322676
0.0293526
0.0262349
0.0229004
0.0193342
0.01552
0.0114406
0.00707773
0.0024115
0.0697039
0.0693864
0.0690467
0.0686834
0.0682949
0.0678794
0.0674349
0.0669596
0.0664513
0.0659076
0.065326
0.0647041
0.064039
0.0633276
0.0625667
0.0617529
0.0608826
0.0599518
0.0589563
0.0578915
0.0567527
0.0555348
0.0542322
0.0528391
0.051349
0.0497555
0.0480511
0.0462282
0.0442786
0.0421935
0.0399635
0.0375784
0.0350274
0.0322992
0.0293813
0.0262605
0.0229228
0.0193531
0.0155352
0.0114518
0.00708465
0.00241386
0.069759
0.0694411
0.0691012
0.0687376
0.0683488
0.0679329
0.0674882
0.0670125
0.0665037
0.0659596
0.0653776
0.0647552
0.0640895
0.0633776
0.0626161
0.0618017
0.0609307
0.0599991
0.0590028
0.0579372
0.0567975
0.0555787
0.054275
0.0528808
0.0513896
0.0497947
0.048089
0.0462647
0.0443136
0.0422268
0.039995
0.037608
0.0350551
0.0323247
0.0294045
0.0262813
0.0229409
0.0193684
0.0155474
0.0114609
0.00709025
0.00241576
0.0698006
0.0694826
0.0691425
0.0687787
0.0683896
0.0679735
0.0675285
0.0670525
0.0665434
0.065999
0.0654166
0.0647939
0.0641278
0.0634154
0.0626535
0.0618386
0.0609671
0.0600349
0.059038
0.0579718
0.0568315
0.0556118
0.0543074
0.0529123
0.0514203
0.0498245
0.0481177
0.0462923
0.0443401
0.042252
0.0400189
0.0376305
0.035076
0.032344
0.029422
0.026297
0.0229546
0.0193799
0.0155567
0.0114677
0.00709448
0.00241721
0.0698286
0.0695104
0.0691702
0.0688063
0.068417
0.0680008
0.0675555
0.0670794
0.0665701
0.0660254
0.0654429
0.0648198
0.0641535
0.0634408
0.0626786
0.0618634
0.0609915
0.060059
0.0590617
0.057995
0.0568542
0.0556341
0.0543292
0.0529336
0.0514409
0.0498444
0.048137
0.0463109
0.0443578
0.042269
0.0400349
0.0376456
0.0350901
0.032357
0.0294338
0.0263075
0.0229638
0.0193877
0.015563
0.0114723
0.00709732
0.00241818
0.0698427
0.0695245
0.0691841
0.0688201
0.0684308
0.0680145
0.0675692
0.0670929
0.0665835
0.0660387
0.0654561
0.0648329
0.0641664
0.0634536
0.0626912
0.0618759
0.0610038
0.0600711
0.0590736
0.0580067
0.0568657
0.0556454
0.0543402
0.0529442
0.0514513
0.0498545
0.0481467
0.0463202
0.0443668
0.0422775
0.040043
0.0376532
0.0350972
0.0323635
0.0294398
0.0263128
0.0229685
0.0193916
0.0155661
0.0114746
0.00709876
0.00241866
)
;

boundaryField
{
    lateral_sides
    {
        type            empty;
    }
    outerwall
    {
        type            calculated;
        value           nonuniform List<scalar> 
214
(
0.0699964
0.069982
0.0699535
0.0699112
0.0698551
0.0697858
0.0697034
0.0696082
0.0695007
0.0693811
0.0692497
0.069107
0.0689532
0.0687888
0.0686141
0.0684296
0.0682355
0.0680323
0.0678204
0.0676002
0.0673721
0.0671364
0.0668936
0.066644
0.0663882
0.0661264
0.065859
0.0655865
0.0653093
0.0650277
0.0647421
0.0644529
0.0641604
0.0638651
0.0635673
0.0632673
0.0629655
0.0626623
0.0623579
0.0620528
0.0617472
0.0614414
0.0611358
0.0608306
0.0605262
0.0602229
0.0599208
0.0596203
0.0593217
0.0590252
0.058731
0.0584393
0.0581505
0.0578647
0.0575821
0.057303
0.0570274
0.0567557
0.056488
0.0562244
0.0559651
0.0557103
0.0554602
0.0552147
0.0549742
0.0547386
0.0545082
0.0542829
0.054063
0.0538485
0.0536395
0.0534361
0.0532383
0.0530462
0.0528599
0.0526794
0.0525048
0.0523361
0.0521732
0.0520164
0.0518655
0.0517207
0.0515818
0.051449
0.0513221
0.0512013
0.0510865
0.0509776
0.0508748
0.0507778
0.0506868
0.0506017
0.0505224
0.050449
0.0503813
0.0503194
0.0502631
0.0502125
0.0501675
0.0501279
0.0500939
0.0500652
0.0500419
0.0500239
0.050011
0.0500033
0.0500006
0.050003
0.0500102
0.0500226
0.05004
0.0500626
0.0500904
0.0501235
0.0501619
0.0502058
0.0502551
0.0503099
0.0503703
0.0504363
0.050508
0.0505854
0.0506685
0.0507574
0.0508521
0.0509526
0.051059
0.0511712
0.0512894
0.0514134
0.0515433
0.0516792
0.0518209
0.0519685
0.0521221
0.0522814
0.0524466
0.0526177
0.0527944
0.052977
0.0531652
0.053359
0.0535584
0.0537633
0.0539736
0.0541893
0.0544102
0.0546364
0.0548676
0.0551037
0.0553447
0.0555905
0.0558408
0.0560956
0.0563548
0.0566181
0.0568854
0.0571565
0.0574313
0.0577096
0.0579911
0.0582758
0.0585633
0.0588535
0.0591461
0.059441
0.0597378
0.0600363
0.0603363
0.0606375
0.0609395
0.0612423
0.0615454
0.0618485
0.0621514
0.0624538
0.0627552
0.0630555
0.0633542
0.0636511
0.0639458
0.0642379
0.0645271
0.064813
0.0650953
0.0653736
0.0656475
0.0659167
0.0661807
0.0664392
0.0666917
0.066938
0.0671776
0.0674101
0.0676352
0.0678524
0.0680613
0.0682617
0.068453
0.0686349
0.068807
0.068969
0.0691205
0.0692611
0.0693905
0.0695083
0.0696143
0.069708
0.0697891
0.0698574
0.0699125
0.0699543
0.0699823
0.0699965
)
;
    }
    longitudinal_symmetry
    {
        type            symmetryPlane;
    }
    inlet
    {
        type            calculated;
        value           nonuniform List<scalar> 
42
(
0.0698462
0.069528
0.0691876
0.0688236
0.0684343
0.0680179
0.0675726
0.0670963
0.0665869
0.0660421
0.0654594
0.0648362
0.0641697
0.0634568
0.0626944
0.061879
0.0610069
0.0600742
0.0590766
0.0580097
0.0568686
0.0556482
0.0543429
0.0529469
0.0514539
0.049857
0.0481492
0.0463226
0.044369
0.0422797
0.040045
0.0376551
0.0350989
0.0323651
0.0294413
0.0263141
0.0229696
0.0193926
0.0155669
0.0114752
0.0070991
0.00241877
)
;
    }
    outlet
    {
        type            calculated;
        value           nonuniform List<scalar> 
42
(
0.0698462
0.069528
0.0691876
0.0688236
0.0684343
0.0680179
0.0675726
0.0670963
0.0665869
0.0660421
0.0654594
0.0648362
0.0641697
0.0634568
0.0626944
0.061879
0.0610069
0.0600742
0.0590766
0.0580097
0.0568686
0.0556482
0.0543429
0.0529469
0.0514539
0.049857
0.0481492
0.0463226
0.044369
0.0422797
0.040045
0.0376551
0.0350989
0.0323651
0.0294413
0.0263141
0.0229696
0.0193926
0.0155669
0.0114752
0.0070991
0.00241877
)
;
    }
}


// ************************************************************************* //
