/*--------------------------------*- C++ -*----------------------------------*\
| =========                 |                                                 |
| \\      /  F ield         | OpenFOAM: The Open Source CFD Toolbox           |
|  \\    /   O peration     | Version:  2406                                  |
|   \\  /    A nd           | Website:  www.openfoam.com                      |
|    \\/     M anipulation  |                                                 |
\*---------------------------------------------------------------------------*/
FoamFile
{
    version     2.0;
    format      ascii;
    arch        "LSB;label=32;scalar=64";
    class       volScalarField;
    location    "0.109";
    object      ddt0(rho);
}
// * * * * * * * * * * * * * * * * * * * * * * * * * * * * * * * * * * * * * //

dimensions      [1 -3 -1 0 0 0 0];

internalField   nonuniform List<scalar> 
8988
(
-0.0897106
0.236976
0.083113
-0.370935
-0.00629335
0.17649
0.269231
0.0525913
-0.163965
-0.000859108
0.0832082
0.0525993
0.0246265
0.0205986
0.0369835
0.0476205
0.0476737
0.0403321
0.0323165
0.0268556
0.0246881
0.0229031
0.0216567
0.0201925
0.0170821
0.0148138
0.0140801
0.0157532
0.0164385
0.0131039
0.00861398
0.00620238
0.00484748
0.00233919
-0.00145281
-0.00543774
-0.00945851
-0.014377
-0.0211891
-0.0301272
-0.0426082
-0.0548918
-0.0849301
0.260113
0.940597
-1.02825
-0.604565
1.56524
0.532862
-0.958028
-0.172361
0.630388
0.280769
-0.093189
0.0235904
0.168193
0.112425
0.0732928
0.0815119
0.0821459
0.0756716
0.0746493
0.0672949
0.0613552
0.0602325
0.0587592
0.0542736
0.0433059
0.0388744
0.0395229
0.0381759
0.0244699
0.00524084
-0.00319189
-0.00724569
-0.0145737
-0.0239547
-0.0322889
-0.0399562
-0.0501965
-0.0630325
-0.0752651
-0.0799927
-0.0879867
-2.05959
0.789373
2.59236
0.73793
-2.15504
0.188979
1.01386
0.85172
-0.596784
-0.487989
0.594542
0.410061
0.0621802
0.0860083
0.188413
0.146168
0.12571
0.132686
0.131919
0.126137
0.120446
0.114569
0.112963
0.112319
0.105457
0.0875499
0.0654915
0.0507737
0.0445814
0.0289895
0.0108496
-0.00261218
-0.0144132
-0.0281577
-0.0458128
-0.0619743
-0.0752403
-0.0859898
-0.0938692
-0.0996836
-0.100761
-0.110155
-1.97155
0.908588
2.07688
0.611411
-0.443269
-0.791073
-0.448197
2.20096
0.145158
-0.92282
0.0177617
0.913044
0.210625
-0.0390872
0.233048
0.22126
0.162599
0.16049
0.16041
0.148843
0.144715
0.144407
0.140991
0.131909
0.116785
0.0968284
0.0771529
0.0605469
0.0433389
0.0245581
0.00746825
-0.00880756
-0.0282714
-0.0487117
-0.0684039
-0.0846014
-0.0956778
-0.101759
-0.105427
-0.109592
-0.116663
-0.121687
-0.16306
0.442462
-0.672052
0.500911
1.63593
0.111392
-0.833607
0.254431
0.795459
0.0435648
-0.034834
0.325398
0.207667
0.187219
0.203544
0.185761
0.178602
0.177306
0.163322
0.150377
0.148325
0.151651
0.148399
0.128722
0.107393
0.0943029
0.0836316
0.0658557
0.0346546
0.00909785
-0.00886747
-0.0287862
-0.0500605
-0.0687286
-0.0846715
-0.0988257
-0.107524
-0.1097
-0.107555
-0.104097
-0.107681
-0.120188
1.4277
-0.180784
-0.749003
-0.718528
-0.150469
2.04108
0.49051
-1.36066
-0.295155
1.09818
0.293292
-0.141774
0.228302
0.186298
0.139163
0.147622
0.156963
0.160747
0.14887
0.130391
0.128735
0.142665
0.139085
0.102385
0.0729251
0.0701119
0.0735775
0.0590267
0.0298155
0.00813934
-0.00774617
-0.0255596
-0.0442652
-0.0613306
-0.0760666
-0.0892515
-0.0953129
-0.101453
-0.100713
-0.0974589
-0.0981053
-0.106073
0.53371
-0.255617
0.790965
0.143048
-1.74373
-0.57234
2.02579
0.284592
-0.796881
0.0388165
0.316294
-0.0414177
0.0834257
0.1369
0.0741333
0.0215251
0.037835
0.0860229
0.103944
0.0725727
0.0570154
0.0758257
0.0901407
0.0679563
0.0479497
0.053321
0.0626843
0.0533114
0.0387438
0.0310605
0.0234085
0.0100606
-0.00506579
-0.0194418
-0.033548
-0.0481319
-0.0626692
-0.0758434
-0.0807769
-0.0786125
-0.0789131
-0.0850074
-1.01422
0.148207
-0.090843
1.03032
0.739227
-1.3772
-0.693511
0.872467
0.307353
-0.387725
-0.0613653
-0.043569
0.00643764
0.060813
-0.0250692
-0.089555
-0.044512
0.0282136
0.0531334
0.0105337
-0.00432608
0.0156553
0.0316404
0.0202854
0.0150682
0.0291457
0.0403537
0.0362257
0.0352709
0.0422431
0.047063
0.0449775
0.0400169
0.0318766
0.0197738
0.00482121
-0.0137688
-0.0342509
-0.0495551
-0.0519991
-0.0460249
-0.0427244
0.974684
-0.409564
-1.27399
-0.857701
0.69256
0.881355
-0.670516
-0.938069
0.24587
0.28383
-0.303454
-0.256429
-0.0351401
-0.0672284
-0.120984
-0.102169
-0.0963601
-0.0917185
-0.0727678
-0.0631545
-0.0617901
-0.0755161
-0.0631203
-0.0357897
-0.014851
-4.11167e-05
0.00798237
0.0159593
0.0302133
0.0480104
0.0621962
0.0717486
0.0780646
0.0783268
0.0716409
0.0588488
0.0420432
0.0242791
0.0100901
0.00284758
0.00159937
0.00396188
-2.06538
0.413608
1.32388
0.426807
-1.14719
-1.17174
0.48499
0.322478
-0.420677
-0.339215
-0.183228
-0.18399
-0.168932
-0.256156
-0.203733
-0.159955
-0.204602
-0.238329
-0.226334
-0.169055
-0.15561
-0.172974
-0.159763
-0.121728
-0.0859398
-0.0651406
-0.0474152
-0.0207326
0.0117885
0.0409848
0.0628103
0.080652
0.0960668
0.106797
0.111592
0.110374
0.105691
0.100103
0.0926943
0.0817397
0.0695913
0.0600837
-0.0996608
-0.104606
-1.61866
-0.59547
1.72463
0.382393
-1.95607
-0.639548
0.343276
0.0681096
-0.606927
-0.287901
-0.161143
-0.264842
-0.288212
-0.245512
-0.262614
-0.270594
-0.260022
-0.234671
-0.228964
-0.240033
-0.220432
-0.185639
-0.169356
-0.156613
-0.129428
-0.0904407
-0.0476769
-0.00778987
0.0266943
0.057802
0.0875114
0.115412
0.139638
0.15885
0.173499
0.183589
0.186752
0.181952
0.17222
0.165657
0.949821
-0.716994
-0.223151
-1.69558
-1.3659
1.22944
0.509126
-1.02615
-0.917481
-0.000547714
-0.253519
-0.441204
-0.221454
-0.306791
-0.359342
-0.271294
-0.300843
-0.316814
-0.282926
-0.253792
-0.258735
-0.281331
-0.258547
-0.224548
-0.219111
-0.218696
-0.198944
-0.168837
-0.136308
-0.100295
-0.0586765
-0.0105142
0.0434944
0.0993467
0.149836
0.190019
0.22051
0.243257
0.25835
0.263248
0.259406
0.255169
-3.35074
0.770684
1.97235
0.44282
-1.4499
-1.69805
0.333766
0.470325
-0.505478
-0.816564
-0.22656
-0.386093
-0.210772
-0.359541
-0.481396
-0.27815
-0.285924
-0.352311
-0.314638
-0.285238
-0.28268
-0.301038
-0.286737
-0.257631
-0.248518
-0.242504
-0.229516
-0.215601
-0.200813
-0.179743
-0.146993
-0.0985501
-0.0335251
0.0432805
0.121287
0.189786
0.242422
0.285514
0.310898
0.325876
0.336205
0.340518
-0.993054
-0.142159
-1.64835
1.15786
1.24028
-1.61129
-1.53834
0.21774
0.3597
-0.670664
-0.553078
-0.398645
-0.144349
-0.335852
-0.512824
-0.310243
-0.314353
-0.36763
-0.326382
-0.307633
-0.314622
-0.317486
-0.304615
-0.291231
-0.27635
-0.259801
-0.246361
-0.232875
-0.216275
-0.197033
-0.172592
-0.139184
-0.093564
-0.0329734
0.043234
0.132614
0.224869
0.303484
0.36552
0.403613
0.425255
0.439374
1.79683
-0.8064
-2.70629
-1.19116
1.33803
0.946761
-1.42039
-1.32815
0.224696
-0.112142
-0.621261
-0.459114
-0.180139
-0.392345
-0.438942
-0.292772
-0.347974
-0.381405
-0.328458
-0.325199
-0.32985
-0.322086
-0.317479
-0.304947
-0.28243
-0.265479
-0.25499
-0.235929
-0.207816
-0.176332
-0.154205
-0.131386
-0.0967239
-0.0596583
-0.00739015
0.0574865
0.153334
0.256223
0.368431
0.450355
0.497698
0.521299
0.556252
-0.820219
-0.0170802
-1.08348
-1.47418
0.57242
0.335647
-0.972739
-0.611766
-0.0345366
-0.44553
-0.33871
-0.31145
-0.51435
-0.284176
-0.254307
-0.394384
-0.37129
-0.318937
-0.314917
-0.324931
-0.330086
-0.310633
-0.284565
-0.26755
-0.255178
-0.240962
-0.220874
-0.188378
-0.153908
-0.124669
-0.0995609
-0.0728247
-0.0445324
-0.0129502
0.0298034
0.0973269
0.201592
0.316479
0.421121
0.513658
0.578713
-1.52775
0.240176
-0.229043
0.75149
0.238021
-1.71802
-0.445848
0.247657
-0.311317
-0.567141
-0.303608
-0.132968
-0.466765
-0.430122
-0.195022
-0.344118
-0.393496
-0.297506
-0.306588
-0.309876
-0.291569
-0.293614
-0.287045
-0.264202
-0.245374
-0.232765
-0.213291
-0.184999
-0.153044
-0.123339
-0.095981
-0.0682421
-0.0394582
-0.0115839
0.0167128
0.0517169
0.0982404
0.160041
0.250271
0.351744
0.428444
0.499481
1.7457
-0.925585
-2.91829
-0.779543
1.74559
0.785292
-1.42081
-1.07425
0.297073
-0.295408
-0.381521
-0.236211
-0.418685
-0.259641
-0.221733
-0.402769
-0.300383
-0.191376
-0.27145
-0.307698
-0.256287
-0.238036
-0.240955
-0.231318
-0.21319
-0.19098
-0.168706
-0.145108
-0.119497
-0.0945465
-0.0682282
-0.0369448
-0.00292579
0.0289941
0.0591393
0.0918978
0.128297
0.16582
0.208821
0.261319
0.311163
0.366255
0.162464
-0.711131
0.204133
-0.331885
-0.961828
-0.0870612
0.0362382
-0.421499
-0.294899
-0.180653
-0.282372
-0.255955
-0.311234
-0.258236
-0.176052
-0.292191
-0.270743
-0.164402
-0.212953
-0.261587
-0.223875
-0.188197
-0.184979
-0.188095
-0.170332
-0.141036
-0.118585
-0.102227
-0.0845336
-0.0630147
-0.0360871
-0.00306523
0.0321079
0.0649369
0.0945605
0.121753
0.146465
0.167635
0.180572
0.188948
0.20562
0.200231
-1.36952
-0.16486
0.102129
1.43984
0.274679
-2.0429
-0.306664
0.634275
-0.300012
-0.393446
-0.151356
-0.139869
-0.201197
-0.24773
-0.150727
-0.16581
-0.200907
-0.163615
-0.168308
-0.181892
-0.162951
-0.143172
-0.136121
-0.128544
-0.112103
-0.0928313
-0.0764707
-0.0608178
-0.0429438
-0.0221376
0.00301068
0.0321028
0.0614192
0.0886908
0.113197
0.132948
0.145903
0.150521
0.140839
0.112433
0.0608678
0.0523137
0.136668
-0.739167
-1.40476
-0.06944
2.09331
-0.0771418
-1.46786
0.190931
0.249119
-0.28653
-0.154105
-0.0751565
-0.109129
-0.134222
-0.148279
-0.101489
-0.0835615
-0.133449
-0.128178
-0.0753986
-0.0626334
-0.0855327
-0.0894078
-0.0689945
-0.0473644
-0.0420087
-0.0396581
-0.0217377
0.00524763
0.026344
0.0425374
0.0603748
0.0792101
0.0970923
0.113088
0.122975
0.121212
0.104652
0.0698798
0.0173883
-0.05414
-0.0803953
-2.72068
1.17342
2.49027
0.659242
-1.84428
-1.28078
1.08763
0.676638
-0.425276
-0.403282
0.200254
-0.0311811
-0.0709177
0.0049418
-0.0738666
-0.0284466
0.0276447
-0.044655
-0.0583339
-0.00111155
0.01073
-0.0197836
-0.0266334
-0.00348385
0.0170594
0.0147001
0.0116932
0.0288682
0.0507705
0.0606547
0.0674991
0.0785864
0.0875873
0.0912872
0.0910367
0.0828056
0.0606621
0.0244751
-0.0243212
-0.0771069
-0.124791
-0.156489
-0.0665613
0.0583591
-0.776279
0.561328
1.31829
-0.712859
-0.453987
0.574155
0.0882686
-0.128823
0.149426
0.0225671
0.0400846
0.0720963
0.00296643
0.0675521
0.122832
0.0576884
0.0313758
0.0724844
0.0954269
0.0738069
0.0534999
0.0567143
0.0658788
0.0675591
0.0725698
0.0864474
0.0916506
0.0830289
0.0772346
0.0782557
0.0748946
0.0620952
0.0406258
0.0101147
-0.0277558
-0.0679564
-0.108793
-0.14648
-0.169065
-0.182718
-0.219353
-0.627779
-0.630749
0.789925
2.62477
-0.410144
-1.56234
0.456008
0.966046
-0.145424
0.0271218
0.280817
0.188376
0.0821117
0.142473
0.182699
0.156215
0.139456
0.133544
0.129218
0.139014
0.15538
0.153342
0.138882
0.129364
0.124462
0.121466
0.118214
0.108798
0.0913431
0.0725443
0.0545369
0.0321158
0.00257323
-0.0331094
-0.0709013
-0.105582
-0.134617
-0.159342
-0.181796
-0.198376
-0.200238
-2.31604
1.25647
-0.00741486
3.39541
1.11659
-2.58513
-1.36548
1.845
1.00393
-0.541479
0.330632
0.478669
0.182153
0.122131
0.30326
0.317266
0.219366
0.205639
0.227587
0.222219
0.214645
0.213294
0.198888
0.181012
0.174606
0.169852
0.153907
0.12901
0.102736
0.0748514
0.0446731
0.012863
-0.022219
-0.0597008
-0.0955673
-0.126169
-0.150818
-0.170628
-0.187152
-0.202172
-0.215931
-0.219082
1.58649
-0.0495132
-0.479577
-0.138042
-0.0262372
1.32822
0.314834
-0.123471
0.431479
0.402341
0.243278
0.382637
0.245426
0.198102
0.351737
0.324295
0.257433
0.279068
0.293477
0.277256
0.269977
0.261211
0.230739
0.203375
0.195045
0.186968
0.162239
0.12468
0.0853687
0.0479582
0.0122462
-0.023189
-0.0605128
-0.0970589
-0.127932
-0.152757
-0.174236
-0.192371
-0.206349
-0.217384
-0.227648
-0.232172
2.35393
0.333764
-0.0346527
-1.8933
-1.35914
3.64289
0.974084
-0.968826
0.121078
0.72827
0.260269
0.380755
0.333322
0.295034
0.357174
0.332438
0.315355
0.311112
0.288871
0.285605
0.297676
0.282418
0.241727
0.213708
0.204463
0.181266
0.144684
0.109826
0.0744968
0.0396335
0.00328231
-0.0353111
-0.0741397
-0.109023
-0.137109
-0.160543
-0.182876
-0.203092
-0.218204
-0.227461
-0.235411
-0.239801
-0.587591
0.79136
0.80568
0.925542
-0.170136
-0.153562
0.354762
0.996296
0.200423
0.0655503
0.461339
0.372854
0.290033
0.346319
0.335656
0.326105
0.330793
0.302922
0.28464
0.294688
0.293141
0.263484
0.23356
0.219177
0.199393
0.168944
0.136681
0.100261
0.0710566
0.043893
0.00742509
-0.030903
-0.0660536
-0.0974485
-0.125406
-0.15257
-0.179029
-0.202803
-0.220279
-0.230873
-0.23916
-0.242428
2.10946
-0.429469
-1.71128
0.743765
0.984172
1.11725
-0.180965
-0.520977
0.654225
0.633687
0.139255
0.291155
0.357473
0.317219
0.300893
0.317364
0.308657
0.274751
0.267242
0.277454
0.265821
0.232978
0.211374
0.20249
0.186335
0.158699
0.126634
0.102628
0.0831533
0.0539751
0.0163595
-0.0183299
-0.0471208
-0.0735257
-0.101285
-0.132306
-0.163127
-0.188597
-0.207987
-0.224564
-0.238012
-0.240992
-1.52465
0.665587
-0.761977
3.28475
1.00715
-1.5397
-0.560662
1.11904
0.551551
-0.0524538
0.308657
0.314458
0.255642
0.273259
0.272991
0.271538
0.25756
0.230429
0.220026
0.22575
0.218527
0.199309
0.188548
0.184242
0.173406
0.149499
0.124852
0.107242
0.088389
0.062079
0.0326091
0.00331689
-0.0247069
-0.049428
-0.0733737
-0.103632
-0.137246
-0.165337
-0.186898
-0.205519
-0.224022
-0.230448
-1.46704
0.953729
3.83244
0.369865
-3.55362
-1.67965
3.64433
1.08617
-1.1331
-0.0838968
0.516241
0.185699
0.209292
0.16041
0.148902
0.233191
0.197792
0.151799
0.184643
0.199887
0.162503
0.148057
0.159391
0.161987
0.143242
0.122866
0.116236
0.107056
0.0853563
0.0642303
0.0481542
0.0274597
0.000517757
-0.0245759
-0.0474655
-0.0752164
-0.105293
-0.130359
-0.15212
-0.174658
-0.199552
-0.208613
-0.522134
0.690119
3.17721
-1.26198
-3.25032
-0.800469
4.19697
0.365897
-1.80991
0.394758
0.476833
-0.0554552
0.20127
0.0979723
0.0619982
0.190645
0.0915395
0.070003
0.172442
0.156874
0.103597
0.110952
0.140425
0.140642
0.104349
0.0865613
0.0949458
0.091525
0.0705539
0.0573992
0.052529
0.0398849
0.018435
-0.00254923
-0.0226506
-0.0454655
-0.067935
-0.0882504
-0.111661
-0.137634
-0.161328
-0.172048
-0.716934
-0.3581
-0.458057
0.23641
2.97767
0.0508038
-1.80759
-1.26318
1.70842
0.481963
-0.516224
0.138017
0.194154
-0.0264074
0.0673011
0.123194
0.00875337
0.0548525
0.144959
0.0780382
0.0395712
0.0683831
0.0966445
0.0924071
0.0677162
0.0614678
0.0682987
0.0626973
0.0504285
0.0472858
0.0467847
0.0380741
0.0250222
0.0135051
0.000544992
-0.0151656
-0.0303405
-0.0475291
-0.0715167
-0.0954182
-0.111712
-0.122218
1.99886
-0.77969
-2.20073
0.413767
0.873706
1.3034
-0.896637
-0.85476
0.248795
0.613904
-0.30322
0.0265118
0.0567513
-0.0319414
0.0441617
0.0250023
0.000845401
0.0379985
0.0442506
0.0313817
0.0331186
0.0297444
0.0240735
0.0237028
0.0284557
0.0325074
0.0324906
0.0306356
0.0314915
0.0353881
0.0357469
0.0295533
0.0235226
0.0211675
0.0170202
0.00915828
0.00027678
-0.0125774
-0.0313718
-0.0481177
-0.0571964
-0.066976
-2.00107
0.467575
3.31637
0.452601
-3.13121
-0.777513
0.596569
1.66059
-0.403544
-0.88408
0.308188
0.0898301
-0.142503
-0.00647522
-0.0241141
-0.0266286
0.0229948
-0.0225406
-0.0397533
0.00459284
0.0115458
-0.0100458
-0.0155195
-0.00587684
-0.000913619
-0.00444701
-0.00256993
0.00646567
0.0121066
0.0135794
0.0152561
0.0170017
0.0195391
0.0234407
0.025502
0.0245816
0.0217231
0.015316
0.00630593
-0.000598968
-0.00374378
-0.0116672
-1.14641
0.49414
-0.810363
1.53996
0.952758
-1.55393
-0.870023
0.437353
0.661854
-0.527299
-0.122434
0.0522973
-0.0995925
-0.072843
-0.0810217
-0.0191011
-0.000363971
-0.073986
-0.0744243
-0.0386628
-0.0448296
-0.0472631
-0.0337711
-0.0212433
-0.0220415
-0.0284915
-0.0231262
-0.0102875
-0.00442397
-0.00454665
-0.00267531
0.00279028
0.0104302
0.0186982
0.0257957
0.0313537
0.0353049
0.0372092
0.0391699
0.041951
0.0436386
0.0385703
3.51144
-0.454361
-1.79724
-3.17152
-0.618187
2.6544
1.53798
-1.36558
-1.16502
0.416524
0.216206
-0.239714
-0.0834913
-0.0499772
-0.13407
-0.0622331
-0.0613415
-0.111245
-0.0721161
-0.0377031
-0.055781
-0.0621834
-0.0504134
-0.0453294
-0.0493889
-0.0474681
-0.0349045
-0.0234037
-0.0217206
-0.0214754
-0.0157933
-0.00725435
0.00132418
0.0106091
0.021565
0.0336369
0.0449531
0.0546924
0.0648456
0.0745297
0.0808114
0.0806588
-2.84105
0.560452
3.66337
0.562283
-3.2077
-1.03808
0.817095
1.35999
-0.529947
-1.05356
0.304861
0.024566
-0.169269
-0.106492
-0.0953634
-0.0379131
-0.101609
-0.11164
-0.0604994
-0.0735791
-0.085636
-0.0629839
-0.0565573
-0.0688576
-0.0709804
-0.057599
-0.040852
-0.0378178
-0.0392631
-0.0345947
-0.0265361
-0.0180913
-0.00815137
0.00407449
0.0188238
0.0357031
0.0526697
0.068031
0.0826178
0.0957054
0.105795
0.111518
-1.47075
0.0427375
-1.18107
2.865
1.38932
-2.32624
-1.31396
0.853489
0.78304
-0.659977
-0.402383
0.106285
-0.0742864
-0.189749
-0.0478627
-0.0732474
-0.14279
-0.0517363
-0.0666924
-0.129437
-0.0952291
-0.0483269
-0.0750347
-0.0941352
-0.0767104
-0.0547237
-0.0513341
-0.0588038
-0.0528774
-0.0407832
-0.034372
-0.0267768
-0.0133954
0.00255237
0.0197585
0.038275
0.0571328
0.0754611
0.0925302
0.106881
0.118793
0.128746
2.61843
-0.579328
-3.51016
-0.721871
-0.0833754
3.71823
-1.04952
-2.13635
-0.0668349
1.09471
-0.293825
-0.270759
-0.0410045
-0.123492
-0.0374882
-0.166701
-0.109729
-0.0116157
-0.147089
-0.150667
-0.0355754
-0.0592147
-0.123155
-0.11144
-0.0494305
-0.049368
-0.072666
-0.0697903
-0.0495152
-0.0433715
-0.0431165
-0.0300846
-0.0106872
0.00632318
0.0223119
0.0390056
0.0568267
0.0763712
0.0951444
0.109748
0.121319
0.132547
1.44165
0.352252
0.339133
-2.88849
-0.594607
0.0766625
2.21643
-0.445162
-1.34766
0.003662
0.443436
-0.272935
-0.171113
-0.0347568
-0.128007
-0.158703
-0.0088564
-0.103095
-0.17616
-0.0644379
-0.0451121
-0.120438
-0.118203
-0.0618859
-0.0562244
-0.0826208
-0.0789743
-0.0510144
-0.0408513
-0.0480547
-0.0408553
-0.0220788
-0.00612523
0.00797882
0.0235688
0.0386935
0.0542848
0.072375
0.0914165
0.105313
0.114346
0.124425
-3.77672
1.27933
3.81288
0.545731
-3.00629
-1.15136
0.121319
1.96284
-0.408205
-1.10197
0.247585
0.0722979
-0.234806
-0.0448105
-0.165581
-0.0789113
-0.00270507
-0.213161
-0.139978
0.0448433
-0.0814159
-0.157342
-0.0827651
-0.0158518
-0.0795607
-0.107876
-0.0588182
-0.0330785
-0.0463944
-0.0464564
-0.0259477
-0.0095212
-0.00245444
0.00691766
0.020312
0.0363017
0.0526821
0.0664374
0.078177
0.0902495
0.101226
0.110135
-0.854315
-0.863334
-0.553839
-0.606541
4.34951
-0.123632
-2.50013
-1.24715
1.21032
0.298429
-0.2713
-0.192278
-0.119551
-0.0532246
-0.180194
-0.0325122
-0.0837919
-0.206922
-0.0599895
-0.00703142
-0.114185
-0.109483
-0.0327385
-0.0423694
-0.0871408
-0.0666455
-0.0265764
-0.0412809
-0.0485753
-0.0266309
-0.0119486
-0.00700648
-0.00324783
0.00445613
0.0158439
0.0316388
0.0477151
0.0573924
0.0626258
0.0712642
0.0818498
0.0906474
0.627152
-2.35637
-1.03986
-0.470212
4.81112
1.05066
-4.04472
-2.11295
2.97754
0.402767
-1.04166
-0.143254
0.0567416
-0.107124
-0.0438405
-0.0398908
-0.154587
-0.0721457
0.0132623
-0.0870935
-0.116635
-0.0457811
-0.0225837
-0.0614753
-0.0649216
-0.0227528
-0.0209352
-0.0460624
-0.0383196
-0.0118483
-0.00320963
-0.00536345
-0.00475807
0.00197421
0.0123927
0.0248535
0.0361847
0.0424685
0.0456161
0.0522277
0.0608839
0.0689333
-1.40012
0.476991
3.00688
-0.0474743
-3.03622
-1.1446
2.13104
0.637289
-0.891534
-0.397182
0.17531
-0.0303741
-0.173052
-0.0259462
-0.0176104
-0.0947912
0.00730181
-0.0422776
-0.141105
-0.0530698
0.0341738
-0.0445592
-0.0989708
-0.0470648
0.017625
-0.00707011
-0.0444335
-0.0293393
-0.00453827
-0.00462292
-0.0103569
-0.00751107
-0.000760687
0.00401548
0.00776696
0.0126498
0.0193011
0.0255473
0.0294425
0.0338735
0.0401795
0.0478272
-3.22455
1.09023
3.82695
0.606233
-3.05276
-1.26781
0.0598712
2.24836
-0.189334
-1.1551
0.169809
0.132363
-0.0729693
0.0906902
-0.190021
-0.168259
0.207066
-0.011442
-0.221296
-0.0621576
0.175209
-0.033613
-0.142632
-0.039648
0.0723842
-0.00741084
-0.0578811
-0.00539687
0.0256395
0.00294932
-0.017786
-0.0127571
5.39356e-05
0.00586623
0.00452869
0.000285677
0.00133515
0.00921636
0.0153888
0.0175078
0.0211917
0.0282192
-1.76319
0.908769
-1.00305
3.21927
0.543148
-2.77304
-1.5029
2.45032
0.334677
-0.885348
0.0696607
3.41068e-05
-0.0554431
0.137571
-0.247376
-0.0637931
0.296152
-0.126432
-0.191264
0.142993
0.107398
-0.0873826
-0.0887211
0.041467
0.0546195
-0.0313821
-0.0360126
0.02314
0.0296076
0.002662
-0.0129792
-0.0119947
-0.00455308
0.00169683
0.000448936
-0.00824579
-0.0117683
-0.00449849
0.00226349
0.00287051
0.00447833
0.00945065
-2.54566
1.41225
-0.0517543
3.26269
0.478535
-3.74296
-1.42495
3.2047
0.516602
-1.19777
-0.0777086
0.182141
-0.0791967
-0.00911443
-0.0531032
0.17018
0.145255
-0.237293
-0.116664
0.274764
0.0658323
-0.10634
-0.0393848
0.0805349
0.0308398
-0.0261596
0.00298794
0.0334674
0.0197469
0.00421127
-0.00250854
-0.00982043
-0.00909913
-0.00228009
-0.0038536
-0.0137718
-0.0186114
-0.0145609
-0.010641
-0.0103763
-0.00938909
-0.00776874
-2.42413
1.78997
-0.155597
2.29013
0.349503
-2.55782
-0.9869
2.21017
0.0401887
-0.744987
0.2765
0.0469936
-0.0586722
0.0905419
-0.0281429
0.221152
0.0379159
-0.203626
0.00550198
0.26296
-0.00206366
-0.0881578
0.0550567
0.0947129
0.00261877
-0.0172937
0.0315124
0.0313091
0.0115413
0.00881184
0.00549575
-0.00317926
-0.00516013
-0.00527776
-0.0117923
-0.0183028
-0.0197308
-0.02011
-0.0213352
-0.0214613
-0.0208719
-0.0224171
-0.252334
-1.28267
-0.411443
-0.533197
4.65135
0.563875
-3.87979
-1.47532
2.96531
0.767102
-0.894757
-0.271632
0.447054
-0.0815512
-0.112611
0.29841
0.00488075
-0.0752727
0.156741
0.0257899
-0.0721688
0.0328345
0.11658
0.0370624
-0.0168537
0.0195273
0.0486604
0.0289397
0.0125707
0.00905137
0.004909
0.0027294
0.00143487
-0.00697715
-0.0175656
-0.0204123
-0.0201874
-0.0238821
-0.0274873
-0.0284583
-0.0300524
-0.0339008
1.39677
0.241512
-0.623585
0.382558
-0.887666
0.907756
-0.330048
-0.92605
0.662952
0.993416
-0.650437
-0.17961
0.366511
-0.0997462
0.0206179
0.121622
-0.0250453
0.0667238
0.0854757
0.00180372
0.0389462
0.0958836
0.0522885
0.00740618
0.0222611
0.04653
0.0381025
0.0244599
0.0174468
0.0114633
0.00859029
0.00732199
0.00107276
-0.0104859
-0.0181429
-0.0189453
-0.0214035
-0.0271337
-0.0304206
-0.0322739
-0.0358431
-0.0400143
-1.4301
0.718482
-1.14674
2.45928
1.35301
-2.49731
-0.927006
1.11871
1.31032
-0.679589
-0.579412
0.514483
0.110229
-0.0194395
0.0495332
-0.0439201
0.0884701
0.151596
0.0292552
0.0155053
0.0721475
0.0548038
0.0143807
0.0143421
0.036158
0.0463957
0.0437626
0.032407
0.0180165
0.0124071
0.0123438
0.00734925
-0.00102721
-0.00856393
-0.0136121
-0.0175447
-0.0234676
-0.0294504
-0.0329235
-0.0357317
-0.0382546
-0.0398746
2.96256
-1.62395
-3.7077
-0.535452
4.74943
0.810741
-2.75857
-1.01116
1.76829
0.336583
-0.629985
0.229962
0.142808
-0.0228289
0.00288728
0.0619864
0.0307066
0.0306871
0.113501
0.0946115
0.00336588
-0.00520759
0.0528994
0.0734038
0.0386976
0.0204026
0.033579
0.0353762
0.0220427
0.0138864
0.0089672
0.00331113
-0.000981638
-0.00446355
-0.00912726
-0.016096
-0.0228745
-0.0282877
-0.0330475
-0.0367054
-0.03841
-0.0386353
-2.38498
0.837599
3.48489
0.56538
-2.86021
-1.14235
0.0204228
2.5163
0.0137327
-0.962549
0.0839261
0.117078
0.0452818
0.00385698
0.0738589
0.107559
0.01566
0.0307916
0.0682387
0.00316984
-0.0140898
0.0529054
0.0953907
0.0549841
0.00423611
0.0126686
0.0445718
0.03418
0.0142782
0.0119793
0.0117655
0.00598393
0.000876273
-0.00220906
-0.00698006
-0.014106
-0.0209296
-0.0261255
-0.0306456
-0.0337141
-0.0358649
-0.0376275
-2.33208
1.46483
-1.22739
4.04116
1.05184
-3.38785
-0.992435
0.938746
1.64941
-0.182493
-1.06959
0.345518
0.0517966
-0.0860747
0.310915
0.0139411
-0.179355
0.0160447
0.0579544
0.0379471
0.0806142
0.0736265
0.0193717
-0.00170017
0.0161578
0.0354924
0.0340872
0.0226786
0.0197496
0.0177513
0.00983868
0.002058
-0.000112937
0.000272882
-0.00368929
-0.0117185
-0.0188888
-0.0232883
-0.0259405
-0.0284352
-0.0314024
-0.0347688
3.61032
-1.00228
-3.31074
-0.416297
-0.23848
3.2395
-0.563213
-2.04112
0.723846
0.812133
-0.255765
0.00378506
-0.266142
-0.0445565
0.229035
-0.178392
0.0775721
0.426122
-0.123915
-0.234228
0.131101
0.163688
-0.0419556
-0.0640667
0.0453992
0.0488739
0.00548923
0.00877604
0.0318859
0.0261208
0.00579487
-0.00228417
-0.000888363
0.000986782
-0.00216036
-0.00928441
-0.0156226
-0.0189859
-0.0205798
-0.0228128
-0.0257934
-0.0295522
-3.58191
1.06826
3.87224
0.936008
-2.46021
-1.05695
-0.0418702
1.60416
-0.205042
-0.905346
0.422577
0.296544
-0.275564
0.187513
0.0528095
-0.369932
0.126823
0.486847
-0.236458
-0.311404
0.209601
0.127534
-0.0741404
-0.038492
0.085808
0.0270582
-0.0188587
0.0178283
0.038905
0.0165095
-0.0069804
-0.00655958
0.00322457
0.00418901
-0.0024863
-0.008765
-0.0123575
-0.0146432
-0.0163556
-0.0177416
-0.0188163
-0.0217616
-1.54338
1.24755
-1.69429
2.56773
1.06072
-2.32187
-1.59062
2.86951
0.326006
-1.5803
-0.127681
0.766028
-0.0438283
-0.148806
-0.101197
-0.0374526
0.270941
0.0194317
-0.240536
-0.0226328
0.172762
-0.00728265
-0.0820644
0.00595359
0.0611996
-0.00342303
-0.0204487
0.0232656
0.0315461
0.00968486
-0.00504498
-0.000824408
0.00482083
0.000366814
-0.00569681
-0.00757783
-0.00848931
-0.0108873
-0.0127284
-0.0125072
-0.0107248
-0.0123768
1.30882
0.6864
0.837796
-3.83949
-0.950741
1.04326
2.99563
-1.2621
-1.44068
0.687369
0.254557
-0.124968
-0.0269996
-0.113681
-0.00739049
0.095646
0.0562585
-0.0947142
-0.0943462
0.0510608
0.0685434
-0.0281584
-0.0431764
0.0271098
0.0540794
-0.0119683
-0.0310044
0.0129476
0.0254769
0.00443059
-0.00696836
0.00306382
0.00739356
-0.00395637
-0.00977896
-0.00723227
-0.00604953
-0.0081397
-0.00847566
-0.00587756
-0.00165854
-0.00239772
1.81078
0.548359
0.573225
-4.65021
-0.538311
1.32982
3.68498
-1.44518
-2.85449
1.19371
1.31755
-0.564549
-0.418691
0.109928
0.166144
-0.0861846
-0.138394
0.162465
0.0298301
-0.116757
-0.00131168
0.039539
-0.0261506
-0.0240698
0.0193828
-0.0133734
-0.0274079
0.01261
0.0201904
-0.0023121
-0.00497342
0.00902375
0.0048564
-0.010157
-0.011421
-0.005522
-0.00413066
-0.00543539
-0.00333746
0.00153305
0.00756431
0.00755512
-2.61137
0.777014
-0.596727
3.8507
0.560735
-2.96222
-1.23435
1.7265
0.172642
-0.120359
0.12341
-0.323969
-0.115115
0.0265798
0.132657
-0.230672
-0.0801905
0.322139
-0.065014
-0.193662
0.0644125
0.0405711
-0.0731828
-0.0523633
0.0209563
0.00105578
-0.0156348
0.0080651
0.0105839
-0.00206459
-0.000970667
0.0026893
-0.00420841
-0.00950556
-0.00605876
-0.00271109
-0.00349868
-0.00299222
0.00152586
0.00794994
0.015581
0.0161961
-0.787971
-1.54971
-0.103676
0.187142
4.04904
-0.130729
-3.34715
-1.00156
2.95165
0.161466
-1.59693
0.083854
0.435509
0.0184726
0.0447567
-0.347483
0.10591
0.351467
-0.28254
-0.302169
0.267934
0.0358247
-0.14978
-0.0678596
0.0744377
0.00987578
-0.0421858
-0.0112199
0.00784164
0.00309374
-0.00177876
-0.00887113
-0.0118949
-0.00537942
0.00190117
6.11478e-05
-0.00312903
-0.000874637
0.00564903
0.0133365
0.0223441
0.0233276
2.25243
-0.875163
-4.06868
0.0797651
2.65766
2.56399
-1.47627
-2.73216
0.757233
1.47867
-0.456861
-0.220195
-0.0946975
0.12893
-0.0653118
-0.32934
0.40994
0.163692
-0.47302
-0.287709
0.469846
-0.00789709
-0.248727
-0.122762
0.1817
0.022237
-0.102295
-0.02864
0.0278277
0.00504358
-0.0136808
-0.0134597
-0.00915635
-0.000859952
0.00390957
0.000257806
-0.00222983
0.00166768
0.0099447
0.0179567
0.0272347
0.0276356
-4.04897
0.475487
6.71637
1.17072
-5.42897
-2.18551
3.22617
1.34146
-1.92051
-0.482858
0.860478
-0.13238
-0.239615
0.195314
-0.0512038
-0.281083
0.200247
-0.0520254
-0.239677
0.113147
0.169013
-0.200615
-0.171598
0.142175
0.124999
-0.101702
-0.107568
0.0196049
0.0197055
-0.0117537
-0.00997045
-0.00775956
-0.00707729
-0.000624276
0.00224591
-0.000280608
-0.00094908
0.00517238
0.0131269
0.0198925
0.0290783
0.0296797
0.570403
0.750324
1.6091
-1.16067
-4.78859
-0.746389
4.96005
1.79896
-3.12365
-1.47537
1.07061
0.804692
-0.669771
0.0869513
0.0827449
-0.00934091
0.0249279
-0.246309
-0.00337174
0.327498
-0.139602
-0.234786
0.0479167
0.171236
-0.0548378
-0.112673
0.00718691
0.0340819
-0.0132399
-0.0147353
-0.000427323
-0.0052504
-0.0051751
5.4977e-05
0.000273509
-0.00346033
-0.00103316
0.00896438
0.0161099
0.0199713
0.028201
0.0298909
2.10788
0.202575
-0.440862
-4.06984
-0.374409
2.77211
3.03462
-2.81343
-2.54147
1.88612
1.21382
-0.817218
-0.29987
0.0241483
0.0123043
0.203625
-0.239476
-0.151409
0.374196
0.0115781
-0.259883
-0.0866106
0.202884
-0.0218463
-0.12532
-0.0051914
0.0582675
-0.00988878
-0.0264721
0.00740509
0.00268774
-0.00925388
-0.00376232
0.0023662
0.00159265
-0.000916147
0.00238738
0.00929929
0.0142091
0.0186839
0.0260933
0.0291487
1.09966
0.786279
1.57879
-4.98355
-2.92684
3.81623
4.22154
-3.7769
-1.99648
2.28685
0.552025
-1.00738
0.1857
-0.0630242
0.111078
0.107067
-0.253804
0.0586142
0.133733
-0.144919
-0.03007
0.102024
-0.0533533
-0.0936336
0.0173821
0.0548468
-0.0250009
-0.0415721
0.00856725
0.0126357
-0.00337315
0.000367082
0.00612405
0.00310937
-0.000763494
0.000885049
0.00574097
0.0076315
0.011024
0.0174714
0.0228651
0.0279789
4.91083
-1.91957
-3.14554
-1.40865
-1.50091
6.41944
-1.06182
-3.91179
1.11678
1.91646
-1.31409
-0.219176
0.396192
-0.0953233
0.0702689
-0.0874607
-0.0692012
0.0111414
-0.0792986
0.0828271
0.123526
-0.146889
-0.149547
0.0658915
0.107983
-0.0380393
-0.0768989
0.007345
0.0319684
-0.00456155
-0.00993797
0.00667386
0.00804584
0.00255546
0.000222349
0.00304394
0.00664478
0.00572927
0.00881596
0.0159904
0.0177584
0.0255677
6.87914
-2.09137
-7.35191
-0.561866
2.29132
5.24862
-2.27549
-4.49994
3.24722
0.869134
-1.65559
0.212483
0.37615
-0.119191
-0.0133032
-0.0939126
0.0438033
-0.072613
-0.0205669
0.172695
-0.0660154
-0.172368
0.00573179
0.116235
-0.00173627
-0.0713555
-0.0146575
0.0295542
0.000571023
-0.00725603
0.010973
0.00996313
-0.000236832
-0.00280497
0.000905691
0.0052104
0.00644651
0.0046496
0.00835602
0.0143467
0.010072
0.0207214
5.65164
-3.33732
-8.4983
-0.187779
9.62511
2.26671
-6.90483
-1.30332
3.76071
-0.355686
-1.43407
0.824353
0.168229
-0.298101
0.0307647
0.0745837
-0.119028
-0.0920046
0.183043
0.0142831
-0.191163
-0.0290657
0.127978
0.00847946
-0.0684719
-0.0153227
0.0334337
-0.001472
-0.0133531
0.0173765
0.0188983
-0.000331048
-0.00691598
-0.00218669
0.00377997
0.00744349
0.00634481
0.00462554
0.00856533
0.0118973
0.000270186
0.0131733
0.222297
-3.56051
-2.02188
2.47324
6.94861
-1.91993
-5.17147
1.81809
2.50135
-2.02261
-0.457647
1.19194
-0.263547
-0.290262
0.0992822
0.0262751
-0.0951167
0.100577
0.0919173
-0.174869
-0.0787489
0.125282
0.0502247
-0.0292186
0.000986094
0.0280104
-0.0137272
-0.0249221
0.0141833
0.0214859
-0.00129204
-0.00762167
0.000236752
0.005785
0.00872723
0.00842894
0.00384929
0.00271104
0.00603853
0.00697197
-0.00846255
0.00601438
-4.9741
2.50282
0.683992
5.8689
1.15347
-7.89863
-1.74361
6.23538
0.206814
-3.38614
0.335751
1.22636
-0.705054
0.11619
0.278378
-0.275177
-0.126213
0.35332
-0.07342
-0.209215
0.177467
0.116611
-0.0757239
-0.0437108
0.0584834
0.0035901
-0.0514477
-0.0112306
0.0331582
0.0130236
-0.00675714
-0.0037141
0.00209316
0.009034
0.015267
0.010531
0.00228978
0.00149833
0.00199873
-8.39774e-05
-0.0152297
-3.43581e-05
-3.49005
1.36923
8.43286
0.745008
-9.6523
-3.55631
7.00077
3.90995
-4.73521
-0.881466
1.90344
-0.175854
-0.433173
0.390508
-0.11646
-0.424431
0.330118
0.283791
-0.331456
-0.0463096
0.31322
-0.087121
-0.188792
0.0323536
0.0875669
-0.0227919
-0.0429297
0.0166375
0.0277663
0.0136064
0.00964373
0.000621371
-0.00319263
0.00974795
0.0174895
0.00750769
-0.000711431
-1.57516e-06
-0.00113106
-0.00485056
-0.0186782
-0.00527264
0.999636
1.42548
2.5711
-6.10666
-4.87084
3.5003
6.21298
-2.71824
-3.59443
2.95467
0.606042
-1.53109
0.528813
0.143683
-0.491815
0.113497
0.433851
-0.281964
-0.279056
0.307294
0.128623
-0.184909
-0.111859
0.0643404
0.0947463
0.0461773
-0.0145434
-0.0359396
0.00192032
0.0511135
0.0249735
-0.0159589
-0.00857454
0.0147668
0.0135599
0.00112103
-0.00241035
-0.00248355
-0.00451874
-0.0076213
-0.0192565
-0.00914672
7.66392
-2.589
-7.37415
-1.56417
1.77606
7.57384
-2.0696
-6.23919
2.29094
2.88989
-2.034
-0.421104
0.925856
-0.33394
-0.264937
0.383424
-0.087698
-0.304752
0.162369
0.199863
-0.0196876
-0.0737295
-0.0459884
0.0241907
0.127931
0.0861935
-0.0623992
-0.0740943
0.0414462
0.0726513
-0.00940605
-0.0368963
0.00418257
0.0189259
0.0059122
-0.00242933
-0.00202642
-0.00512387
-0.00700809
-0.00883893
-0.0183495
-0.0122644
-1.57757
-2.56256
-1.43166
2.85455
6.53251
-1.73184
-5.23999
1.0977
3.14729
-1.18159
-0.82967
0.660316
0.0397687
-0.222918
0.0644137
0.0733931
-0.0986132
0.0265844
0.0999792
0.0657755
0.00989523
-0.112954
-0.047639
0.140254
0.165468
-0.0394196
-0.122855
-0.0297083
0.0904707
0.0142583
-0.0498679
-0.00519399
0.0286294
0.0114171
-0.00371473
-1.50642e-05
0.000555606
-0.007897
-0.0106256
-0.0105738
-0.016253
-0.0141068
-6.84721
1.90897
2.90767
8.3164
0.442378
-10.2118
-1.44985
6.63815
0.174426
-2.88826
0.62242
0.819291
-0.624089
0.0496404
-0.0183837
-0.0403239
0.165355
-0.0943705
0.00400798
0.300235
-0.0438668
-0.262207
-0.0585278
0.362475
0.0625462
-0.17818
-0.10206
0.119867
0.0668047
-0.0708977
-0.0577862
0.0233626
0.0332474
0.0106548
0.000551113
-0.000535256
-0.00506698
-0.0119629
-0.0138177
-0.0133357
-0.0125797
-0.012159
-4.30793
1.2059
9.01691
0.300104
-9.64958
-1.23323
7.29111
0.415164
-3.84398
0.193929
1.53228
-0.473331
-0.288113
-0.00195292
0.011216
0.140527
-0.16531
-0.118433
0.412868
0.151599
-0.415752
-0.171267
0.397047
0.0998661
-0.196575
-0.132318
0.111423
0.125268
-0.0545288
-0.0826366
0.0157839
0.0451321
0.0135332
-0.000765265
0.0041786
-0.00204952
-0.0105498
-0.0140659
-0.0131223
-0.0129797
-0.00871161
-0.00870952
6.16536
-2.47471
-4.27696
-1.60792
1.60211
3.03217
-2.01663
-2.46323
2.68204
0.43675
-1.37597
0.1589
0.31253
-0.291533
-0.127927
0.329332
-0.178598
-0.0577668
0.407275
-0.178043
-0.28523
0.12541
0.382932
-0.15713
-0.216986
0.0126166
0.19847
-0.0169993
-0.108618
-0.00801214
0.0678062
0.0375944
-0.00619525
-0.0102271
-0.00284806
-0.00549595
-0.00962882
-0.0114533
-0.00960098
-0.0092054
-0.00739607
-0.00794412
3.16294
-4.95319
-3.09168
3.19997
5.80034
-1.65525
-5.3036
2.68226
2.45909
-1.97991
-0.602022
0.767479
-0.201544
-0.165299
0.282933
0.217799
-0.324429
0.128106
0.250631
-0.334159
-0.124212
0.430899
-0.0327838
-0.193457
-0.0285271
0.231103
-0.00576493
-0.1356
-0.0248252
0.0933904
0.0471401
-0.0114041
-0.0156369
-0.0115808
-0.00907691
-0.0071585
-0.00498206
-0.00258302
-0.00459303
-0.00585653
-0.00984817
-0.0105203
-6.04964
3.53633
5.85514
0.797615
-6.41037
-2.92059
4.84981
3.76273
-4.06302
-2.54741
2.51152
0.756107
-0.843829
0.367315
0.401152
-0.24219
-0.246202
0.251926
-0.0836084
-0.0509695
0.386367
0.0515575
-0.330961
-0.1629
0.349654
0.104909
-0.178233
-0.118271
0.120161
0.097341
-0.0216722
-0.0339639
-0.00982479
-0.0157324
-0.014232
-0.0049499
0.00168649
0.00435983
-0.000455581
-0.00435595
-0.0139028
-0.0151424
1.98148
-0.191685
1.35015
-6.11532
-1.86565
5.32037
4.49858
-3.78728
-4.73869
4.34943
1.28789
-1.61531
-0.25064
0.55347
0.115657
-0.445369
0.0892634
0.180748
-0.0669873
0.25362
0.236858
-0.309737
-0.233839
0.0326896
0.372192
-0.088469
-0.190001
-0.0087983
0.158135
0.0224403
-0.0570876
-0.0139342
-0.0125556
-0.0232035
-0.00505271
0.00914555
0.00577235
-0.00259022
-0.0028429
-0.00566195
-0.0147753
-0.0160525
6.92589
-2.37037
-7.07366
-0.983467
1.13459
8.13946
-1.95361
-6.48984
0.799983
4.32488
-0.301058
-2.09056
0.332966
0.549966
-0.10371
-0.512636
0.221395
0.190379
-0.0327538
0.344617
0.131485
-0.452071
-0.191802
0.224617
0.225723
-0.150262
-0.155381
0.0650312
0.120748
-0.0165372
-0.0515455
0.0014804
-0.00932665
-0.0201273
0.00221522
0.014107
0.00366676
-0.0119724
-0.00821097
-0.00918783
-0.0132615
-0.0132374
5.35892
-4.22201
-5.67335
0.183302
8.51834
1.75956
-9.26185
-1.27627
7.24844
0.230536
-2.99514
-0.500139
0.765031
0.367079
-0.381674
-0.310614
0.36028
0.0040458
-0.131381
0.439269
0.128457
-0.497073
-0.189739
0.166657
0.314804
-0.147791
-0.188912
0.0152818
0.14846
0.00651352
-0.0730176
-0.0164663
0.0103746
0.00307125
0.00627209
0.00222242
-0.00919154
-0.0169978
-0.0115231
-0.0102668
-0.00802031
-0.0063919
-2.22352
0.891268
-2.12906
6.62285
2.82482
-7.27651
-5.92832
6.50666
3.64036
-2.57089
-1.09638
0.206508
0.426737
0.115462
-0.474438
-0.106614
0.445212
-0.169419
-0.119492
0.573768
0.0494095
-0.67513
-0.140253
0.367245
0.302113
-0.241021
-0.227503
0.0221369
0.193434
-0.0169393
-0.10817
-0.0108385
0.0337062
0.00830991
-0.00391873
-0.0121725
-0.016893
-0.0130347
-0.00852022
-0.00721743
-0.00129046
0.00168672
-7.92258
3.3543
8.49265
2.24994
-4.88662
-5.42971
2.2231
2.36855
-1.10279
0.362561
0.585329
-1.06761
0.465746
0.315242
-0.461325
0.148352
0.151018
-0.192734
0.254112
0.241731
-0.333029
-0.327896
-0.083283
0.581074
-0.0929671
-0.285029
-0.115297
0.235125
0.0536036
-0.13082
-0.0789438
0.0561122
0.0296851
-0.0246992
-0.0188548
-0.0163357
-0.0147932
-0.005258
-0.00253822
-0.00178551
0.00417038
0.00840588
1.40028
1.57104
1.66227
-4.9299
-3.37052
2.53182
4.23781
-2.36665
-3.76205
4.02101
0.708836
-2.03718
0.263303
0.239692
-0.248404
0.301116
-0.0863748
-0.177893
0.3694
0.0301797
-0.56047
-0.130948
0.52813
0.0206089
-0.276581
-0.125009
0.218992
0.0959888
-0.138248
-0.113711
0.044356
0.0642105
-0.0190309
-0.0357671
-0.00938812
-0.0104666
-0.00875879
0.00147763
0.00312188
0.00209303
0.00492853
0.00976229
5.57576
0.481225
-6.9014
-3.30668
-0.646438
8.73532
0.836075
-6.51735
0.205245
3.09007
-0.217281
-1.48252
0.296957
-0.0477035
0.0404549
0.21898
-0.314224
0.0223262
0.270256
-0.332703
-0.179201
0.332644
0.107024
-0.27062
-0.11251
0.18221
0.206422
-0.123216
-0.163904
-0.0250291
0.112703
0.0244297
-0.0486595
-0.0121352
0.0101336
0.00128853
0.000126846
0.00559296
0.00410309
0.000638221
0.00160383
0.00649942
0.347
-2.70401
-1.49437
-1.53082
8.50331
2.52674
-7.35505
-2.46027
5.65144
0.62382
-2.71554
0.0521032
0.371626
-0.113954
0.186684
0.019668
-0.405372
0.13784
0.187706
-0.168855
0.0197479
0.105511
-0.152387
-0.106277
0.0424397
0.30266
0.00684748
-0.162617
-0.087785
0.0686006
0.0899491
-0.0162559
-0.038035
0.0130232
0.022975
0.0113512
0.00647708
0.00484904
0.000269375
-0.00414262
-0.00134296
0.00344492
-4.88018
-0.435998
1.83734
7.8433
0.828638
-6.75605
-3.3324
5.34718
1.66574
-3.79332
0.0584725
1.68871
-0.321402
-0.468374
0.374744
-0.312087
-0.455894
0.589416
0.229225
-0.439259
-0.0839916
0.0975756
-0.0166135
0.0334948
0.157282
0.116398
-0.0590062
-0.113074
-0.0419906
0.0761626
0.0849328
0.00219059
-0.0228756
0.0114114
0.0200175
0.0125462
0.00675663
0.00122827
-0.00201539
-0.00484107
-0.00111182
0.00195191
-6.30887
1.54849
7.30652
2.03955
-5.59645
-3.11295
2.95306
4.05055
-3.59203
-3.78499
4.89121
1.23473
-2.15977
-0.0508107
0.589887
-0.915765
-0.232118
1.04623
0.139814
-0.804011
-0.00829417
0.28063
0.0380904
-0.0276309
0.0660084
0.103564
-0.0316357
-0.105032
-0.0488251
0.0581991
0.11384
0.0229298
-0.0316253
-0.00141444
0.0141969
0.00542753
8.63429e-05
-0.00267167
-0.00137245
-0.000752773
0.00292919
0.00402091
-3.76417
1.00902
6.04211
0.229635
-6.35257
-1.04104
6.48023
0.897893
-6.30277
0.155278
3.76056
0.432055
-2.15161
0.677078
0.281501
-0.879262
0.179782
0.721642
-0.0467822
-0.462076
-0.000535151
0.222559
0.0514487
-0.158058
-0.0555831
0.107043
0.11851
-0.0633609
-0.0844637
0.0205495
0.107373
0.015942
-0.039584
-0.00984746
0.00556319
-0.000150259
-0.000995196
-0.000993088
0.00089406
0.00359163
0.00720582
0.00799255
1.39535
-1.72613
-1.83795
-0.481121
3.74108
2.02828
-4.39204
-1.33448
1.68471
2.01431
-0.737768
-1.36323
0.774837
0.450186
-0.484993
-0.421126
0.251549
0.241962
-0.00116329
-0.128948
-0.0986688
0.12098
0.138389
-0.135396
-0.106694
0.0628456
0.168105
-0.0378935
-0.0821125
0.0363366
0.0549942
-0.0200891
-0.0369957
-0.0115464
-0.00249362
-0.00225711
0.00250238
0.00638879
0.00748464
0.0092219
0.00884446
0.00931276
2.9964
-2.44143
-4.92438
-0.137374
7.35428
2.01321
-7.34181
-0.963738
4.61381
0.436925
-2.57254
0.46196
0.794869
-0.46995
-0.546549
0.222386
0.300219
-0.16204
0.0881334
0.106392
-0.266119
-0.0297856
0.25198
-0.0638811
-0.117899
0.102887
0.0579156
-0.0381506
-0.0261571
0.0250554
-0.00800624
-0.0333579
-0.0243243
-0.0194119
-0.0107049
0.0114609
0.0183074
0.0155369
0.0122634
0.012572
0.00663266
0.00580442
2.70997
-2.58868
-6.33414
0.0884967
9.44372
3.16147
-8.88866
-1.67157
4.5799
0.339238
-1.71901
0.763987
0.31391
-0.754548
-0.121937
0.400848
-0.0111921
-0.259215
0.3932
0.162286
-0.498744
-0.0806526
0.31773
0.000121757
-0.100272
0.0437371
-0.0100552
-0.0427819
-0.00303787
-0.00230965
-0.0334688
-0.0343641
-0.01528
-0.00584279
0.00333097
0.0228025
0.024605
0.0192926
0.0150055
0.0131215
0.00341829
0.00167436
2.58285
-3.82766
-5.18247
0.898949
11.2252
0.504592
-10.3717
0.0694627
5.34394
-0.525421
-1.82429
0.97179
0.00190135
-0.250556
0.0772224
0.0586821
-0.273905
0.0194659
0.47917
-0.0957565
-0.511334
0.152894
0.234569
-0.0915386
-0.0973573
0.0286777
-0.0194253
-0.046731
-0.0218285
-0.0225741
-0.027267
-0.00738388
0.0135476
0.0150093
0.0119353
0.0184039
0.0205344
0.0184444
0.0156454
0.0111632
0.000664699
-0.00126436
-0.35219
-2.74167
-1.55608
4.80385
4.89748
-2.99909
-7.37257
4.24142
3.7318
-2.85945
-0.584687
0.902581
-0.437158
-0.00173133
0.0812841
0.022365
-0.197178
0.219847
0.296731
-0.556088
-0.315541
0.499369
0.122137
-0.27906
-0.0530824
0.0567067
-0.0252066
-0.0335033
0.0120776
-0.00934204
-0.0237847
0.00577022
0.0293685
0.021085
0.0084046
0.00660835
0.0119174
0.0147619
0.0118284
0.00664308
0.00224249
0.000217152
-4.41009
2.52327
0.472112
6.23851
1.5009
-10.3395
-1.0673
6.26744
0.43491
-2.82651
0.387275
0.4764
-0.570269
0.23724
0.0469687
0.0165528
-0.1026
0.205969
-0.0250458
-0.581431
0.0447699
0.439932
-0.0823793
-0.258854
0.107478
0.0559514
-0.0515755
-0.0203866
0.0143503
0.000486419
0.00053642
0.0116551
0.00625489
0.00185382
0.0050308
0.00422026
0.00349284
0.00648254
0.00961547
0.0082899
0.00692603
0.00476615
-9.71612
5.10055
8.55173
1.75155
-4.81155
-6.97059
4.39474
4.8371
-4.40109
-0.481178
1.58109
-0.800593
-0.112851
0.349877
-0.0576319
-0.0228942
0.0347567
0.143958
-0.445363
-0.257075
0.518863
0.188907
-0.357457
-0.146408
0.166126
0.0221072
-0.0531067
0.00334677
0.00439438
-0.00960473
0.00458496
0.00743141
-0.00882792
-0.0101209
-0.00104193
-0.0028297
0.00101687
0.00838522
0.0129968
0.0126652
0.00920095
0.007331
-5.58156
2.73414
7.81114
-0.801085
-10.4304
1.90704
7.28591
-1.19536
-4.18236
1.67773
0.89369
-1.36067
0.663451
0.158922
-0.207257
0.0272575
0.139851
-0.052034
-0.524172
0.114592
0.457852
-0.0481621
-0.313389
0.0834487
0.132027
-0.0811307
-0.0824508
0.0267591
0.0142788
-0.0158693
-0.00742988
-0.00305389
-0.00883567
-0.00255989
0.0025899
-0.00544867
0.00285806
0.0166824
0.0165774
0.0122091
0.00787926
0.00633438
5.24756
-0.664489
0.775398
-9.52848
-1.82325
10.1411
1.23491
-6.91997
0.549181
2.66085
-1.63203
-0.218411
0.844842
-0.372276
-0.0120313
0.161493
0.0703867
-0.21303
-0.29192
0.369157
0.304793
-0.26276
-0.271588
0.168182
0.11582
-0.092095
-0.0588132
0.0321612
0.0147389
-0.00993747
-0.0102545
-0.0109512
-0.00469378
0.0170099
0.0174583
-0.000760367
0.00250898
0.01951
0.0105721
0.00263037
0.00593294
0.0047991
9.56488
-2.46484
-12.0718
-2.24877
7.53108
5.34773
-4.72324
-2.68246
2.68564
0.188537
-1.47582
0.998545
0.203857
-0.547723
0.307401
0.15432
0.0755571
-0.103938
-0.401481
0.234443
0.356539
-0.123687
-0.298402
0.117361
0.0975946
-0.0673111
-0.0148049
0.0474714
0.0226445
-0.00334797
-0.00978599
-0.00630533
0.00559174
0.0210738
0.0239601
0.00742111
0.00282225
0.0148308
-0.00315941
-0.0114716
0.00469712
0.00466013
4.35715
-4.7309
-6.08869
0.521406
10.1129
1.12894
-8.33449
0.833177
3.72376
-1.62516
-1.15407
1.29306
0.00670381
-0.412343
0.361725
0.150764
0.114912
-0.132436
-0.504355
0.264228
0.416048
-0.0893186
-0.306555
0.0964842
0.0789293
-0.0454401
0.0188195
0.0566231
0.0128022
-0.00614706
0.00394388
0.0222239
0.0249837
-0.00418512
0.00576259
0.0271261
0.0175644
-0.00621354
-0.0215951
-0.021282
0.00648336
0.00333402
-2.65902
-1.63124
-1.60305
7.92913
3.30726
-5.71497
-5.23318
5.92667
1.96619
-4.3433
0.378176
1.7432
-0.451626
-0.401069
0.389982
0.176072
0.061424
-0.265435
-0.376126
0.421116
0.36238
-0.219142
-0.263608
0.128729
0.0713358
-0.0319322
0.0387427
0.0375421
-0.0138435
-0.0107849
0.0166961
0.0463584
0.0295902
-0.015189
-0.0142366
0.0322514
0.00835472
-0.0286563
-0.0318056
-0.0211899
0.00622859
0.00331979
-9.36751
3.6554
8.77423
2.6131
-3.50136
-6.96066
2.91235
4.8009
-3.55914
-1.93859
2.62767
0.917043
-1.59072
0.0536463
0.501605
0.0943922
-0.12609
-0.247744
-0.162118
0.422295
0.263539
-0.334093
-0.187189
0.170263
0.0736772
-0.0472266
0.0173592
0.00653811
-0.0246015
-0.00388008
0.0244767
0.0300697
0.00735603
-0.00840387
0.00316896
-0.00678079
-0.0216158
-0.0300103
-0.0158432
-0.00801503
-0.000109629
-0.00615058
-2.11538
2.52553
4.7733
-2.62513
-7.53688
2.20605
5.43794
-1.90534
-5.09902
4.65764
2.28595
-2.50552
-0.824821
0.554294
0.528347
-0.188201
-0.282863
-0.0335753
-0.0412516
0.298501
0.158838
-0.361383
-0.0922933
0.197523
0.0717544
-0.0725921
-0.0183561
-0.0137329
-0.0197191
-0.00522855
0.000824396
-0.000789103
-0.00113956
-0.00118694
-0.0163355
-0.0234819
-0.0243387
-0.0175121
0.00752094
0.000335712
-0.00652525
-0.0141547
8.89106
-1.39125
-6.2409
-3.9775
1.81283
5.2246
-1.74236
-5.46996
1.74173
4.84189
-1.53027
-1.88705
0.303301
0.427728
0.337737
-0.435781
-0.174731
0.156639
-0.0498321
0.166349
0.0782351
-0.332298
-0.0119072
0.186702
0.0378096
-0.098316
-0.0248083
-0.00237418
-0.0141067
-0.0219379
-0.0182567
-0.01131
-0.00421978
-0.00449869
-0.0178641
-0.0233266
-0.00904207
-0.000967103
0.0104795
0.00197971
-0.00470733
-0.0113665
1.76048
-3.73493
-2.5608
2.21959
6.50365
-0.426782
-8.11957
0.839874
5.73126
-0.700104
-2.52905
0.811022
0.27172
-0.0678605
0.125041
-0.360025
0.0422522
0.20025
-0.0970947
0.0963245
0.0363727
-0.258765
0.0382011
0.139456
-0.0211632
-0.10373
-0.00574657
0.0129737
-0.01157
-0.0278018
-0.0215128
-0.001127
0.00358642
-0.00062611
-0.0136877
-0.0210182
-0.00684557
0.00823711
0.00665695
-0.00195609
-0.00630464
-0.00975703
-6.55736
2.98759
5.67669
2.53207
-0.472922
-8.28573
0.115151
6.69564
-0.486287
-3.70701
1.06705
1.3973
-0.902255
-0.0437671
0.119157
-0.170886
0.136756
0.139623
-0.0957289
0.0987538
0.0253657
-0.187865
0.0576139
0.102482
-0.0567153
-0.080441
0.0120888
0.0138837
-0.0197915
-0.02941
-0.010471
0.0048072
0.00786967
0.00126762
-0.0131884
-0.015578
-0.00257552
0.00573751
0.00231527
-0.00641288
-0.00832143
-0.00618996
-0.994847
1.59704
2.68037
-0.439948
-7.18546
-0.196734
7.59254
-0.0850933
-5.10136
1.09734
2.40737
-1.11208
-0.545404
0.401114
0.0253321
-0.088362
0.112996
0.0410234
-0.0381281
0.130927
-0.00653027
-0.157371
0.0696022
0.0892199
-0.0569971
-0.0435986
0.0278669
0.0137273
-0.0237584
-0.0230529
-0.00182698
0.00708449
0.00447149
-0.00435965
-0.013363
-0.00911256
0.000313417
0.0025585
-0.00332005
-0.010508
-0.00902185
-0.00308216
5.75727
-1.2864
-1.92956
-6.64958
-1.23884
8.75425
3.19068
-7.95198
-0.632445
3.45156
0.324728
-1.93511
0.878354
0.300954
-0.386306
0.00112826
0.123944
-0.0340785
0.053071
0.137716
-0.0935202
-0.140172
0.107175
0.102173
-0.0466045
-0.0194185
0.0402233
0.0162929
-0.019769
-0.00931975
0.00594879
0.00525112
-0.00417548
-0.0124826
-0.0113088
-0.00236362
0.00177269
-0.00223858
-0.00936417
-0.0127187
-0.00789551
-0.00103868
3.41356
-1.20433
-9.2695
-0.466028
9.37682
4.72426
-5.65455
-4.56343
4.63445
1.70481
-3.61338
0.538294
1.67721
-0.580936
-0.529413
0.243149
0.0679845
-0.0535531
0.16435
0.0905576
-0.194651
-0.0754031
0.149822
0.0951975
-0.0564264
-0.00424866
0.0482288
0.017299
-0.0146108
0.0031497
0.0120066
0.00190357
-0.0131795
-0.018081
-0.00725107
0.00227506
0.000889754
-0.00749456
-0.0133545
-0.0112796
-0.00562372
-0.00133145
-1.61471
-1.51296
-1.45085
5.23686
4.24932
-3.83628
-5.33012
3.44817
4.62069
-4.90083
-1.00004
2.18025
0.670637
-1.15224
0.0416688
0.327541
-0.108899
-0.0123875
0.150079
-0.052412
-0.169223
0.0450905
0.14608
0.0466355
-0.0467857
0.0139587
0.0403782
0.00693424
-0.0107397
0.0111814
0.0153024
-0.0011093
-0.0176911
-0.017643
-0.00280149
0.00381089
-0.00192079
-0.0117728
-0.0137334
-0.00695885
-0.00336972
-0.00422313
-6.73697
2.317
8.86533
1.7241
-5.16924
-4.85071
2.73138
4.95291
-3.25657
-2.29423
2.24871
0.996872
-1.13548
0.00358819
0.270674
-0.0309294
-0.0764912
0.17788
0.0063703
-0.164281
0.011111
0.092304
0.0369084
0.00230943
0.000718624
0.0129044
0.0131013
0.00158163
0.000461519
0.013011
0.0129014
-0.0025787
-0.0152446
-0.0114671
0.00103774
0.00303582
-0.00546888
-0.0140217
-0.0110248
-0.00224952
-0.00216092
-0.0084603
0.858531
1.44462
2.09825
-4.90965
-4.03079
3.06911
5.59831
-2.61872
-4.61137
3.67445
1.45882
-1.90733
-0.084878
0.387657
-0.066024
-0.178509
0.129866
0.180663
-0.217071
-0.0319636
0.201833
0.0281013
-0.0923281
0.00463719
0.0129426
-0.0254335
-0.00212553
0.0200831
0.0148354
0.00737267
0.00709861
0.00134924
-0.00663849
-0.00352704
0.00373007
0.00162763
-0.00823315
-0.0139294
-0.00748748
3.3127e-05
-0.00303967
-0.0124916
7.24547
-1.63126
-4.66501
-5.1313
1.43552
7.45109
-1.30067
-6.18078
1.70608
3.50013
-1.56503
-1.04799
0.730196
0.0359536
-0.123922
-0.0736963
0.206339
0.0299754
-0.292434
0.101024
0.186418
-0.0903796
-0.0796348
0.0355892
-0.0187027
-0.053893
0.0168985
0.0368616
0.00673826
-0.00795351
0.00816635
0.0117729
0.00270344
0.00270167
0.00599319
0.000817474
-0.00954256
-0.012041
-0.00507394
-0.00122331
-0.00591487
-0.0142818
4.47217
-3.47248
-6.98819
0.911538
9.96483
1.41652
-9.2164
-0.553758
5.60961
-0.0827788
-3.05955
0.815877
0.642909
-0.164457
-0.0201875
0.0160498
0.186711
-0.0681216
-0.185001
0.100596
0.0222418
-0.13898
0.00990811
0.0422971
-0.0571186
-0.0240857
0.0483561
0.0298644
-0.0309768
-0.0171224
0.0180913
0.0184613
0.00632918
0.00851636
0.00998123
0.00105682
-0.00877332
-0.00852609
-0.00415301
-0.00509489
-0.00955197
-0.0129073
-3.39219
1.87729
-0.163728
5.01564
1.48227
-5.6627
-3.78378
5.68393
2.54208
-5.00023
0.244435
1.78295
-0.401514
-0.444704
0.129535
0.0278902
0.0950497
-0.0665983
-0.0452601
0.05748
-0.0993321
-0.0815622
0.0672566
0.0258476
-0.0433912
0.0305567
0.0502394
-0.0157318
-0.0605756
-0.00209548
0.0253777
0.0115322
0.00518347
0.0151519
0.0137442
0.00175204
-0.00456255
-0.00330392
-0.00417379
-0.00927216
-0.0117161
-0.00873593
2.13145
-0.243798
-3.06754
-0.610237
1.59552
0.617373
-0.183689
-0.148856
-0.17019
-0.615516
0.64135
0.348614
-0.579038
-0.133593
0.13489
0.0109287
0.0384705
-0.0292586
0.0358371
0.0203173
-0.117925
-0.0130017
0.0672912
0.00592436
0.00509541
0.0516859
0.0159083
-0.0653121
-0.0358205
0.0225284
0.0226113
-0.00219526
0.00471419
0.017228
0.0121015
0.00380843
0.00365598
0.00263117
-0.00417002
-0.0106985
-0.0101033
-0.00310629
4.13019
-1.87745
-6.801
-0.0853572
6.33735
2.87402
-6.46394
-1.34326
3.51062
0.844402
-1.80984
0.151268
0.264157
-0.122266
0.0378868
0.0158567
-0.00885934
-0.00229815
0.0747391
-0.0189067
-0.0850047
0.0449491
0.0600455
-0.00455218
0.0146245
0.0235513
-0.0316298
-0.0579705
0.0145221
0.0390547
0.0120016
-0.00812889
0.00488702
0.00995117
0.00598578
0.00885294
0.0121602
0.00691918
-0.00305318
-0.00799199
-0.00491843
0.00185463
-1.67741
-0.493269
-1.40063
4.30945
3.19886
-4.37035
-4.35822
3.80211
3.53682
-3.82297
-0.505934
1.37689
-0.0299779
-0.308154
0.1289
0.0493011
-0.062518
-0.00605963
0.0565138
-0.0561516
-0.0247297
0.0745808
0.0308147
-0.0206579
0.00300523
-0.00634431
-0.0456732
-0.0101385
0.0435343
0.0376976
0.00421034
-0.00300595
0.00116102
-0.00262225
0.00234566
0.0132375
0.0146294
0.00809011
0.000281203
-0.00181299
0.00145693
0.00501808
-7.52716
2.44735
7.8532
1.50898
-4.18048
-4.1558
2.66862
4.19568
-2.95035
-2.70474
2.01488
1.08173
-1.02217
0.0858656
0.224268
0.009533
-0.105927
-0.00541626
0.00823557
-0.0329142
0.0674853
0.0623911
-0.0383338
-0.0355023
0.00982293
-0.00216903
-0.0190092
0.0193397
0.0374038
0.0202756
0.00582944
0.00189199
-0.00784274
-0.00914691
0.00399022
0.0118271
0.0104897
0.00780343
0.00525416
0.00522886
0.0065749
0.00526116
-0.535839
1.04747
1.56922
-2.36443
-3.62352
2.6251
4.39112
-1.38779
-4.7866
2.80196
2.16467
-1.77394
-0.448818
0.445913
0.12735
-0.0513919
-0.117305
-0.006076
-0.0243634
0.0445472
0.117036
0.00596942
-0.0870656
-0.0201646
0.0302503
0.0208512
0.0145804
0.0202756
0.00855858
0.00303051
0.00782348
-0.00323132
-0.0146874
-0.00611166
0.00479137
0.00510333
0.00524042
0.00761469
0.00907862
0.00980894
0.00822466
0.00184897
5.77032
-1.7713
-4.73354
-2.40379
1.8842
4.60208
-0.170138
-6.05135
1.55582
3.63526
-1.03465
-1.68055
0.725701
0.179875
-0.00707726
-0.0629737
-0.0726125
-0.00407548
-0.0061746
0.0887411
0.0663301
-0.0506262
-0.0539252
0.0122873
0.034492
0.0338096
0.0315604
0.00976281
-0.0159422
-0.00711657
0.000143955
-0.0137449
-0.014428
-0.00277274
0.000717894
-0.000353521
0.00324718
0.00674635
0.010053
0.0107662
0.00632722
-0.00374505
1.25919
-3.58436
-2.25652
2.17126
5.74252
0.463287
-7.87865
1.49814
4.30701
-0.736589
-2.64637
1.02066
0.652138
-0.416685
0.00795395
-0.0177078
0.0208846
-0.00862895
0.0215111
0.068954
-0.0181188
-0.044976
0.0149219
0.0281526
0.0177271
0.030757
0.0314503
0.000542482
-0.0221967
-0.0154015
-0.0139168
-0.0184144
-0.0113923
-0.00570703
-0.00414774
-6.1608e-06
0.00344345
0.00433556
0.00795902
0.00799752
0.00226804
-0.00800608
-7.13605
3.02022
6.77294
2.06572
-1.75838
-6.81633
1.77576
4.36692
-0.60379
-3.43805
1.18873
1.59243
-0.970745
-0.156953
0.126934
0.0550012
0.0563438
-0.0569659
0.0347755
0.0395124
-0.0481412
-0.00503428
0.0459631
0.0207551
0.00337734
0.0239235
0.0253561
-0.000419791
-0.0208091
-0.0270095
-0.0240463
-0.0155786
-0.0109896
-0.0103746
-0.00475307
0.00232364
0.00250169
0.00141779
0.00386685
0.00277898
-0.00202994
-0.00880024
2.00294
0.152657
1.02686
-3.55904
-2.41045
1.93982
4.03113
-2.57309
-2.15987
1.98464
1.72601
-1.59444
-0.522428
0.38796
0.152275
0.0766932
-0.0767282
-0.0473217
0.0765457
0.0225143
-0.0331292
0.0195163
0.0392519
0.00866434
-0.00133227
0.0150929
0.0169554
-0.00135969
-0.0245017
-0.0343277
-0.0218684
-0.00944087
-0.00968572
-0.00830892
-0.0017683
0.00207954
-2.42613e-05
-0.00160344
-0.00176571
-0.00292363
-0.00494652
-0.00675505
2.17309
-1.1711
-3.18733
-0.132941
3.3544
1.44402
-4.86606
-0.048045
3.27668
1.02812
-2.28558
-0.516014
0.445461
0.365115
0.178819
-0.189964
-0.0991946
0.0897009
0.0574789
-0.020111
-0.00605796
0.0299909
0.0209734
-0.000917493
0.000170842
0.010753
0.00674391
-0.0140278
-0.0325293
-0.0282558
-0.0104269
-0.00159872
-0.00254265
-0.00132545
-0.000214825
-4.73084e-05
-0.00248822
-0.00521363
-0.00752811
-0.00656765
-0.00555163
-0.00384433
-3.91928
1.92126
5.0332
0.975058
-3.96917
-3.4026
1.47343
3.72955
-0.132798
-2.52951
0.191528
0.344005
0.11877
0.491227
-0.226435
-0.309331
0.16568
0.111998
-0.0531522
-0.0337812
0.0242469
0.0223581
-0.00534692
-0.0102251
0.00548283
0.0103164
-0.00662197
-0.0301744
-0.0316957
-0.0136752
0.00193001
0.00833806
0.00723952
0.00300882
-0.000534028
-0.000485337
-0.00363633
-0.00832084
-0.0103274
-0.00664837
-0.00424192
-0.00163956
1.76834
-0.858585
1.30969
-4.586
-1.12244
2.86366
4.06134
-2.52022
-3.02976
1.20388
1.09929
-0.723989
0.580441
0.173322
-0.672706
0.0805479
0.25242
-0.0493935
-0.0988712
0.00830203
0.038802
0.00122012
-0.0237287
-0.00959025
0.00727578
-0.000968465
-0.0216215
-0.0268381
-0.0152853
-0.00048354
0.00993871
0.0161697
0.0121802
0.00311549
0.000683675
0.00109985
-0.00353537
-0.00852209
-0.00823819
-0.00410875
-0.00248201
-0.000887424
1.70468
-1.97406
-4.12403
-0.209485
6.1572
2.95705
-5.09571
-2.03003
1.9611
1.26017
-1.41222
0.531976
0.650994
-0.712837
-0.185577
0.297165
0.0418154
-0.105749
-0.0477619
0.0235228
0.0216769
-0.016062
-0.0195703
0.00197426
0.000993909
-0.0205182
-0.0228616
-0.00208715
0.00449783
0.00635306
0.011726
0.0161996
0.00984433
0.00173059
0.00190951
0.000731707
-0.00248215
-0.00403978
-0.00164074
-0.000239123
-0.000972959
-0.00175618
-3.3214
0.827534
1.56146
3.55058
1.34856
-6.52633
-0.95709
3.64498
1.61111
-3.10674
0.459266
1.30099
-0.577385
-0.378848
0.291319
0.00846766
-0.0464457
-0.00841127
-0.0169439
0.000129173
-0.0012622
-0.0160021
-0.00338173
0.00818061
-0.00870977
-0.0240719
-0.00216265
0.0197235
0.00983751
0.00730189
0.0119638
0.0117079
0.00382014
-0.00202381
-0.00272105
-0.00321898
0.00030964
0.00384074
0.00635799
0.00372823
0.000363736
-0.00386272
-0.293014
1.46058
1.22911
0.0446067
-5.82457
0.659312
4.32208
1.4887
-4.62821
0.865256
1.73826
-0.685086
-0.625192
0.484999
-0.00976208
-0.134096
0.0434104
0.0322886
-0.0139741
-0.0140561
-0.00919157
-0.00719957
0.00270474
0.0013901
-0.010732
-0.00533371
0.0157412
0.0212049
0.00567109
0.00837484
0.0124067
0.00576462
-0.00492503
-0.00958456
-0.0122063
-0.00691139
0.00379647
0.00979247
0.0108895
0.00597556
0.00151475
-0.00575208
2.53058
-0.254259
-4.40403
-0.829327
2.10581
3.67855
-0.334805
-4.65714
1.15306
2.12605
-0.744481
-0.738584
0.63092
0.0103075
-0.159716
0.00299548
0.0340715
0.0464394
-0.0143739
-0.0184591
0.00322172
-0.00195995
-0.00567213
-0.00175772
0.00376835
0.0126803
0.00926705
0.00488696
0.00681415
0.00845206
0.00787965
-0.000428119
-0.0126447
-0.0168047
-0.0178897
-0.00729573
0.00403999
0.00887873
0.008451
0.00475706
0.00194738
-0.00567236
-0.895017
-0.0817576
-1.57202
2.32714
2.81104
-0.154179
-5.4416
1.08705
2.2274
0.661361
-1.78717
-0.0163723
0.136027
0.0693048
0.0324655
-0.104389
0.123424
0.0901916
-0.0585423
0.000507451
0.0355564
-0.00238678
-0.0100954
0.0102075
0.0187281
0.0134759
-0.00106282
-0.00882387
0.00303613
0.00270228
0.00200095
-0.00487301
-0.0146517
-0.0181458
-0.0150623
-0.00573529
-0.00065208
0.00101828
-0.000487103
0.00040799
0.00182024
-0.00218115
-4.02712
1.43835
5.49469
1.10174
-4.26747
-3.11183
1.94589
3.06538
-0.590826
-2.02287
0.499575
0.239782
-0.162038
0.304021
-0.105567
-0.0239128
0.177987
-0.0937008
-0.0855436
0.0827936
0.0527954
-0.0135362
-0.000383363
0.0204124
0.015428
0.00445547
-0.00142983
-0.0144737
0.00110675
-0.00166912
-0.00237256
-0.0104464
-0.0118043
-0.0103069
-0.0049633
-0.0043912
-0.00828194
-0.0101907
-0.0117373
-0.00494556
0.00106394
0.00356017
-2.80233
1.36822
3.93603
1.26133
-7.92404
0.213986
5.42317
2.52832
-5.57317
0.19947
1.77028
-0.174585
-0.240188
0.268769
-0.161375
0.0922664
0.0049843
-0.189118
0.0367597
0.0942861
-0.009209
-0.0121385
0.0224712
0.0134565
-0.00131715
-0.000153797
0.00330581
-0.00952618
-0.00150349
-0.00383927
-0.00694803
-0.0145607
-0.00403019
0.00490773
0.00652202
-0.00453221
-0.0145666
-0.0189925
-0.0193695
-0.00895708
-0.000777853
0.0083932
3.29195
-0.981373
0.994385
-5.61526
-0.775719
4.14757
3.44303
-4.68062
-1.24391
1.90931
0.953727
-1.21084
0.47876
0.185672
-0.267291
0.0543499
-0.0824824
-0.026376
0.0925298
-0.0250774
-0.0556789
0.0185771
0.0223837
-0.00742215
-0.00120407
0.00857206
0.00141576
-0.0108335
-0.00880572
-0.00350967
-0.00930738
-0.00851995
0.00803842
0.015783
0.0117985
-0.00409867
-0.0146086
-0.0201398
-0.0195395
-0.0106338
-0.00400441
0.00890895
2.59823
-2.41275
-4.33244
0.310329
5.84525
1.78774
-5.51005
-0.18447
2.15685
0.826528
-1.83644
0.596896
0.675664
-0.493933
-0.102261
0.0802827
-0.0287955
0.0700696
-0.00937164
-0.0958606
-0.00627357
0.0318886
-0.0108663
-0.0196546
0.011047
0.0119273
-0.0124049
-0.0130731
-0.00977966
0.00320924
-0.00350629
0.00277782
0.0143518
0.0153938
0.00977123
0.000154238
-0.00674543
-0.012714
-0.0128732
-0.0100492
-0.00761615
0.00404867
-2.92415
0.526771
3.92114
1.7483
-1.47084
-3.96091
1.29865
2.3063
0.258958
-2.78482
0.855448
1.21052
-0.606039
-0.270271
0.216645
-0.0340557
0.00728996
0.0285976
-0.0867321
-0.0407462
0.0363886
0.00691553
-0.0235697
-0.00352426
0.00851813
-0.00778333
-0.0195263
-0.00347853
-0.00227068
0.00515134
0.00385064
0.0102653
0.011098
0.00881975
0.00466028
0.00699532
0.00519515
-0.000156979
-0.00256992
-0.00735547
-0.00978187
-0.00375244
1.45254
-0.636304
0.730752
-3.10794
-0.819467
1.80911
2.98148
-2.06394
-2.07508
1.16786
1.31091
-0.87902
-0.334512
0.35602
-0.0364807
-0.0829631
0.0567451
-0.0234017
-0.0555448
0.0192458
0.0165658
-0.0154035
0.00221642
0.0126069
-0.0128491
-0.0262514
-0.00564862
0.00921043
-0.0026135
0.000374599
0.00982591
0.0138706
0.00430608
0.00280137
0.00158252
0.0119167
0.0132947
0.0106518
0.00711133
-0.00256733
-0.00879515
-0.0104959
1.3182
-1.69007
-2.60746
0.490523
4.31322
1.45228
-4.94514
-0.370027
2.07467
0.987146
-1.51253
-0.12147
0.470297
-0.0749706
-0.130646
0.0378513
0.0314339
-0.0230297
0.00768768
0.0149876
-0.0193226
-0.00683536
0.0234845
0.00965754
-0.023499
-0.0189427
0.00307042
0.0114383
-0.00324514
0.0028105
0.0135339
0.00974756
-0.00547995
-7.35987e-06
0.00280296
0.0123606
0.0143105
0.0157688
0.0128012
0.0034298
-0.0037357
-0.0122211
-4.50263
2.20347
4.75212
1.04771
-2.58542
-3.30176
1.22234
2.11742
0.00803716
-1.7638
0.396845
0.489342
-0.217741
-0.0130028
0.0288445
-0.0417295
-0.0033539
0.0345475
0.0231551
-0.0177426
-0.0203695
0.00154406
0.00426615
-0.00448167
0.00346915
0.0121195
-0.00610584
0.000385676
0.0108826
0.0204671
0.00773721
-0.00789093
-0.0145154
0.00109833
0.00463089
0.00747158
0.0105962
0.0152904
0.0131312
0.00799507
0.0032154
-0.00796481
2.00044
-0.848956
0.250423
-2.93946
-0.611717
1.82478
2.73386
-2.61259
-0.904182
0.87696
0.601775
-0.609964
0.16313
0.159698
-0.115575
-0.0473965
0.0375797
0.0426341
-0.022551
-0.03261
0.000105842
0.00218689
-0.0112799
-0.00287776
0.0224831
0.0278925
-0.00195622
-0.0012659
0.018598
0.0218742
-0.00777284
-0.0239216
-0.0112987
0.000294934
0.000883356
-0.00106942
0.00643495
0.012163
0.0109575
0.0105637
0.00919854
0.000172586
0.916505
-1.81511
-2.22311
0.547064
4.18522
1.41009
-4.53917
0.205918
1.54553
0.418304
-1.11385
0.463395
0.346782
-0.240091
-0.0106784
0.0471774
0.0500592
-0.00452308
-0.0570829
-0.0200061
-0.00128536
-0.00418534
0.00866368
0.0197965
0.00445725
-0.00789002
-0.0074826
0.0172801
0.0265028
-0.000396376
-0.0212019
-0.0188391
0.00241175
-0.00417619
-0.00607751
-0.00792767
0.00394758
0.00902349
0.00884409
0.0102528
0.0108801
0.00792247
-4.40158
2.33851
4.5576
1.25678
-2.13364
-3.74144
1.34358
1.94987
-0.432282
-1.12395
0.722673
0.64571
-0.574118
0.0276954
0.124654
-0.0153708
0.0580041
-0.0234011
-0.0349459
0.00521001
-0.00404039
0.000359248
0.0259893
0.0246722
-0.0147869
-0.0358358
-0.0171145
0.0084887
0.0154289
-0.016308
-0.0188933
-0.00116019
0.00976994
-0.00761077
-0.00741985
-0.00713
0.0032651
0.00584959
0.00629737
0.00689057
0.00885137
0.0125987
1.80933
0.287243
0.959147
-3.27117
-2.29498
1.60782
2.63319
-1.39221
-1.28723
1.32185
1.03656
-1.13219
-0.0221912
0.406908
-0.111537
0.00620634
0.061425
-0.0401541
-0.0012751
0.0288488
0.0100791
0.00375304
0.00200548
-0.00627365
-0.017741
-0.0195931
-0.0127036
-0.0155423
-0.0120816
-0.0239853
-0.0130616
0.00508379
0.0100581
-0.000382839
0.00140784
-5.89426e-05
0.00329522
0.000980986
0.00148408
0.00151355
0.00530091
0.0133709
2.70168
-1.20758
-4.31223
0.230892
3.1987
2.63533
-3.52063
-1.65211
2.2436
1.35639
-1.53781
-0.208631
0.595468
-0.102025
-0.12093
0.153353
0.0317969
-0.0604321
0.0173528
0.0490945
0.0166958
-0.019348
-0.0279139
-0.0169579
-0.00464015
-0.0096111
-0.0204649
-0.0286632
-0.0249683
-0.0221682
-0.0071545
0.00338256
0.0085011
0.00852283
0.0116339
0.00308498
-0.000999585
-0.00511968
-0.00228479
-0.000591268
0.00434039
0.0116888
-2.6289
1.25776
0.379224
2.89175
1.22507
-4.51069
-0.675202
2.342
1.53537
-2.56203
-0.167561
0.977377
-0.0331897
-0.264981
0.14655
0.0854369
-0.0882957
-0.0224987
0.0651292
0.026624
-0.0354667
-0.0305447
-0.00155873
0.000482423
-0.0179961
-0.0285167
-0.0169841
-0.00845576
-0.0155272
-0.0192122
-0.00439761
0.000433926
0.00762115
0.0103464
0.0114714
0.00055583
-0.00513264
-0.00666891
-0.00309712
0.000576642
0.00528764
0.00930424
-1.58457
1.05612
2.19202
-0.0785861
-4.28858
0.323119
3.47768
1.075
-3.58011
0.118048
1.37722
-0.131111
-0.461202
0.0993382
0.0576294
-0.0181377
-0.077541
0.06196
0.0648189
-0.078514
-0.0595044
0.0170903
0.0362072
0.00252606
-0.0439959
-0.0390383
0.0062503
0.0185447
-0.00406184
-0.0159852
-0.00495153
-0.00241627
0.00889765
0.0101328
-0.000668163
-0.00419401
-0.0059012
-0.00409433
-0.00313571
0.00162572
0.00574982
0.00772965
3.78076
-0.468536
-4.09782
-0.946981
1.21314
2.62457
0.173694
-3.65438
0.716005
1.43849
-0.494296
-0.750091
0.326124
0.0455736
0.00504972
-0.0252009
-0.156427
0.0689101
0.0762938
-0.133384
0.00472313
-0.00760624
0.0453992
-0.0146644
-0.0518592
0.00561397
0.0324568
0.0175241
-0.00455355
-0.0049588
-0.00241481
-0.00317489
0.0063427
0.0082774
-0.0106356
-0.0052983
-0.00509884
-0.00207779
-0.00403966
0.00149334
0.0053343
0.00715235
-0.900873
-0.538839
-1.08844
1.77747
2.30739
-1.37821
-2.75183
0.937164
1.8682
-0.641068
-0.917772
0.55565
0.0655456
-0.322276
0.0855783
-0.10422
-0.301996
0.139467
0.261857
-0.109146
-0.0415973
-0.0157783
0.0176015
-0.011567
-0.00797584
0.0236915
0.0243131
0.0111805
0.00844229
0.00892763
-0.000363943
-0.000910315
0.00129701
0.00205176
-0.0131164
-0.00281908
-0.00353004
-0.00103862
-0.00569164
0.00133472
0.00485928
0.00675336
-2.62528
0.469405
4.37971
0.208655
-3.44797
-0.835188
1.40456
1.73451
-1.68073
-0.765563
0.761256
0.341023
-0.163542
0.0519976
-0.0938158
-0.147607
-0.0752106
0.009236
0.128372
-0.0259808
-0.0769554
0.00575825
0.0246048
0.018554
0.0228409
0.0186095
0.0149763
0.0158274
0.0163289
0.0116948
0.00527913
0.00686956
-0.000306243
-0.00289283
-0.0106841
-0.000571416
-0.00212766
-0.000404095
-0.00771233
0.00010463
0.00240566
0.00319389
-0.127636
0.0619851
-0.175703
-0.00416956
0.551839
0.375661
-0.638625
-0.256398
0.121426
0.0785109
-0.21335
-0.0260203
0.284404
-0.0665904
-0.334632
0.3536
0.228422
-0.250666
-0.129218
-0.00703424
0.0724809
0.0367968
-0.0143464
0.0135747
0.0263518
0.0189759
0.017183
0.015632
0.0129674
0.0113623
0.0130833
0.0126395
0.000358154
-0.00204733
-0.00506465
-0.00125749
-9.70531e-05
0.00119186
-0.00671495
-0.0017932
-0.00185279
-0.00338913
-0.84108
0.336631
1.55792
0.239157
-1.42248
-0.699928
0.999847
0.622368
-0.601044
-0.53499
0.139703
0.15222
0.179402
-0.336067
0.0363619
0.288541
0.137259
-0.116412
-0.194873
0.0153911
0.131239
-0.0152196
-0.0410245
0.0211176
0.0224262
0.00845743
0.00463125
0.00419817
0.00769755
0.0117319
0.0145334
0.0116518
0.00200844
0.0021617
0.00313885
-0.00254189
0.00214067
0.00326413
9.6495e-05
-0.00258295
-0.00585451
-0.0102615
-1.21171
-0.0960026
2.54348
0.267732
-2.74065
-0.676276
2.45394
0.330396
-1.26613
0.0502691
0.313331
-0.075336
0.000202766
-0.188465
-0.0348699
-0.0125392
0.0401595
0.0598923
0.00617838
0.0654588
0.0447109
-0.0746421
0.0110888
0.0396317
-0.00266432
-0.0124722
-0.00703058
-0.00105555
0.00490991
0.00612521
0.00382385
0.00301595
0.00264273
0.00552624
0.00884015
-0.00216628
0.00457298
0.00545467
0.00838091
-0.00198158
-0.00885941
-0.0163286
1.39896
0.186108
0.712355
-3.19505
-0.873851
1.02426
1.79731
-0.6217
-1.26444
0.486631
0.125524
0.089555
0.281094
0.00510922
-0.0925664
-0.134622
-0.14035
0.0983155
0.164822
-0.00220462
-0.0967884
-0.00797553
0.0545734
-0.000657994
-0.0268729
-0.0177536
-0.00617568
-0.00178952
-0.00174046
-0.0071449
-0.0110292
-0.00453037
0.00444789
0.00760428
0.00919162
2.22616e-05
0.00863247
0.00972537
0.0152647
0.000667371
-0.00822873
-0.0175653
-0.412362
-0.0358934
1.18666
0.0777485
-1.04431
-0.0172684
0.984245
0.13709
-0.767357
-0.29008
0.102546
-0.10492
-0.0763442
0.0546896
0.197319
0.209277
-0.237333
-0.229243
0.213722
0.107129
-0.0865793
-0.0279984
0.0161578
-0.0126919
-0.032296
-0.00991661
0.01448
0.00553475
-0.0158153
-0.0283034
-0.0204325
-0.0055262
0.0030434
0.00100379
0.00241449
0.00263767
0.0110705
0.0120111
0.0161946
0.00383892
-0.00266434
-0.00969018
-3.42473
0.37179
2.83279
0.065133
-2.08111
-0.787694
1.72991
0.606101
-0.22226
0.752175
0.292033
-0.348309
-0.356535
-0.341853
-0.282669
0.182344
0.245592
-0.168176
0.219174
0.047401
-0.222321
-0.0178466
0.075608
-0.0259189
-0.0390289
0.0211132
0.0250193
-0.0109947
-0.0327609
-0.0261527
-0.00826946
-0.00271433
-0.00587645
-0.0105074
-0.00545594
0.00352093
0.00806628
0.00714684
0.00959621
0.005173
0.00439018
0.00418678
0.288975
-0.914935
-1.484
-0.0171049
0.320144
1.129
-0.2726
-0.677198
1.43123
1.05583
-0.62357
-0.231289
-0.155222
-0.113567
-0.637779
0.241884
0.560896
-0.00369777
0.013789
-0.290557
-0.126271
0.197474
-0.0130035
-0.0966203
0.0222959
0.0384769
-0.0136772
-0.0293867
-0.0195313
-0.00518549
-0.00545472
-0.0121924
-0.0135954
-0.0091891
-0.00331172
0.000703327
0.000595804
-0.0016723
-0.000172225
0.00762731
0.0133554
0.0182107
1.67444
-1.78082
-1.53533
0.591127
2.02773
0.422794
-2.89124
0.26843
1.95841
0.866758
-1.42944
-0.0338076
0.274753
-0.125525
-0.723315
0.525454
0.701324
-0.288098
-0.574371
-0.160654
0.397503
0.0593265
-0.207121
0.00293499
0.0660077
-0.0270119
-0.0365024
-0.00530631
0.00524288
-0.00021273
-0.0114881
-0.0151324
-0.0103065
-0.0040247
-0.00455714
-0.00945621
-0.00975607
-0.00524296
-0.00150903
0.00981786
0.020614
0.0301797
-0.143964
0.697419
-0.468624
2.8248
1.6136
-3.98913
-1.79906
1.66325
1.12037
-1.97263
0.127102
0.576556
0.661142
-0.461402
-0.513059
0.86891
0.347426
-0.976548
-0.556531
0.573802
0.374366
-0.316167
-0.139327
0.102955
0.0101262
-0.0442091
-0.0176317
0.00343677
0.0118756
0.00787957
-0.000690804
-0.00372014
-0.00175272
-0.00592919
-0.0112084
-0.0102007
-0.0099624
-0.00343448
-0.000190673
0.00747571
0.016286
0.0226551
-1.74761
2.84863
0.856542
1.7998
-0.541426
-4.31756
0.856788
1.23177
0.513894
-2.56626
0.681091
0.645961
0.19118
-0.572441
0.625474
1.06353
-0.588697
-1.4652
0.0136939
1.14309
-0.113649
-0.494228
0.0375798
0.139881
-0.0188147
-0.0373167
-0.0142609
0.0027442
0.0103151
0.00323706
0.00139737
0.00408662
0.0030828
-0.00951681
-0.0134287
-0.00225701
-0.00587917
-0.00241178
0.000846919
0.00287203
0.00764019
0.00873212
-2.32845
3.2672
1.56403
0.690036
-3.28588
-1.59739
1.98726
1.68658
-1.01185
-2.29223
0.70604
0.760053
-0.349251
-0.431418
1.80857
0.84739
-1.43527
-1.42849
0.760323
1.03485
-0.603665
-0.396392
0.263649
0.103578
-0.0914681
-0.0420384
0.0115676
0.017112
0.00727558
-0.000720442
0.00181205
0.00269898
-0.00177028
-0.00790977
-0.00493314
0.00676507
0.00150555
0.00275505
0.00615386
0.00164747
-0.000708035
-0.0035962
1.12652
1.11603
0.366902
-4.80373
-1.78871
0.626993
5.67574
1.68723
-2.03878
-1.62694
-0.239657
-0.863527
-0.742289
0.973911
2.21692
0.349322
-1.85668
-1.3764
1.28259
0.733623
-0.764467
-0.122083
0.318806
-0.0557121
-0.104245
0.0209294
0.02982
-0.00750783
-0.0129445
-0.000476928
0.00169268
-0.00106582
-0.000176087
0.00370125
0.00750789
0.0122782
0.00631419
0.00363775
0.000979913
-0.00477095
-0.00994696
-0.0116651
-2.3725
-1.81339
-1.32595
-0.250045
1.17107
3.74785
2.53977
0.987615
-0.0450632
-2.62649
-1.19218
-0.855807
-0.333862
1.01319
1.62058
0.716512
-1.79767
-1.40531
1.43655
0.56733
-0.696792
-0.0270859
0.186976
-0.105811
-0.0258529
0.0516031
0.00739096
-0.0181566
-0.00430643
0.00349015
-0.00561708
-0.00468822
0.00306669
0.00320883
0.00302651
0.0106325
0.00792783
0.00394837
-0.0020425
-0.00548382
-0.00928097
-0.00969968
-4.20552
-2.71907
0.311462
2.10746
1.62293
1.13144
1.01614
2.23135
0.801181
-2.20228
-1.52203
-0.853149
-0.443047
0.328299
1.14405
1.34959
-1.57672
-1.21436
1.34528
0.45311
-0.607307
-0.0161266
0.11224
-0.0468431
0.0218702
0.0211173
-0.0220787
-0.0125705
0.00373607
-0.00485477
-0.0128201
0.000860508
0.00963715
0.00236878
0.00158427
0.0110261
0.0091612
0.00546518
0.000956462
-0.00107117
-0.00244231
-0.00373342
-2.56764
-0.414382
3.14786
1.05176
-2.53884
-0.222398
1.26181
1.91951
-1.26467
-0.762677
0.399131
0.0834691
-0.448488
-0.89417
0.135468
1.79326
-0.928891
-0.650012
0.928279
-0.145043
-0.313978
0.117606
-0.00224704
-0.0297769
0.017529
-0.0205391
-0.021538
0.00492545
0.00596435
-0.00754112
0.00298456
0.0115566
0.00741435
0.000334236
0.00207244
0.0111613
0.00836453
0.00493129
0.00277119
0.0015554
0.00232231
0.00101204
3.6189
0.650845
-0.0760975
-1.99831
-3.36609
1.01017
1.91958
-2.15428
-1.35065
1.31687
1.07572
0.228477
-0.261046
-1.03167
0.361801
0.501535
-0.352433
0.369055
0.0185479
-0.397314
0.115267
0.0906676
-0.0697034
-0.00710949
-0.00690818
-0.0100111
0.0149678
0.00775603
-0.00975758
-0.00479433
0.0167812
0.0226809
0.0078636
-0.0016925
0.0023503
0.0101381
0.00820027
0.00547556
0.00533773
0.00420763
0.00366937
0.00268082
2.42174
0.991807
-1.41264
-1.09733
0.745046
-0.155102
1.24568
-4.31085
0.216571
1.2882
0.702111
-0.00243955
-0.363963
1.51107
-0.177215
-1.89632
0.53249
1.13421
-0.712783
-0.198942
0.263672
-0.0302638
-0.0599707
-0.0150003
-0.0087688
0.0234447
0.0165411
-0.00514686
-0.00641904
0.0100345
0.0172834
0.00908964
0.000340029
0.00287378
0.00868215
0.0133136
0.010268
0.0086542
0.00845832
0.0069496
0.00440832
0.00396293
1.7732
-1.41308
-2.27047
0.0918845
2.45832
2.49092
-2.8138
-0.835208
0.659001
-0.101239
-0.583215
0.181074
1.16377
0.761413
-0.741354
-1.22978
0.659654
0.431187
-0.33166
-0.0185764
0.0596343
0.00316751
-0.0148342
-0.00788963
0.0336996
0.0151801
-0.0315526
-0.0162545
0.0234084
0.0340281
0.0083481
-0.0113148
-0.00361217
0.00615433
0.00886653
0.0123577
0.0101857
0.00943708
0.00746465
0.00621419
0.00402955
0.00439874
-2.39959
0.331327
0.214595
2.29762
0.78697
-3.40904
-0.140565
2.43548
1.17419
-0.738258
-0.682731
-0.612403
0.526709
0.19916
-0.0261595
-0.196528
-0.0421427
0.249844
-0.0537893
-0.121363
0.052081
0.0438968
-0.0108502
0.0569996
0.0451054
-0.0449691
-0.0382658
0.0200183
0.0558329
0.0190063
-0.024224
-0.0206193
0.00155389
0.0017486
-0.000157572
0.00874488
0.00859302
0.00671856
0.00368563
0.00439587
0.00515075
0.00690358
-4.03215
-0.258983
0.37148
0.929072
-2.09773
0.42718
5.24069
2.51183
-0.780761
-1.86591
-2.61704
-0.503783
1.4977
1.12404
-0.286978
-1.04887
0.128702
0.690835
-0.216517
-0.259568
0.167205
0.156902
-0.0324521
-0.0514862
-0.0294758
-0.00463244
0.0267645
0.024929
0.0013352
-0.0296504
-0.0259457
-0.00123081
0.00529308
-0.00291996
-0.00212564
0.00538081
0.00484994
0.00470723
0.00554448
0.00771368
0.0103758
0.0130013
0.0542194
-1.78011
-3.11281
-3.83298
0.663731
8.65284
3.64623
0.3476
-3.92592
-1.25661
-2.79147
0.264018
4.10886
1.39073
-3.0509
-1.37744
1.56985
0.411013
-0.460844
-0.210597
0.193104
0.134536
-0.0269106
-0.132437
-0.0687309
0.0380784
0.0652404
0.00438223
-0.0350276
-0.0147968
1.40119e-05
-0.0118266
-0.0144577
-0.00160887
0.00610336
0.0028192
0.000863552
0.00230046
0.00582306
0.00974937
0.0124816
0.0138456
-0.455443
-1.33375
-4.44154
0.307802
3.27805
6.90184
1.83605
-5.43252
-0.936022
-0.78268
-1.89646
1.12095
5.25871
-0.0770808
-4.41731
-0.82187
2.82698
-0.585118
-0.577881
0.175646
0.29339
0.015447
-0.06128
-0.0534009
0.0112879
0.0622305
0.0267786
-0.0274743
-0.0288267
0.0029655
-0.0120038
-0.0184164
-0.00311937
0.00873227
0.00615446
-0.00248897
-0.00297499
0.000500441
0.00602409
0.00900598
0.00917236
0.00560228
-2.39402
-5.56731
-4.37273
2.93275
7.96202
7.91124
-0.397736
-4.18099
-1.25145
-3.78781
-1.887
3.76699
4.70756
-1.86377
-4.26231
0.781123
2.72828
-0.62161
-1.07151
0.420162
0.301913
-0.0636096
-0.0223924
0.022961
0.023684
0.00104255
-0.038943
-0.0543581
-0.0188573
0.00997428
-0.00802146
-0.00318232
0.00637335
-0.000590383
-0.00360312
-0.00119742
0.000594663
0.00491511
0.0100861
0.00946495
0.00633213
-0.00081147
0.207991
-0.757425
-3.02408
1.00925
3.92396
1.53398
-0.264152
-2.54858
-0.749567
-2.33969
-0.559532
6.11551
1.64178
-5.68954
-2.11712
4.0408
0.88522
-1.94857
-0.0746671
0.524777
-0.00565494
-0.0835536
-0.0192689
0.0303403
0.0239391
0.00449105
-0.0288202
-0.039057
-0.0269924
-0.0170003
-0.00685208
0.00321147
0.00451412
-0.00157079
0.00389881
0.0146854
0.00955782
0.00845319
0.00920945
0.00608832
0.00159248
-0.00495708
-0.568912
7.7794
0.411629
1.93125
0.386867
-10.2311
-4.21055
1.34389
0.522472
1.48509
3.30272
2.99157
-2.85209
-4.30912
1.44202
2.11535
-1.33368
-0.44737
0.520973
0.19497
-0.0561405
-0.0733578
-0.0313209
0.091495
0.0099307
-0.0369164
-0.03666
-0.00791489
0.00490429
0.00375084
-0.00348983
-0.000314118
-0.00367711
0.00739825
0.0160953
0.0235065
0.011992
0.00485039
0.000395356
-0.00321422
-0.00771033
-0.01136
1.12314
4.8602
13.887
-1.02535
-8.15937
-15.2962
-2.30334
0.845079
4.02425
5.19032
3.69377
-1.00157
-5.65836
-2.63849
4.81847
0.0877251
-1.38846
0.00832998
0.439957
0.123582
-0.055897
-0.120289
-0.0788449
0.125594
0.00703887
-0.0558088
-0.0453215
0.0018274
0.0258789
0.0187982
-0.00640818
0.00147139
0.0010304
0.0153087
0.0157975
0.0136785
0.00755138
0.00166242
-0.00416691
-0.00604672
-0.00804753
-0.00796439
2.58494
4.59316
5.68792
-1.39021
-11.3865
-4.09237
0.0490011
0.731178
2.04888
2.66338
2.81706
-1.33625
-4.76952
-0.208175
3.47018
-0.478125
-0.655195
-0.0281403
0.193293
0.116826
-0.0285781
-0.110783
-0.109879
0.0483559
0.021752
-0.0211434
-0.0356435
-0.00677728
0.0139293
0.0155112
0.0155433
0.0112943
0.0114498
0.0154021
0.00803906
-0.00320158
-0.00188088
-0.00099668
-0.000461364
-0.00127872
-0.00291129
-0.00244499
-1.73615
0.277456
0.831036
1.92994
-0.334585
1.40529
-2.49653
0.242228
-0.41003
-0.606102
2.68787
0.626288
-1.9663
-0.535122
0.768987
0.300324
-0.31948
-0.541091
0.289713
0.331459
0.0987128
-0.136725
-0.210841
0.0787598
0.0587308
-0.0309816
-0.0368824
0.00810517
0.0224417
0.0168384
0.0247157
0.0135357
0.00665488
-0.00290178
-0.00834494
-0.0158757
-0.00925907
-0.003609
0.00189119
0.000143319
-0.00320669
-0.00398237
-1.10498
-1.89557
0.0851733
1.22239
1.43069
2.23296
0.228001
-1.17421
-2.72796
-0.474607
1.45251
1.13203
-0.393589
-0.868278
0.967421
0.0556327
-0.934639
0.196289
0.410365
0.062061
-0.162177
-0.200051
0.0993819
0.159288
-0.0436963
-0.0478655
-0.00364143
0.0362041
0.0251478
0.0111938
0.00975212
-0.00569039
-0.016268
-0.0243624
-0.0199474
-0.0164571
-0.0087695
7.02498e-05
0.00785648
0.00346472
-0.00443029
-0.0049592
-0.569048
1.34056
0.733811
-0.738824
-1.05777
-0.736951
-1.02602
0.432567
1.42034
0.834188
-1.43283
-0.865923
1.39812
0.290076
-0.80656
-0.169795
0.423407
0.119634
-0.116912
-0.111135
-0.0392702
0.0626109
0.199626
0.119646
-0.235844
-0.0343349
0.0419949
0.0428303
0.0252868
0.00335689
-0.0208915
-0.0287966
-0.0334942
-0.0327185
-0.0196272
-0.00212684
0.00392984
0.0108463
0.0129258
0.0067883
-0.00241768
-0.00126364
9.04183
-1.0116
-2.60577
-2.86706
-2.06699
-2.69882
-0.987426
1.64652
3.88862
1.57481
-2.00705
-1.82893
0.501621
0.778107
-0.685236
0.30121
0.534072
0.00590855
-0.705598
-0.0822116
0.192847
0.255585
0.10953
-0.0943825
-0.141422
0.0352372
0.0305902
0.00626498
-0.00201704
-0.00794347
-0.0180356
-0.0218318
-0.0298393
-0.0320088
-0.0180695
0.00846076
0.012858
0.0147858
0.00688922
0.000240184
-0.00604431
-0.00236748
2.15149
0.622566
0.237747
-2.07539
-0.663841
-1.23887
-1.29989
1.13215
1.29101
0.75243
0.749269
-1.14369
-0.747135
0.025007
0.155776
1.35245
0.122331
-0.87636
-0.406214
0.0682373
0.285981
0.250086
-0.203481
-0.282334
0.155418
0.0492498
0.013819
0.00152397
-0.018632
-0.0244243
-0.00953826
-0.011327
-0.0114763
-0.0209224
-0.0120168
0.0160018
0.0146371
0.00888884
-0.00760957
-0.0105485
-0.00733253
-0.00205613
-2.19242
-2.94053
-0.56472
2.21348
6.1908
1.97734
-0.802008
-3.28355
-1.91612
0.302146
1.57017
1.18102
-1.40636
-0.769161
1.7986
0.0455923
-1.18628
-0.128089
0.441537
0.342649
0.177019
-0.208371
-0.427043
0.0256163
0.13944
-0.00748629
0.00101602
0.00897853
-0.0338356
-0.0392792
-0.000713182
0.00412813
0.00354447
-0.00572804
-0.000344886
0.020607
0.013951
0.00277876
-0.0112468
-0.00803067
0.00418502
0.00558666
-3.20135
-0.645804
0.722564
0.993017
2.65808
1.05405
-1.05573
-1.01826
-0.420398
-0.964114
-0.168302
2.4268
-0.657339
-0.125429
0.5666
-1.0788
-0.422473
0.668374
0.372584
0.254615
-0.166566
-0.584909
0.0960636
0.17542
0.0634013
-0.0609025
-0.0208122
-0.0110958
-0.045233
-0.0324241
0.0240784
0.0221598
0.00549123
0.0023202
0.00546585
0.0068717
0.00244224
-0.00728701
-0.0117084
-0.00655568
0.00804176
0.0063484
2.49058
0.563233
-0.273118
-1.3143
-0.358667
-1.96688
-1.15584
2.05025
1.95819
-1.34347
-1.16625
0.308171
0.714038
0.802875
-1.29556
-0.725931
0.67914
0.554515
0.153782
-0.26336
-0.565204
0.0432532
0.25586
0.126832
-0.128502
-0.0113311
-0.015729
-0.0228692
-0.0185442
0.00320788
0.0310759
0.0212464
0.00592278
0.0124161
0.00929889
-0.0262316
-0.00215145
-0.00488111
-0.00672979
-0.00411983
0.00477762
-0.00335898
5.20132
2.61284
0.321447
-3.22406
-4.64171
-3.88186
0.291559
3.09135
1.94574
0.247629
-0.780593
-1.7043
1.85137
0.533479
-1.98789
-0.278758
1.19379
0.254307
-0.142657
-0.670719
-0.0659937
0.287554
0.296864
-0.0958854
-0.162663
0.0092798
-0.00255938
0.000109936
0.0218114
0.0143267
-0.00179506
-0.00387512
-0.0037015
0.00580663
0.00810969
-0.0212214
0.00642532
0.00503856
0.0049306
0.00701501
0.00927406
-0.00365725
1.22597
1.89406
2.92546
-0.850111
-6.91507
-0.598203
1.561
0.509174
-0.455417
2.76091
-0.135036
-2.19839
1.00796
-0.558624
-0.696925
0.88484
0.27815
-0.000735848
-0.635277
-0.190982
0.323983
0.299094
0.0397643
-0.17566
-0.00408015
-0.0133516
-0.00352973
0.0231357
0.0386347
0.0160436
-0.0230218
-0.021936
-0.0100297
0.00161204
0.00499034
-0.00456549
0.00744459
0.00896051
0.00990613
0.0100626
0.00762411
-0.00601336
-1.98414
-0.806859
-0.762445
1.95638
1.74215
1.3384
-0.545447
-1.44116
-1.79862
2.31646
1.16056
-1.48111
-0.932265
-0.441702
0.896184
0.66955
-0.0348368
-0.962048
-0.173327
0.380356
0.377169
0.146211
-0.396151
0.00542014
0.117778
0.00820961
-0.00470628
0.0181462
0.0120604
0.000235128
-0.0164368
-0.00976592
-0.000994584
0.00616202
0.00787069
0.00444198
0.00983091
0.00723667
0.00153568
-0.00191872
-0.00767674
-0.0179634
-3.94503
-3.73669
0.212199
3.28574
5.49712
2.89405
-0.0339368
-4.72953
-1.64304
0.571353
1.89413
0.244431
-2.19915
-0.250702
2.15555
0.114339
-1.32339
-0.247985
0.304356
0.423235
0.298854
-0.34015
-0.254401
0.0614411
0.111183
0.013232
-0.0132007
0.0117299
-0.0157476
-0.0196656
-0.00399897
0.00487529
0.00539287
0.00946891
0.0103321
0.00484808
0.00989989
0.00634804
-0.00353037
-0.00232385
-0.00426298
-0.00770383
-3.89894
-1.26049
0.32736
1.28406
3.13729
2.93987
-0.218214
-2.33928
-1.21197
-1.073
0.789797
1.04253
-1.41772
0.686596
0.783363
-0.360833
-0.968617
0.101191
0.468899
0.320866
-0.100042
-0.444986
0.117282
0.120507
-0.0934956
0.0577088
0.0227182
0.0164277
-0.0341133
-0.0269945
0.0115748
0.0203467
0.0108832
0.00357269
-0.000715582
-0.00339467
0.000707932
0.00137205
-0.000120016
0.00492593
0.00488213
0.00691767
1.97522
0.217681
-0.81267
-0.848798
-0.611499
-1.43167
0.927295
3.15357
0.328868
-3.04111
-0.88816
1.30005
0.289813
0.564114
-0.694107
-0.724433
0.190614
0.420425
0.329299
-0.00300875
-0.447284
0.036276
0.192443
0.0604919
-0.129528
0.0629517
0.0574464
-0.00263471
-0.0361042
-0.0196037
0.0145842
0.0219632
0.0133451
0.00787668
0.00177571
-0.00971681
-0.0053948
-0.00897877
-0.00720065
-0.00403874
-0.00187699
-0.000255914
6.80377
0.321061
-0.873499
-3.984
-2.48155
-3.25139
0.9676
4.75267
1.93948
-2.61098
-1.91184
0.741735
1.01451
0.00991577
-0.779314
-0.168542
0.350985
0.108899
0.0720214
-0.148122
-0.324821
0.149214
0.21107
0.0432634
-0.0809646
0.00388521
0.00439233
-0.0198831
-0.0157967
-0.00541615
0.00486589
0.00558252
0.00207647
0.00776764
0.00445293
-0.0110042
-0.00304441
-0.00330622
-0.00730245
-0.00400204
-0.00593981
-0.00271913
5.70542
2.91625
-0.617786
-4.40733
-5.83679
-1.57343
1.01459
3.23531
2.70381
-0.367538
-2.30284
-0.416747
0.634691
0.967555
0.0889115
-0.662022
-0.273797
0.119839
0.146673
0.0590166
-0.221598
-0.0029189
0.153097
0.0760203
-0.0603477
-0.0227671
-0.0138465
-0.0211275
-0.00634406
0.000972994
-0.00353555
-0.00750291
-0.00475666
0.00158303
0.00135581
-0.00579915
-0.00353699
0.00255153
0.0133969
0.00815012
-0.0184636
0.0154879
2.17314
0.730792
0.774402
-3.3655
0.314964
-2.91752
0.355401
1.14959
2.26682
2.1728
-2.46296
-2.33074
1.52094
1.64049
-0.41336
-1.12959
-0.0283325
0.449301
0.331471
-0.033892
-0.456162
0.0786403
0.174798
-0.00361601
-0.0833317
0.0282439
0.0148761
-0.0046833
0.00103708
-0.00125947
-0.0131759
-0.0105217
0.00555255
0.00366383
0.00132945
-0.0013407
-0.00414504
0.000997977
0.0114702
0.00473816
-0.0191261
0.00516855
-0.0248742
-0.397884
-0.78576
1.55613
1.21631
-0.0796195
-1.46886
-1.95642
0.769084
4.22134
-2.00684
-2.39054
2.44007
0.857067
-1.81672
-0.289936
0.758619
0.241748
-0.108452
-0.28078
-0.00411007
0.0986009
0.0458325
-0.0418498
-0.000416106
-0.0104343
0.00138492
0.00517074
0.00690806
-0.00562199
-0.0127298
-0.00353596
0.00941137
0.00107828
-0.00147146
0.0027482
0.000116088
0.00211427
0.0042938
-0.00111486
-0.0140014
-0.00704048
-2.39234
-2.34757
0.680416
3.72878
3.11472
0.637037
-1.23052
-4.63953
-0.396279
3.66573
0.432094
-1.13851
-0.260863
-0.0866923
0.140868
0.173927
-0.0405036
-0.0469173
-0.0639839
-0.000780907
0.0358812
-0.02561
-0.0354116
0.0268019
0.0200412
-0.0106498
-0.00817315
-2.78467e-05
-0.0097935
-0.0122781
-0.00467161
0.00385221
0.00692342
0.00234937
0.00187285
0.0065095
0.00465116
0.00400741
0.00342691
-0.000109645
-0.00757952
-0.00711121
-3.50272
-2.08047
0.768962
3.16551
3.63332
1.76788
-1.81621
-2.41721
-1.36321
0.637148
2.13481
-0.718868
-0.654207
0.449694
-0.000742498
-0.0590709
0.0237561
0.00732108
-0.00828268
-0.0216203
-0.0519688
0.0120426
0.0293377
-0.0439391
-0.116176
0.064991
0.0348977
0.0147999
-0.0202849
-0.024121
-0.0117341
0.00342495
0.0107456
-0.00046217
-0.00510363
-0.00303101
0.00207621
0.00487356
0.00406092
-0.000162408
-0.00481852
-0.00383539
-0.535372
0.254762
-1.1527
0.450132
0.472345
0.33932
1.31888
0.822553
-1.38727
-2.0822
1.61072
0.0618322
-0.585274
0.793939
-0.342178
-0.362454
0.0566308
0.171027
0.113315
-0.120673
-0.163729
0.0846986
0.0653044
-0.0966232
-0.0609559
0.0271413
0.014463
0.00634601
-0.00945307
-0.0125592
-0.000769051
0.0057781
-0.00191265
-0.00908035
-0.00524333
0.00128395
0.00445344
0.00470333
0.000352555
-0.00293844
-0.00264433
-0.00288682
3.76403
0.205349
-2.00512
-0.88674
-1.14601
-1.99349
2.05396
4.00127
-1.1055
-3.08858
0.0545237
0.719895
0.54493
0.151943
-0.781214
-0.259079
0.382388
0.218843
0.0275079
-0.307935
-0.0444114
0.118085
0.0229231
-0.0871516
-0.0422969
0.0257401
0.0407987
0.0258908
-0.0099921
-0.0222201
-0.0086013
0.004279
0.00159379
-0.00302796
-0.00103758
0.00288689
0.00386101
0.00217251
-0.00315792
-0.00446674
0.00074394
-0.00208346
4.52033
1.17294
-0.148387
-2.67374
-4.44896
-0.982112
2.03177
2.87875
0.562052
-1.92034
-1.78335
1.05305
1.1527
-0.843347
-0.29756
0.426562
0.10535
0.0689956
-0.144007
-0.166122
0.0446485
0.0381421
-0.0336615
0.0207791
0.0559624
-0.0392857
-0.00745695
-0.0181289
-0.0240791
-0.00633833
0.00890907
0.00607693
-0.00702029
-0.00979889
-0.00243473
0.00744844
0.00376265
-0.00337309
-0.00483124
-0.000294728
0.00885933
0.0106462
2.02441
2.57709
1.27937
-5.12613
-4.0423
-0.162995
1.67426
1.56843
2.53277
-0.872158
-2.22432
0.940028
0.387893
-0.490995
0.184337
0.262901
0.0135084
-0.0568927
-0.0815345
-0.0380765
-0.0513451
-0.0785315
0.0565753
0.12894
0.0727929
-0.102144
-0.0542357
-0.00997016
0.0307744
0.0280922
0.00632848
7.00016e-05
0.0088169
0.0142052
0.00713841
-0.00385546
-0.00638584
-0.0115222
-0.00439671
0.00272015
0.00736181
0.011551
2.05324
2.41738
1.05965
-5.74045
-1.16343
-1.25828
0.509457
1.64239
3.30001
-1.40155
-2.37911
1.11139
0.53449
-0.293204
0.0935611
0.0916882
0.013028
-0.0221337
-0.020356
-0.00899689
-0.0537781
-0.104561
0.0297604
0.139983
0.131174
-0.0533953
-0.0410188
0.0212678
0.0450362
0.0097414
-0.0128428
-0.00123046
0.0181691
0.0137782
-0.00192253
-0.0253435
-0.0138028
-0.00937796
-0.00549797
-0.00323567
-0.00148509
0.000271103
2.37143
2.87007
1.07645
-6.5086
-1.81786
-0.892501
0.841896
1.59852
3.16912
-1.32787
-2.61503
1.33006
0.965803
-1.09702
-0.221718
0.66811
0.150448
-0.0826278
-0.17541
0.049196
0.0759183
-0.0413474
0.00198221
0.0773858
0.104207
-0.0886407
-0.0368128
0.0198405
0.0173304
-0.0129971
-0.0200778
-0.00399627
0.00652251
-0.00156156
-0.00766933
-0.00891891
-0.00951384
-0.00801199
-0.00624586
-0.0031208
0.000415111
0.00156258
2.04982
0.710845
-0.640762
-2.39325
0.162248
-1.10992
-0.448759
0.101608
3.0675
-0.199971
-2.32498
1.33869
0.538627
-1.20391
-0.204878
0.764549
0.164241
-0.152039
-0.15051
0.114087
0.0875665
-0.0431794
-0.024188
-0.0231661
-0.11937
0.0235698
0.0337566
0.0393299
0.00840307
-0.00344142
0.00240093
0.0115237
0.0100552
-0.00137639
-0.00621877
-0.00796047
-0.00888508
-0.00407941
-0.00114028
0.000667989
0.001453
0.0018948
-0.581079
-1.54358
0.151959
2.35666
1.09515
-0.0278375
-1.92632
-1.75915
1.63745
0.868554
-0.765008
0.655014
-0.563149
-0.695847
0.46885
0.44129
0.0716858
-0.353458
-0.184716
0.148677
0.0949777
-0.034143
0.000622444
-0.0342472
-0.0495554
-0.00697312
0.0412237
0.0322671
0.00585244
0.00661075
0.00994547
0.00222236
-0.0110564
-0.0191112
-0.0124668
0.000626453
6.91637e-05
0.001987
0.00092849
0.00117571
0.00143927
0.00266765
-2.31578
-1.48453
1.27183
1.83033
1.86182
1.12908
-1.89351
-0.951788
-0.591132
-0.206227
1.95335
-0.306075
-1.48636
0.0822353
1.17039
-0.031535
-0.325835
-0.416477
0.129044
0.215137
0.0187924
-0.0561097
-0.0168789
-0.0322394
0.00404276
0.0176725
0.0311426
0.0121505
-0.000491913
-0.0012365
-0.00199906
-0.00204893
-0.0074695
-0.0126244
-0.00476849
0.0103013
0.00859553
0.00425603
0.0028735
0.00424594
0.00429311
0.00640273
-0.36157
0.176345
-0.661952
0.235356
0.673335
-0.835471
1.44997
1.16848
-1.78495
-1.54705
2.29172
-0.215379
-1.02324
0.732335
0.478049
-0.0916756
-0.642036
-0.0139895
0.262068
0.160636
-0.0714571
-0.0667243
-0.0264292
0.0192303
0.0234493
0.0153729
-3.6559e-05
-0.0116223
-0.00693027
-0.00468547
-0.00184166
0.00444547
0.000695508
-0.00299169
0.00304731
0.0103494
0.00642597
0.00383387
0.0072635
0.00716943
0.00392153
0.00516278
4.03982
-0.0212901
-2.74843
-0.682744
-1.88701
-0.786664
3.91127
2.18241
-3.08488
-2.06769
2.15344
-0.108041
-0.732535
0.860694
-0.108535
-0.320489
-0.267161
0.175028
0.271451
0.0209168
-0.120833
-0.0594603
0.00486805
0.0410613
0.0103229
-0.00392771
-0.0160919
-0.0103426
-0.00665213
-0.0111601
-0.00299918
0.00767819
0.0025886
-7.30121e-05
0.00285189
0.00128653
-0.00124536
0.00387485
0.00716266
0.00724264
0.00851456
0.0062588
3.71087
0.107366
-3.62763
-0.56596
-1.66428
-0.200076
4.82084
0.72355
-3.88745
-1.15299
2.65965
-0.512875
-0.299791
0.274587
-0.386748
-0.289556
0.157065
0.287219
0.0966257
-0.0924339
-0.0407253
-0.0281467
0.0380623
0.0501012
0.00720771
-0.00518194
-0.00218691
0.00557091
-0.00278961
-0.00802933
0.00328328
0.00969212
0.00283674
0.00169461
0.00224049
-0.00324639
-0.00413197
0.000604434
0.00219228
0.00226162
0.0017655
-0.00088508
0.50632
-0.0672088
-1.38574
0.125747
0.00828205
0.243823
2.64287
-0.572609
-3.09308
0.315033
1.87078
-0.311957
-0.191511
-0.385483
-0.175829
0.239807
0.169444
0.098733
-0.128913
-0.0337512
0.0706146
-0.00324207
0.0153537
0.0239171
0.00269552
0.00034096
0.0053365
0.0074879
-0.00141905
-0.00233911
0.00673628
0.00674883
0.00115137
0.00172802
0.0010746
-0.00439448
-0.00475925
-0.00218896
-0.00178033
-0.0027282
-0.0024009
-0.000457833
0.211894
-0.229481
-1.36599
0.877853
-0.581516
-0.207068
2.58174
0.0967681
-2.41842
-0.606498
1.52137
-0.111419
-0.748812
-0.0923201
0.467559
0.188991
0.0672804
-0.121208
-0.189505
0.0806151
0.0949747
-0.0193732
-0.0114106
0.00619083
0.00525463
0.00379551
0.000635618
-0.000864245
-0.00351973
0.000733808
0.00594195
0.00120517
-0.00268271
-0.000285437
4.91813e-06
-0.00279651
-0.00263587
-0.00163401
-0.00177552
-0.00245227
-0.00347584
-0.00299574
)
;

boundaryField
{
    lateral_sides
    {
        type            empty;
    }
    outerwall
    {
        type            calculated;
        value           nonuniform List<scalar> 
214
(
-0.0897106
-0.0849301
-2.05959
-1.97155
-0.16306
1.4277
0.53371
-1.01422
0.974684
-2.06538
-0.0996608
0.949821
-3.35074
-0.993054
1.79683
0.556252
-1.52775
1.7457
0.162464
-1.36952
0.136668
-2.72068
-0.0665613
-0.219353
-2.31604
1.58649
2.35393
-0.587591
2.10946
-1.52465
-1.46704
-0.522134
-0.716934
1.99886
-2.00107
-1.14641
3.51144
-2.84105
-1.47075
2.61843
1.44165
-3.77672
-0.854315
0.627152
-1.40012
-3.22455
-1.76319
-2.54566
-2.42413
-0.252334
1.39677
-1.4301
2.96256
-2.38498
-2.33208
3.61032
-3.58191
-1.54338
1.30882
1.81078
-2.61137
-0.787971
2.25243
-4.04897
0.570403
2.10788
1.09966
4.91083
6.87914
5.65164
0.222297
-4.9741
-3.49005
0.999636
7.66392
-1.57757
-6.84721
-4.30793
6.16536
3.16294
-6.04964
1.98148
6.92589
5.35892
-2.22352
-7.92258
1.40028
5.57576
0.347
-4.88018
-6.30887
-3.76417
1.39535
2.9964
2.70997
2.58285
-0.35219
-4.41009
-9.71612
-5.58156
5.24756
9.56488
4.35715
-2.65902
-9.36751
-2.11538
8.89106
1.76048
-6.55736
-0.994847
5.75727
3.41356
-1.61471
-6.73697
0.858531
7.24547
4.47217
-3.39219
2.13145
4.13019
-1.67741
-7.52716
-0.535839
5.77032
1.25919
-7.13605
2.00294
2.17309
-3.91928
1.76834
1.70468
-3.3214
-0.293014
2.53058
-0.895017
-4.02712
-2.80233
3.29195
2.59823
-2.92415
1.45254
1.3182
-4.50263
2.00044
0.916505
-4.40158
1.80933
2.70168
-2.6289
-1.58457
3.78076
-0.900873
-2.62528
-0.127636
-0.84108
-1.21171
1.39896
-0.412362
-3.42473
0.288975
1.67444
-0.143964
-1.74761
-2.32845
1.12652
-2.3725
-4.20552
-2.56764
3.6189
2.42174
1.7732
-2.39959
-4.03215
0.0542194
-0.455443
-2.39402
0.207991
-0.568912
1.12314
2.58494
-1.73615
-1.10498
-0.569048
9.04183
2.15149
-2.19242
-3.20135
2.49058
5.20132
1.22597
-1.98414
-3.94503
-3.89894
1.97522
6.80377
5.70542
2.17314
-0.0248742
-2.39234
-3.50272
-0.535372
3.76403
4.52033
2.02441
2.05324
2.37143
2.04982
-0.581079
-2.31578
-0.36157
4.03982
3.71087
0.50632
0.211894
)
;
    }
    longitudinal_symmetry
    {
        type            symmetryPlane;
    }
    inlet
    {
        type            calculated;
        value           nonuniform List<scalar> 
42
(
0.0145976
-0.0846689
0.0982098
-0.00437487
0.0250196
0.00882076
-0.00706023
0.0203351
-0.0386775
0.0373444
0.00623988
0.0018486
-0.00276215
-0.000731255
0.0077943
0.00596666
0.00640994
0.00605889
0.00581071
0.00519804
0.00498141
0.00401601
0.00525599
0.00492782
0.00536814
0.00621702
0.0065857
0.00638712
0.0062616
0.00620275
0.00570648
0.0051663
0.00426018
0.00297757
0.00168964
0.000386102
-0.00112485
-0.00280439
-0.00442852
-0.00680233
-0.0115749
-0.0180308
)
;
    }
    outlet
    {
        type            calculated;
        value           nonuniform List<scalar> 
42
(
0.211894
-0.229481
-1.36599
0.877853
-0.581516
-0.207068
2.58174
0.0967681
-2.41842
-0.606498
1.52137
-0.111419
-0.748812
-0.0923201
0.467559
0.188991
0.0672804
-0.121208
-0.189505
0.0806151
0.0949747
-0.0193732
-0.0114106
0.00619083
0.00525463
0.00379551
0.000635618
-0.000864245
-0.00351973
0.000733808
0.00594195
0.00120517
-0.00268271
-0.000285437
4.91813e-06
-0.00279651
-0.00263587
-0.00163401
-0.00177552
-0.00245227
-0.00347584
-0.00299574
)
;
    }
}


// ************************************************************************* //
