/*--------------------------------*- C++ -*----------------------------------*\
| =========                 |                                                 |
| \\      /  F ield         | OpenFOAM: The Open Source CFD Toolbox           |
|  \\    /   O peration     | Version:  2406                                  |
|   \\  /    A nd           | Website:  www.openfoam.com                      |
|    \\/     M anipulation  |                                                 |
\*---------------------------------------------------------------------------*/
FoamFile
{
    version     2.0;
    format      ascii;
    arch        "LSB;label=32;scalar=64";
    class       volScalarField;
    location    "0.109";
    object      ddt0(rhoE);
}
// * * * * * * * * * * * * * * * * * * * * * * * * * * * * * * * * * * * * * //

dimensions      [1 -1 -3 0 0 0 0];

internalField   nonuniform List<scalar> 
8988
(
1216.84
-2242.55
-18368.5
29947.1
-5509.76
-7951.32
-20162.6
-9230.79
29482.4
-11367.7
-6167.48
492.238
4332.62
2577.85
-2481.88
-3637.29
-3493.79
-3182.06
-3118.62
-2706.86
-2205.86
-1816.08
-1863.53
-1672.15
-1612.52
-1667.7
-1716.01
-1763.52
-1772.88
-1606.77
-1318.9
-1120.87
-912.926
-591.966
-211.728
180.516
609.27
1106.81
1697.36
2477.21
3835.67
5447.56
-9593.66
5090.97
-85688.1
78755.3
200.956
-58896.6
-31465.7
44781.6
142.421
-29325
-25529
180.267
-5672.74
-10128
-9793.77
-7203.18
-7607.42
-7940.87
-7173.39
-7175.68
-6691.29
-6128.78
-5839.78
-5410.1
-4837.87
-3974.02
-3776.22
-3710.44
-3209.24
-2492.27
-1567.32
-1018.29
-379.347
476.471
1445.67
2357.6
3289.17
4413.42
5687.45
6954.85
7783.12
8285.11
69972.9
-5663.09
-124326
-80364.6
161297
-160979
15951.3
-41311.4
54493.1
14799.8
-35703.2
-37944.3
-10937.9
-9976.34
-14002.8
-13283.5
-11400.8
-12305.1
-12335.7
-11853.6
-11505.4
-10887.1
-10391.4
-9943.87
-9254.3
-8119.89
-6663.38
-5260.81
-4152.96
-2488.43
-1282.29
127.664
1116.56
2597.97
4268.14
5806.89
7133.64
8273.96
9120.85
9645.9
9843.22
10147.8
63101.1
-18637.2
-133699
-48198
186.791
-29777.6
77289.4
-110255
6972.31
23489.7
-7296.83
-59363
-21880.9
-3099.19
-18703.4
-22505.2
-16622.5
-15875.8
-16196.3
-14990
-14380.9
-13896.5
-13184.7
-12261
-11155.5
-9706.36
-8001.68
-6281.6
-4694.58
-2883.75
-1060.86
673.755
2546.25
4396.43
6297.63
7968.34
9293.97
10202.9
10836.8
11423.5
11877.2
12295.8
10091.7
-57199.4
73154.1
-65419.3
-108969
9847.12
2545.35
-9501.38
-59493.9
2203.22
-11247.4
-26210.8
-22751.3
-19840.4
-20300.9
-20383
-19152.5
-18844.2
-17492
-16067.8
-15452.9
-15018.7
-14230.7
-12677.8
-10969.4
-9473.11
-7977.83
-6071.36
-3978.28
-1488.56
669.826
2885.6
5120.17
7018.33
8798.28
10354.7
11340.3
11768
11954.2
11923.3
12649.7
13253.1
-48851.9
-13007.4
-21761.2
94800.4
-40391.1
-95565.2
-27236.3
57427.6
-4073.88
-66198.8
-12288
-9879.34
-22138.5
-18897.2
-17734.1
-18092.6
-18697
-18401.3
-16960.6
-14996.3
-14199.8
-14490.8
-14042.9
-11805.2
-9582.68
-8739.45
-8163.22
-6740.12
-3942.65
-1774.91
223.741
2227.96
4185.95
5994.95
7697.39
9091.23
10118.8
11142.6
11732.8
11867.1
12963.4
13320
-46240.4
-5775.23
-1075.25
-53055.9
118465
-5504.35
-96364.4
-14517.2
7011.38
792.684
-23013.3
-4370.64
-12209.3
-7923.34
-6937
-4915.88
-6753.94
-11621.9
-13974.2
-11030.8
-9057.88
-9680.74
-10521.7
-9215.98
-7468.1
-7169.29
-7579.46
-6736.81
-5218.35
-4001.51
-2746.13
-1178.85
646.901
2509.81
4393.73
6066.19
7844.43
9351.8
10452
10844.8
11752.5
11731.1
50386
-20307.3
-1948.46
-30669.1
-64536.7
85679.7
6028.33
-29085.3
-12341.7
4257.04
-4460.86
7941.83
-8392.85
-446.568
-754.648
4797.77
763.502
-7848.17
-10517.9
-6419.12
-5094.19
-6135.94
-7102.36
-6367.59
-5635.07
-5952.44
-6140.66
-5534.98
-5185.22
-5046.22
-4792.86
-4056.81
-2998.31
-1742.44
-28.6193
1806.56
3932.14
6098.75
7880.18
8578.53
8773.84
7802.26
-19431.9
15080.9
14757.4
49386.3
-9594.16
-65560.1
58092.7
11673.1
11350.6
-7570.18
16185.6
5657.45
3232.89
1322.68
1200.46
501.725
2026.3
2409
915.405
2290.44
2154.66
2248.98
658.498
-916.275
-1558.41
-2370.06
-3115.63
-3741.27
-4557.26
-5480.37
-6252.01
-6564.17
-6521.28
-6003.42
-4851.24
-3285.56
-1359.19
706.685
2462.95
3468.86
3929.46
3502.37
64322.5
19205.5
-65968.5
-21479.5
82906.3
17482
2093.84
-7585.07
21981.7
18187.4
20625
19045
16484.1
18893.7
15318.9
14795.4
16841
18875.7
17755.5
12347.6
10113
11475.6
10735.5
8610.89
5909.25
3785.08
1952.53
-241.422
-2567.54
-4595.15
-6139.7
-7297.11
-8189.13
-8639.54
-8667.32
-8217.24
-7536.83
-6643.8
-5506.85
-4206.09
-2919.99
-2178.09
-1050.91
4843.86
109332
-15881.2
-25591
-32830.4
118507
12837
-1546.26
24041.5
30248.6
22476.9
22356.9
24757.5
23563.8
20593.9
20948.8
21963.6
21935.6
18700.1
18279.5
19703.1
18062.1
15714.8
14318
12493.5
9820.41
6527.74
3041.8
-218.455
-3018.19
-5453.75
-7689.96
-9707.71
-11586.7
-13074
-14255.7
-15055.1
-15203.3
-14721.3
-13616.6
-13615.9
-11477.6
14927.2
56139.7
101500
8038.83
-4711.65
-20348.5
72255
34841.6
19398.1
36170.6
32822.2
23011.7
29358.7
27587.7
22784.7
25415.7
25530.7
24342.1
21663.7
22375.1
24094.7
22117.9
19610.4
19351.1
18799.5
16966
14575.6
11675
8239.07
4334.47
43.0539
-4476.42
-8934.8
-12973.4
-16287.8
-18653.2
-19842.2
-20744.7
-20944.2
-20540.7
-21026.4
103443
61653.6
-125363
-9281.78
121876
45494.7
18071.6
-13068.7
48976.6
41754.8
34069.1
32988.4
20504.1
34543.3
34748.7
23708.3
26373
27526.5
25979.6
25853.4
24815.7
26187.9
24627.3
22205.3
21575.8
20998.9
20081.1
19011.8
17652.8
15713.3
12788.3
8409.74
2523.49
-4376.37
-11189.4
-16880
-21045.7
-24844.2
-26790.5
-27789.3
-28327.2
-29519.6
5624.6
-2780.04
111721
-3808.96
-83940.3
137296
21249.5
29166
5213.65
45879.1
40493.7
31770.1
20306.1
33261.7
36344.8
25476.3
27708.9
28606.5
26862.7
26972.5
27090.3
26803
25876.2
24586.6
23390.5
22234
21215.7
20044.2
18655.3
17054.7
15012.2
12209.3
8371.77
3080.05
-3786.44
-11897.1
-19902.7
-26343.8
-31706.5
-34597.6
-36137.8
-37572.7
1053.22
65427.2
36134.8
31515.2
29865.2
-64917.7
105791
38928.4
11085.1
22396.4
45853.4
34838.6
22536.2
33552.7
32121.3
25517
27892.9
27910.9
26027.4
27212.9
26885.8
26546
26586.5
25576.4
23763.5
22518.7
21613.9
20088.6
18106
15674.8
13544.6
11692.6
8932.37
5594.73
983.221
-4365.58
-12604.4
-21694.8
-31396.9
-38696.9
-42863.9
-45523.3
7529.5
-4547.08
70158
78616.9
7420.88
25029.1
-18656.7
61452.3
36987.6
13384.3
32822.8
30682.4
30411.7
33701.7
24649.5
24516.3
29648.1
27574.3
25688.9
25520.5
26218.5
26587.4
25422.9
24403.5
23024
21652.3
20219.3
18678.6
16294.9
13796.2
11525.2
9311.13
7046.82
4645.61
1825.45
-2155.9
-8283.76
-17122.3
-25865.2
-35624.7
-44677.6
-50324.6
45347.2
9252.72
-16941.8
-6807.52
14059.6
83885.3
29184.5
5281.66
33454.5
42445
26497.3
17104.4
37553.5
30660.7
20703.3
28766.5
29332.4
24674.4
25310.6
24893.8
23552
24416.7
24836.3
22951
20607.1
19341.8
18004
16092.5
13695.3
11293.5
9073.93
6787.65
4340.86
1932.16
-607.127
-3703.9
-7695.58
-13045.9
-21814.4
-28371
-35467.5
-40905.9
4632.25
58176.9
40315.7
-13469.6
35358.5
-82638.6
104249
32153.8
1866.62
30840
28123
22999.7
31126.1
25015.6
21297.4
30224
24033.5
18587.5
21815.5
24506.9
21762.3
20880.2
21046.2
19458
17622.6
16074.4
14514.8
12831.3
10843.8
8654.82
6319.35
3751.61
953.295
-1787.53
-4461.49
-7280.04
-10309.2
-13521.2
-16982.5
-22744.1
-27229.8
-29241.2
-6158.67
-1721.4
59744.8
14564.9
39042.5
13426.8
-3093.65
32517
27393.2
18254.3
25510.9
24452.7
27836.1
23688.3
17990.6
24463.9
22091.2
15673.6
16526.9
20934.1
19947
16950.9
16323.1
15447.9
13703.6
12155.1
10513.9
8945.68
7275.22
5303.68
2953.35
276.624
-2569.36
-5327.75
-7876.9
-10238.2
-12232.6
-13713.3
-14659.3
-15055.1
-17781.8
-17434.6
37610.1
27437
-61046.6
-26409.3
7683.5
75244.1
27092.3
-13921
24303.2
23137
17708.7
18778.5
20448.6
20987.9
15755.5
15061.4
15914.6
13195.7
12413.9
14414.1
14763
13000.6
11822.5
10606.5
9143.87
7790.11
6257.22
4634.87
2941.32
1176.32
-867.36
-3215.98
-5609.16
-7854.92
-9773.83
-11333.4
-12291.7
-12491.1
-11595.6
-8322.67
-5904.36
-1033.6
37696.5
-34053.3
79367.2
14457.7
-109590
49121.8
23130.6
-52.6611
-692.792
18350
14518.3
13117.4
12449
12039.5
11974.3
8519.09
6166.94
8400.03
8967.54
7237.18
6039.17
7468.33
7112.19
5035.65
3672.22
2599.64
1827.6
549.663
-1361.63
-2995.29
-4352.6
-5837.38
-7333.8
-8720.5
-9775.61
-10363
-10027.7
-8479.72
-5492.9
100.393
4176.18
10524.4
36045.9
16455.4
-66033.6
-51630.8
110315
-39555.5
16703.3
-43171.3
21434.2
4973.05
-2774.18
7264.51
5222.58
691.608
3219.68
895.884
-3419.27
-203.333
2881.43
714.196
-1438.56
781.592
922.099
-1183.53
-2349.62
-3128.84
-3232.07
-3854.11
-5104.58
-5899.08
-6476.19
-7267.53
-7839.51
-8012.17
-7709.42
-6762.79
-4594.99
-1068.61
3152.69
8761.68
10938.7
16800.7
13527.1
-54680.4
23542.6
-14400.8
-103558
53143.1
16061.6
-38015.1
-10590.2
4583.76
-4514.59
-3801.71
-4973
-7286.64
-5704.33
-8209.22
-12141.6
-9580.09
-5669.05
-6978.22
-9635.69
-8105.51
-6276.82
-7100.46
-7862
-8125.26
-8023.26
-8302.67
-8494.03
-7928.02
-7352.26
-7138.18
-6536.13
-5194.04
-3021.15
-64.9318
3666.84
7785.66
11331.8
14933.5
15731.4
19425.8
38669.4
-36721.2
-15137.6
-5549.69
-113679
85618.2
-26765.8
-3151.96
-43524.1
-2970.64
-17082
-21502.4
-17833.7
-13490.8
-16639
-18972.6
-17739.2
-16475
-15194.6
-13786.5
-13984
-15466.3
-14802.9
-13270.4
-13275.1
-12972.9
-12087.9
-11256.5
-10302.9
-8814.71
-7004.1
-5093.34
-2701.9
297.634
3858.29
7587.48
11125.3
14167.5
16179.1
17902.5
19290
20934.1
31528.6
17952.8
-68793.4
-46823.2
-79774.8
118444
-6671.84
-74264.7
-33648.8
-10301.6
-32491.3
-33385.5
-24414.4
-22064.7
-28087.7
-29046.3
-24255.5
-22007.6
-22655.7
-21626.4
-20533.1
-20590
-19160.9
-17340.8
-16973.7
-16348.8
-14925.9
-12662.5
-10088.4
-7431.83
-4478.82
-1274
2253.47
5888.35
9424.41
12541.6
15195.4
17315.1
18554.6
19539.1
21267.9
22177.8
-80720.3
25116.6
-15949.1
-1695.41
-35175.7
-53186.1
-28646.3
-807.752
-38108.1
-34102.6
-23635
-34223.7
-29603.6
-26352.2
-31945.1
-32705.3
-27679.2
-26939.4
-27563.2
-26063.5
-25274.5
-25158.6
-23009.8
-20070.5
-18376.1
-17063.8
-15341.6
-12501.7
-8741.53
-5055.83
-1528.17
1921.22
5450.66
8862.92
12004.2
14637.4
16907.2
18784
19835.8
20511.4
22006.3
22581.9
-98106.7
-57023.9
57215.4
28444.5
2426.9
-100923
-64626.8
-16784.2
-14529.1
-43159
-33089.4
-37662.4
-35429.2
-32475.3
-34673.4
-33776.8
-31146.1
-30039.5
-28295.6
-26859.9
-27142
-26608.2
-23850.6
-21022.5
-20034.2
-16514.7
-12672.8
-11069.3
-8034.62
-4334.43
-704.996
2846.59
6348.64
9583.66
12485.9
14882.8
17008.5
18949.3
20127
20620.8
21766.6
22188.9
-21253.9
8930.05
-101717
-54889.3
12874.9
-28645.7
-10278.6
-66773.9
-26004.5
-22317.9
-39160.8
-35835.8
-32185.7
-33526.5
-32942.8
-31663
-31317.4
-29507.6
-27250.4
-26301.4
-25849.3
-24384.3
-22485.3
-20784.1
-18370.8
-15443.6
-13100.2
-9491.62
-6364.82
-4266.53
-1196.77
2184.31
5465.66
8299.78
11080.5
13711.9
15922.6
17902.1
19368.3
19900.8
20861.4
21180.6
-16393.1
18278.9
-44438
-37678.6
-1133.1
-70752.7
-596.407
-7029.34
-27635.1
-41873.5
-23005
-29287.5
-30881.7
-29739.5
-29125.2
-28488.4
-27497.1
-25446.5
-23694.3
-23183.3
-22309.5
-20280.2
-18335
-18003.5
-17213.4
-14589.8
-11505.3
-9057.1
-7222.7
-4838.98
-1826.58
995.257
3614.66
6158.14
8768.97
11389.5
13715.9
15702.8
17395.6
18495.4
19667.8
19930.9
31823.6
-65712.1
12383.9
-4265.24
-103753
75200.2
-26668.6
-23449.8
-37610.6
-15400
-22438.7
-22078.7
-22210.8
-23140.9
-22673.1
-21959.2
-21160.3
-19975.5
-18893.3
-18231.2
-17483.5
-16462.5
-16185.8
-15977.7
-15067.1
-12952.2
-10689.3
-9069.2
-7509.97
-5468.7
-3170.17
-751.846
1668.78
3917.18
6025.24
8381.57
10837.5
13040.6
15106.6
16535
17685.8
18314.1
-25428.4
-947.983
-1879.29
-65503.1
135975
-10715.3
-65253
-54974.6
23429.6
-19692.7
-19942.8
-12424.9
-14675.1
-12888.4
-13312.6
-16859.3
-16404.5
-14337.6
-13764.2
-13931.8
-12282.5
-11506.6
-12595.5
-13407.4
-11811.4
-10217.6
-9642.55
-8881.2
-7299.1
-5744.62
-4420.13
-2699.42
-567.353
1552.46
3401.75
5468.94
7809.01
9977.35
12145.8
14040.8
15354.5
16321.9
-61318.9
-27687.9
12819.1
70182.6
23599.2
12625
-105881
30879.4
2364.2
-13007.8
-10344
-2444.6
-11373
-6992.07
-5731.63
-11542.5
-9307.21
-7641.29
-9107.98
-9484.87
-7632.67
-8165.46
-10039.6
-11029.7
-8183.6
-6778.21
-7528.39
-7403.33
-6026.76
-5081.99
-4646.09
-3731.61
-2259.87
-616.327
930.238
2726.84
4784.87
6739.87
8926.81
11129.3
12453.4
13547.2
14675.3
-64293.7
48218.2
-38146.9
-56904.4
-7320.01
92727.3
-5518.89
-39328
-6677.35
7878.22
-5695.52
-4809.41
-122.604
-2609.55
-6871.55
-3501.7
-2202.76
-5405.48
-4517.17
-2435.28
-3557.17
-5590.21
-6949.41
-5139.58
-4578.86
-5278.6
-5088.45
-4320.1
-4054.92
-4068.92
-3661.08
-2946.36
-2090.65
-1060.89
357.365
2043.67
3677.46
5662.04
7675.42
8919.74
9723.71
5074.52
58271.5
-38123.2
-36494
29160.6
-104076
128313
-40030.2
19400.4
-23095.3
9358.23
2780.08
704.835
2017.95
-226.495
-791.599
49.2076
1.36854
-947.122
-606.993
311.341
101.841
-574.272
-1502.32
-1927.74
-2344.26
-2434.35
-2389.56
-2418.19
-2669.96
-2915.25
-2811.8
-2616.01
-2451.3
-2066.22
-1265.92
-204.191
820.047
2222.19
3636
4870.09
5083.89
-11506.7
-3785.41
9741.22
-71434.4
171350
-59979.4
2809.88
-48269.2
41915.5
19388.7
-3284.26
4895.47
7071.66
2214.61
2887.76
2951
1326.97
2763.84
3937
2937.99
1792.48
1870.6
2218.49
1517.13
963.822
1005.98
868.336
221.164
-163.66
-441.315
-958.077
-1429.09
-1784.52
-2113.4
-2307.65
-2265.05
-2001.2
-1737.56
-1153.77
-575.334
389.109
-51.823
42277.9
-53313.3
31351.7
21379.3
-88022.8
110668
8135.81
10270.6
-23819.5
21391.1
12947.3
4468.76
7610.38
6610.72
6180.19
4581.56
3436.43
6137.07
7517.19
5981.34
5100.66
4771.87
4532.59
3663.24
3182.91
3443.36
3034.18
2086.03
1604.34
1405.49
954.973
288.823
-481.745
-1300.33
-2095.9
-2819.6
-3360.53
-3886.15
-4208.69
-4562.99
-4145.48
-5127.45
-52697.4
49079.2
27840.5
76830.9
-10803.9
-32690.7
-80338.1
110983
5847.65
3179.5
2633.69
13798
8475.03
6685.49
9520.5
7523.3
6522.68
8498.55
8370.21
6569.03
6759.44
7250.43
6653.47
5980.02
6021.89
5485.34
4552.27
3692.72
3425.23
3105.77
2375.49
1459.72
481.982
-597.515
-1838.8
-3194.37
-4421.26
-5634.79
-6748.27
-7891.82
-8128.48
-9579.89
-9117.18
865.392
-6894.51
-93903.7
183526
-50194.9
8297.22
-67873.3
54204.8
29106.3
1243.33
8727.42
10324.6
9164.31
8803.36
6979.64
9443.36
10905.7
9585.81
9016.02
9307.75
8482.98
7696.81
7955.61
8458.63
6833.78
5523.54
5231.93
5101.18
4410.32
3445.77
2365.3
1109.5
-264.217
-1804.32
-3560.19
-5283.11
-7009.24
-8678.26
-10290.6
-11039.9
-12810.7
51560.1
-68916.2
42016.4
-1361.33
-110054
180747
-44134.3
10251.8
-27257.2
20862.4
16134.2
5918.93
9411.02
13092.1
8986.23
9345
11821.5
10361
9494.78
11358.7
11529
8914.11
8709.84
8400.38
8933.2
7952.38
6656.23
6944.47
6148.77
4863.52
3936.81
2834.53
1354.36
-219.861
-1909.22
-3851.16
-5836.63
-7854.99
-9859.55
-11641.3
-12613.4
-14420.6
13462.7
38061.5
13603.5
-9137.6
6016.34
-102474
104135
2290.47
48968.7
-50042.1
11435.5
11118
10211.4
12510.3
7587.62
13476
12803.3
7601.67
12076.3
13701.9
9637.29
8191.14
9909.64
9672.8
8210.59
7181.72
7765.39
7533.4
5565.42
4763.2
4321.15
2946.96
1194.22
-420.812
-2079.99
-3993.21
-5988.14
-8028.29
-10144.4
-11907.3
-12849.8
-14403.3
-37583.7
-37270.6
50453.5
114240
-55665.3
5882.05
-97363.2
121001
-33291.2
25630.7
-6091.02
14545.3
10794.6
9015.89
12093.7
11934.5
8591.55
10327.8
12472.5
11365.9
8287.6
9645.98
9974.98
8165
7583.46
7305.78
7676.37
6200.46
4325.59
4736.6
4004.17
2336.55
841.338
-652.758
-2293.99
-4045.79
-5786.94
-7501.34
-9552.71
-11131.7
-11797.8
-12944.6
-966.882
16932.5
-20500.5
-106335
172821
-38940.9
10358.1
-91690.3
68414.4
22781.2
6311.79
6950.16
13559.9
6610.88
13362
11768.4
4558.39
13756.5
13741
4405.06
6335.55
11301
9475.66
4774.03
5540.8
8246.88
5957.27
4395.72
4599.72
4436.24
2518.78
1089.06
283.333
-796.029
-2222.03
-3802.11
-5314.98
-6517.82
-7844.42
-9161.57
-9925.85
-10671.5
26092.8
-39759.1
62547.5
-43923.8
-51757.9
-13001.3
119737
3981.23
-42989.2
-2814.77
25011.7
13339.2
12400.1
8541.84
11078.2
9521.09
7284.18
11339.7
11059.4
4113.72
6565.72
9286.96
5461.06
3846.63
4990.81
5612.62
3669.28
4157.02
4087.46
2121.44
1508.13
744.805
-35.1436
-874.38
-1830.49
-3153.1
-4516.72
-5277.01
-5921.59
-6741.59
-7367.77
-7890.04
105943
2211.23
-45025.5
6472.06
-50702.1
-94517.9
206036
5941.51
-56026.3
-5171.3
28813.8
3567.25
8356.23
7598.77
5646.36
4996.68
8634.3
7322.11
3095.34
4638.64
7603.65
5841.89
2623.99
3221.12
4225.97
2851.48
1983.67
3449.36
2908.71
1250.17
638.2
75.7379
-240.431
-748.007
-1397.52
-2240.91
-3202.4
-3661.88
-3903.6
-4345.22
-4774.33
-5001.36
-26530.8
29920.7
1662.32
-9766.06
109853
-29885.3
-40531.5
-10939.6
38910.3
14531.1
2540.05
10836.4
9145.85
4699.17
4298.85
5314.74
2401.42
4023.73
6837.94
4042.55
-162.534
2460.65
5055.47
2384.89
-707.845
281.861
2932.96
1990.35
559.807
540.206
234.054
-231.643
-512.977
-704.208
-820.97
-1045.03
-1638.59
-1997.52
-2024.59
-2177.63
-2421.91
-2418.03
25046.4
7893.51
-20338.6
-103016
177223
-41042.4
-3812.35
-82479.3
55324.2
24029.7
9724.08
2289.3
555.592
-72.6894
10587.4
3680.74
-3423.29
-4189.53
5374.36
10006.7
-8439.62
-2489.49
7121.86
3010.82
-4181.13
-1730.59
3873.14
206.418
-1437.64
-176.783
241.771
-1.76354
-344.486
-602.133
-423.381
11.9936
-89.9194
-430.494
-451.354
-415.021
-460.785
-292.415
7993.44
-26228.5
2477.11
-2712.67
-110460
151753
1298.98
-67649.1
-13322.7
22052.3
4230.99
6614.39
3126.64
-10777.3
8887.06
4344
-14571.1
2628.45
5288.73
-4239.05
-7732.38
887.811
3913.63
-2286.07
-4533.36
-128.482
2221.99
-1785.47
-2152.8
-191.006
-69.2528
82.406
133.493
-105.795
-4.18688
723.917
1103.6
926.056
880.198
988.697
1096.72
1428.21
4540.04
86766.3
-79732.9
1448.65
-74949.3
140621
-16705.1
-77278.9
-14440.9
17922.7
744.752
-1241.45
-210.141
-5154.68
-2808.72
-3725.86
-12700.1
7258.06
6694.37
-12921.8
-8984.37
3021.31
2234.91
-5294.52
-4509.1
72.5617
-558.25
-2784.48
-1918.9
-377.688
-461.832
-44.9388
480.693
402.495
449.985
1239.78
1849.16
1921.77
1988.38
2115.84
2231.85
2683.24
8092.1
87117.8
-100304
-36149.7
-2246.97
76294.5
-13741.6
-87026.4
13868
11623.1
4019.48
-9961.23
-2708.93
-6541.33
-7078.01
-3324.93
-12787.7
-778.197
8443.65
-14185.4
-6899.96
2912.42
-2612.14
-6473.53
-2534.27
277.017
-2400.36
-2777.84
-1180.6
-759.472
-770.35
-337.903
397.355
751.255
1049.69
1674.69
2126.75
2424.01
2775.53
2983.92
3002.8
3481.77
81241.7
-63445.9
13068.8
-24923.6
-54678.2
-92000.5
205392
-27624.6
-77876.2
-27042.2
21535.8
-17612.9
-16109.1
2979.42
-1630.18
-17968.8
-6198.69
757.729
-6621.75
-6797.35
-1448.18
-1125.34
-6394.25
-4600.36
-439.722
-1407.3
-2947.44
-2233.95
-878.056
-728.376
-575.168
-313.268
156.809
731.815
1424
1967.11
2263.58
2620.69
3115.21
3406.01
3408.35
3936.36
-26927.4
-63057.6
129737
-54905.6
16981.3
-41960.3
20754.8
-19810.3
49956.3
-48923.5
-2543.39
-868.131
-13098.2
-5112.23
-5637.27
-10319.9
-5704.63
-4790.89
-8093.93
-5547.33
-2726.6
-4935.11
-4932.44
-2287.96
-1750.25
-2667.15
-2436.9
-1853.79
-1390.8
-1002.1
-533.224
-99.3795
157.24
755.391
1522.37
1947.22
2293.53
2699
3155.1
3423.9
3468.28
4017.56
10423.8
-45569.4
-1925.95
41388.1
-128244
151948
-75975
-213.096
-36006.2
17321.3
5030.9
-13658.7
-10174.9
-8393.5
-5877.34
-2755.45
-6191.05
-9033.02
-4717.72
-1463.64
-3335.48
-4916.31
-3267.54
-1965.03
-2418.18
-3092.81
-2897.62
-2496.94
-1507.41
-851.7
-611.187
-126.668
195.779
640.123
1321.45
1798.7
2299.53
2705.71
3168.65
3384.16
3357.99
3751.38
47307.5
62464.9
-73273.9
8514.22
-35277.4
-94237.4
96882.2
12608.4
-73905.1
-12231
24699.8
1702.43
-9768.65
-4137.34
-3281.46
-4671.42
-2182.24
-3068.69
-5629.91
-5879.59
-2833.22
-2214.15
-3814.29
-4428.19
-2863.3
-1932.63
-2259.72
-2415.84
-1721.93
-1100.7
-599.461
-12.1585
292.655
601.598
968.595
1326.91
2046.01
2591.3
2867.46
3256.55
3391.1
3508.08
-10551.3
-11376.4
10952.8
-110530
190209
-68863
-29048.5
-75754.8
48724.5
11805.4
5568.5
729.871
-4151.06
-3028.25
-4294.09
-3833.3
-764.912
-718.48
-2665.92
-2574.33
-1659.18
-2214.68
-4361.89
-4272.09
-2203.56
-1909.16
-2652.27
-2272.32
-1303.9
-1083.9
-1106.22
-472.04
90.5403
351.06
731.318
1147.58
1790.24
2204.28
2526.1
2993.65
3252.63
3360.18
18778.3
17346.6
-15904.4
-22264
-133156
229415
-83868.1
-9395.39
-38511.6
43815.5
-172.413
-9539.48
5931.22
2765.2
-12694.6
126.506
8198.79
627.712
-2267.83
-2379.61
-3574.18
-3087.46
-1716.81
-2056.12
-2561.86
-2251.33
-2330.93
-1903.06
-1640.51
-1656.94
-894.42
-101.226
-27.3151
-14.3227
377.48
925.803
1570.69
1931.2
2166.7
2631.58
2936.71
2998.85
-67191.8
75266.9
29831.7
-34673.6
10275.6
-100333
98232.2
-4437.72
44737.6
-75937.9
11404.4
14420.9
13941.7
5779.73
-11234.5
5546.46
561.264
-15026
7429.29
10267.4
-5231.48
-10118.9
-710.045
2913.97
-1951.84
-2355.69
-1900.87
-809.509
-1851.41
-2257.29
-487.539
48.3723
-87.5553
-59.0026
334.117
784.627
1317.27
1661.81
1800.87
2207.53
2503.06
2447.3
1791.62
7576.09
3092.35
-88100.7
154155
-53226.1
-294.033
-75997.1
86135
-7203.33
6464.81
-3318.39
3796.58
6986.14
-921.955
13523.1
5221.74
-19614.4
7875.25
15324.6
-9875.19
-9943.95
1119.73
3610.78
-3309.68
-2274.25
428.247
-665.168
-2286.29
-1583.77
281.927
352.105
-343.463
-156.933
423.513
742.546
1049.28
1348.37
1439.7
1724.26
1962.69
1722.8
50653.5
-56070.4
41915.4
24403.7
-148264
136564
21125.6
-50443.7
-21175.6
13839.7
40444
-15172
-3986.83
10030
6995.46
677.916
-922.801
-6383.31
3755.3
6264.63
-5857.4
-3203.28
3389.35
1992.98
-2170.27
-969.297
1067.48
-812.019
-2503.71
-1201.96
234.223
125.522
-184
161.498
505.587
528.818
646.563
927.16
1008.72
1154.05
1329.31
843.437
-34659.4
-36963.3
121021
175255
-143650
-22372.2
-66005.1
174053
-53607.8
-21221.7
3901.82
12532.4
-320.468
6135.59
2333.13
-832.378
-174.678
1690.29
3402.4
2595.76
-4199.57
-1756.46
1848.07
476.88
-2592.18
-462.595
1301.28
-418.143
-1715.47
-732.616
593.204
-48.4395
-453.915
295.051
644.93
369.998
262.101
453.396
457.853
420.645
538.643
-163.33
-76457.5
-85108.6
91980.5
158662
-96564.8
-3695.64
-114139
234133
-79416.8
72615.3
-82510.4
7492.17
-2597.31
-632.079
-3032.13
4794.1
4607.42
-6151.1
-1251.95
6519.67
1367.9
-3233.55
386.176
2370.64
-1442.2
-926.848
823.365
-257.962
-1464.72
-187.039
584.496
-600.579
-566.232
397.82
555.944
69.8411
-120.643
-18.4505
-122.573
-355.085
-297.41
-1164.96
-61256.2
97371.3
-101042
-49265.2
-22290.3
124635
-6075.93
-81510.9
-22234.5
51513.5
1610.4
-423.34
10584.8
6689.79
-10080.7
10032.1
7192.29
-16650.4
32.7534
8263.17
-1421.3
-4314.51
1251.14
2520.22
-1489.04
-996.965
720.258
130.834
-527.812
-0.363838
111.387
-483.405
-357.29
21.6377
0.568151
-219.972
-346.643
-375.994
-604.333
-1012.25
-1018.35
-2046.33
54468.2
-44508.4
15757.5
4364.85
-72385.1
-814.509
114905
-6743.21
-77860.2
56262
-19978.7
8235.41
-1757.56
-2361.48
-8937.72
11295.5
4512.62
-21739.2
14335.6
18685.9
-15871.7
-6580.47
6473.73
4929.1
-2934.34
-805.644
2701.32
450.773
-248.215
-183.107
-338.112
-39.4784
237.542
-232.955
-659.671
-508.08
-577.6
-750.989
-1071.53
-1634.59
-1683.62
-2799.54
75975.3
45827.5
-79182.4
-18199.8
3894.26
-116280
230022
-89493.6
-5012.72
-36588.1
2560.93
15128
-74.0262
-4197.93
2383.83
4680.86
7439.27
-27659.6
23749.2
22499.2
-24076.2
-8347.18
11544
10808
-7785.15
-3810.77
7161.84
1656.77
-939.809
-607.269
541.013
96.9578
243.857
-233.242
-757.79
-672.123
-797.525
-1084.61
-1755.66
-2227.89
-2183.18
-3256.76
5258.22
18020.4
17476.7
-125619
285471
-108002
-96450.6
-48938.1
58004.6
50345.1
-49883
4674.21
-3821
-1953.6
1905.12
4515.09
4201.9
-7225.67
364.656
6745.53
-9899.29
6312.21
4951.19
-3790.86
-5005.37
5894.14
7105.23
589.411
-328.263
736.055
376.55
207.528
207.369
-271.888
-531.211
-843.846
-1234.87
-1395.81
-1891.8
-2588.33
-2541.78
-3453.69
-123538
-16390.9
96563.8
117089
6801.21
-38189.7
-71507.4
-91856.9
193416
-57391.3
-8815.13
-8931.01
-7265.12
-10994.6
-3386.78
3004.88
-3230.65
7499.52
6130.92
-11109.2
2561.75
5472.32
4279.69
-5057.69
-122.237
6997.14
1860.97
-103.955
987.225
1456.84
195.598
130.054
107.433
-226.501
-517.754
-805.231
-1188.15
-1683.93
-2217.07
-2675.85
-2737.21
-3402.82
-51136.2
-76959.9
179258
69459.2
-96573.3
-63022.3
-103612
301088
-117215
-25847.1
-22569.7
-2059.32
-3905.34
13417.7
-88.8427
-10043.1
14250.4
4936.46
-5486.81
-7732.95
4297.61
15612.1
-5950.42
-3002.11
7260.89
3726.62
-455.562
247.891
2534.82
76.0064
-154.44
551.699
-15.7772
-353.423
-831.975
-965.481
-1212.31
-1866.9
-2105.26
-2498.64
-2846.57
-3195.82
-159596
-59814.9
120903
255819
-120259
-179451
-137348
331425
-87543.3
-88098.9
48849.2
-13924
4148.44
11332.2
95.6863
-3272.35
8935.28
5850.51
-5974.07
1344.33
8292.74
-397.945
585.315
3828.27
3104.85
15.3217
1172.4
3121.22
727.483
-201.827
378.993
111.103
-167.221
-349.858
-742.865
-856.613
-1240.73
-1987.69
-1898.84
-2280.38
-2781.08
-2864.95
-25217
-98056.3
177036
-45230.2
-138384
-20220.2
252708
-76560.3
-49957.5
-32761.2
37030.3
-11233
14256.3
3170.96
-2887.46
6270.31
5801.9
780.325
-292.093
3813.98
-4378.43
5903.59
5603.54
1530.39
-3082.15
1215.84
5400.66
1632.73
-364.854
1189.19
1642.78
163.133
-127.501
-523.882
-753.166
-781.332
-1174.24
-1863.64
-1557.08
-1987.15
-2384.85
-2350.7
-101093
86575.8
75007.7
-128344
-174355
-52037.5
384027
-94878.7
-85427.1
4614.05
12735.9
-8214.61
9403.62
-3246.28
1266.68
5722.07
-398.649
4225.9
2851.19
-2799.27
-407.266
4498.35
6008.54
-1811.89
-1451.56
4198.79
3341.33
361.01
431.503
1675.04
499.996
51.8654
45.9988
-305.851
-542.837
-694.71
-1012.87
-1499.18
-1081.78
-1585.73
-1617.31
-1613.63
130800
80425
-116236
-33776.4
-112950
-150766
316550
-111220
-92128.3
126408
-27682.3
-24132.3
13018.6
-5295.36
-641.326
144.987
7265.2
2237.59
-2042.65
-3093.17
5167.83
5987.83
-2533.7
-2153.06
3451.72
3035.66
-258.412
25.5425
1955.72
12.7121
-471.158
398.879
-13.5867
-136.198
-274.076
-466.595
-636.65
-989.631
-480.775
-1025.2
-588.732
-688.804
173664
-141544
10353.4
-123924
-151640
475392
-207341
-65404.7
-90280.2
107834
25948.8
-25384.6
12360.5
-10329.6
3500.7
-1038.62
583.822
-373.905
-4406.41
5148.52
3813.32
-1326.94
-3588.18
723.904
1905.19
-213.244
262.891
1732.34
171.148
-649.024
266.747
62.9071
-305.384
-152.521
-117.074
-113.205
100.599
-217.108
383.167
-260.486
426.164
189.907
-8169.57
218241
-465659
56568.9
42468.8
266126
-141462
-95714.9
112698
-31390.7
33574.8
1512.95
-3275.12
-8446.83
-3346.18
14812.8
826.989
-13631.1
2982.75
5438.28
-622.162
-6505.92
2162
4516.47
-2315.55
-2273.5
1950.08
1285.16
-1790.65
-1268.83
675.959
122.326
-185.483
-85.0593
-189.479
-45.41
671.65
343.729
1258.81
670.541
1417.17
987.451
-103804
32597
171342
-181177
369360
-216411
-143676
-129411
332572
-51881.2
-18722.7
15686.2
-27974.2
12866.9
9633.97
1587.68
836.53
-19059.3
12913
9602.35
-14328.7
-814.721
7277.96
-396.354
-6842.41
-1405.55
3123.74
-472.613
-2241.88
-1262.26
-231.828
90.3456
40.2661
318.606
93.5243
327.11
1315.84
804.287
1937.67
1394.49
2089.73
1522.8
-228644
-91082.8
175761
528034
-450605
-167190
-45711.6
485066
-151604
-87978.5
57728.4
-12750
-799.275
14467.8
9503.97
-4385.26
-18062.1
13421.7
2118.27
-5672.74
-13243.2
5180.59
5313.51
-1788.4
-5546.44
-2418.65
1123.71
1166.66
-235.521
-3308.68
-1889.04
1430.82
501.143
490.153
452.766
888.955
1892.44
1398.34
2529.14
1849.58
2304.28
1644.46
-5787.24
33509
234588
-311783
-226225
41019.7
474035
-189197
-68420
-45977.2
60487.6
20443.8
2175.73
12399.4
-3740.07
-11026.3
4514.63
7673.67
-3670.25
-7517.02
-246.983
2676.82
1534.38
1043.56
-3285.06
-5449.53
1545.98
2517.89
-1931.63
-3616.36
-226.272
2072.25
433.429
389.782
650.102
1247.03
2131.79
1869.37
2780.81
2067.77
2333.01
1758.97
67808.6
-38658.9
-87626.5
-48764.3
-133504
517543
-244016
-119659
-57471.9
132820
-45784.2
6821.25
16043
-290.522
4210.35
-465.904
1200.44
675.269
-1831.05
-805.244
-748.232
3861.83
-1521.55
-2130.89
-7837.77
-2336.82
3927.36
3179.04
-3756.22
-3454.73
2913.35
-291.257
-562.842
427.103
970.627
1240.35
1937.71
2188.62
2967.56
2276.47
2379.35
2100.67
73554.7
163694
-426418
-25.1551
47292
279764
-159007
-89388.6
153320
-88077.1
5994.38
13447.6
-6486.25
244.447
9370.35
-4109.94
-11957.6
4651.24
-3878.93
-11594.1
-6426.93
5559.5
8713.1
-16325.4
-14333.5
6848.11
3893.9
-6107.32
-5363.37
3942.5
1703.18
-1087.8
-164.682
473.622
1100.99
1259.45
1970.27
2262.21
2863.27
2400.27
2284.57
2238.36
-254901
-4490.86
158042
-35314.5
97229.2
-102704
-98269.2
162348
-36041.9
58245.7
-41784.8
-6292.27
-3674.63
11536.9
-12630.8
-11880.3
6531.24
-7514.67
-10306.5
-18601.4
19184.9
677.839
-14567.8
-14392.7
7176.12
1592.12
-5262.98
-7568.13
755.503
2492.08
-1311.03
-657.578
223.25
1677.76
916.426
1000.26
1721.49
1770.4
2253.9
2244.79
2061.03
2081.62
15145.1
21941
-9377.15
-50943.1
21901.2
-112312
305764
-128780
-52332.6
34910.8
-7636.69
-5058.65
8219.23
1344.8
-6546.35
-21279.5
13192.6
-1361.17
-20083.4
-878.805
-6348.21
4649.85
-19237.1
5790.22
5871.64
2995.52
-8442.08
-4681.62
3705.44
-483.657
-1356.51
-2099.66
1530.34
1747.65
912.95
612.746
1181.16
1374.77
1763.12
1932.35
1790.29
1717.04
327815
-240285
-91652.2
-142876
-64500.5
559195
-280148
-79631.4
-32866.6
32093.9
19103.1
21262
-4624.09
-14921.2
5830.49
-11359.1
9505.01
4332
-23692.9
16083.9
10812.9
-12815.3
-8035.61
2704.29
7441.71
-8084.02
-6124.64
4652.4
283.985
-1861.13
-2280.71
1489.26
1030.01
706.685
735.856
148.553
623.899
1209.78
1371.78
1508.92
1514.55
1207.16
-43875
218776
11510.8
-99500.2
337968
-287000
-99333.4
-116526
375026
-116045
-99507.8
40617.4
-43377.7
-2313.93
-807.361
17521.8
3302.68
-11290.9
6016.43
-3146.37
-4086.01
-9797.01
16856
4729.78
-16692.6
-13655.9
11414.7
5903.45
-2705.41
-3381.33
2488.05
2552
263.823
330.976
552.066
377.252
279.546
507.852
720.942
930.55
1210.72
786.113
-101683
-148710
287150
180449
-160824
-130945
-102184
509523
-219756
-87895.1
15281.7
-29376.6
-16261.3
25256.6
3045.21
6140.35
-2575.87
-12073.8
-663.231
3958.06
-15175.8
14894.1
-5486.82
3455.08
-16898.9
1561.66
11507.1
3852.65
-3934.63
-2434.39
5416.05
-87.5732
-603.494
238.369
-240.274
450.693
327.843
-15.5938
159.473
269.679
598.591
232.402
-53925.5
70416.7
82471.1
-138935
-185785
-1696.16
524730
-247254
-234313
40957.3
135983
-72550.2
19844.5
22879.3
3603.99
989.812
-5023.28
-11387.6
-6129.52
255.84
-16137.8
29969.9
-4209.36
-6300.96
-14667.7
14441
9965.62
-1948.75
-7132.25
-540.218
3427.91
-2315.55
-2209.87
41.0354
58.4401
498.058
-134.502
-937.314
-371.853
-223.794
119.721
-74.1384
231530
-119830
-177413
-74075.6
-32411.5
-25285.6
258301
-164443
-71247.9
49239.5
-4790.22
-6000.32
21515.8
11125.2
6465.71
-8096.62
-10891.3
871.711
-5051.03
-3108.79
-15007.4
35389.3
-5621.21
-3428.17
-17193.1
15718.8
11434.8
-826.865
-10124
-4355.67
3414.84
-2676.64
-2694.7
-1122.59
-269.838
-697.095
-616.418
-1385.47
-759.916
-598.34
-269.905
-104.444
77997.5
-193696
-99917.7
-101539
45315.5
608755
-312982
-162761
-75440.3
134580
-32473.6
24906.8
11501.7
4877.64
14950.2
-7207.36
-21134
13320.5
-6304.85
-9727.97
-12823.5
42934.7
-11857
-11511.2
-21191.9
25946.8
6322.43
1896.29
-10021.6
-4976.71
4880.27
-2108.87
-1960.28
-1604.97
-430.116
-2203.35
-1804.93
-1551.69
-1141.39
-792.192
-479.578
-85.1782
-79202.2
49984.9
76939.1
-136282
466825
-322661
-1170.49
31422.7
-73450
-827.606
24949.5
-8182.91
-8178.88
22386.8
-2403.18
-6859.17
-5908.29
6976.79
-4408.6
-20385.2
7130.76
-1795.97
13661.3
-17638.1
-2674.15
14908.8
7397.5
-7944.74
-7885.95
7881.22
2726.56
-1754.77
-2254.19
787.497
-279.693
-2021.5
-1971.23
-1616.18
-1387.48
-962.167
-715.161
-423.84
-203716
-121885
266594
515673
-492094
-108647
-48839.3
398228
-133919
-124513
34413.2
-10868.5
-5753.3
23280.8
-15147.1
-9720.73
10804.8
-3318.08
-10046.3
-17135.1
26527.9
2259.64
-16952.6
-14090.7
14737.1
3475.19
-6566.6
-6478.79
9669.47
4274.96
-883.836
-491.924
1136.88
1401.15
-1030.44
-826.546
-947.819
-1496.3
-1396.43
-970.886
-769.279
-648.381
255689
-42270.9
17425.9
-221465
-95630.5
-37188
146604
102299
-188773
2701.66
95000.3
-48408.5
12312.2
14231.7
-5426.35
-8524.7
16742.8
-1669.53
-20709
16020.2
-5531.14
-2165.27
-13407.1
12679.3
-5276.15
-4137.92
-9979.32
8508.34
8449.19
3214.88
-1151.18
-2203.5
4388.7
121.992
-1200.6
-99.9736
-322.566
-1072.09
-752.855
-686.614
-637.558
-554.682
147299
7629.87
-248570
-31566.8
-84562.6
-23942.4
407736
-161520
-126567
57496.4
-41993.1
-4121.32
27792.7
-1085.95
-3697.11
4076.5
12410.7
-2796.98
-10464.3
8920.81
3458.74
-6644.12
155.634
-5913.62
9181.45
-10495.8
-9161.93
12793.6
3476.94
-646.798
-2744.13
1843.44
4051.81
-0.727671
-1126.94
-342.816
-452.756
-589.678
-26.2634
-493.868
-644.005
-571.365
106099
99291.7
-164256
51740.4
-64029
318149
-207040
-106215
-15376.2
72701
7796.07
-41616.6
31039.5
-29930.6
-3516.22
35570.7
1414.62
-15117
-8457.43
28253.2
4072.99
-6328.02
1552.56
-25.4503
1593.13
-6642.81
1171.37
6553.49
2148.94
-2372.08
-4896.93
1074.09
4206.84
839.284
-633.318
-606.938
-868.764
-851.336
-244.376
-728.612
-859.925
-744.329
-110405
9956.72
127900
-145487
424257
-346685
-78513.4
-105879
459089
-187199
-105833
49256.3
-6497.33
-16318.9
-1948.45
67600.4
-15145.6
-39256.5
-5756.59
49398
4423.51
-5692.82
3186.17
6386.43
4604.06
-7917.32
-1660.85
8381.09
1758.47
-1826.95
-5433.58
-707.266
5139.93
953.939
-396.823
-706.44
-874.517
-1163.55
-899.603
-1039.92
-1220.29
-965.265
-254672
-6047.29
232134
46307.2
-27172.6
-51972.8
-53297.1
149147
-19725
-121811
-4492.66
168350
-85190.3
17715.5
19943.1
25044
-7753.63
-28190.5
-729.791
30646.5
6774.48
1593.12
-1806.99
15104.4
-209.792
-6783.42
-10486.2
5740.32
5781.4
2082.29
-2885.99
-1203.17
4514.47
532.285
-659.757
-1109.57
-994.95
-1058.56
-933.226
-831.568
-1141
-819.247
186591
-72893.8
-63070
28428.6
41109
-76077.1
220842
-191251
17894.2
-5880.68
150837
-95164.5
21650.2
28343.3
9662.48
1878.42
-3761.49
-8506.84
-2285.04
5895.9
5503.82
2707.04
-11752.5
7646.72
-1546.74
1223.46
-11566.3
2727.64
9434.98
2549.48
-1005.84
1056.83
2205.68
-235.063
-988.977
-933.033
-741.443
-790.798
-662.821
-275.145
-511.497
-313.348
283666
13845.5
-108837
-31477.4
-72169.6
-40517.7
184189
-96193.3
-81226.3
136273
-88017.8
26607.1
42658.3
9221.69
-921.827
4981.67
-9963.94
5266.11
2044.78
-12328.1
17314.5
3235.63
-19755.3
2304.86
5652.62
-460.78
-5855.65
3728.86
6768.43
725.255
-395.051
1284.65
-137.131
-621.24
-861.804
-623.432
-545.141
-191.748
64.1779
178.904
51.3761
-121.943
311105
52693.4
-130731
-19989.6
-80978.6
-137032
338507
-130728
-113185
125585
-68621.9
5174.38
41583.9
-3430.23
4422.47
1756.89
7068.15
-2546.19
-4706.08
-17116.7
31485.7
3396.83
-21045.5
-558.762
9140.97
-1392.64
-2150.67
3663.79
1581.44
-1170.91
296.316
280.468
-520.686
-217.971
190.983
549.5
362.781
384.068
369.6
19.112
-51.016
-553.29
292941
2119.86
-218457
-22549
-4973.2
80068.7
117810
-248742
-36097.5
208351
-48399.3
-6824.77
24079.9
-15474.6
13380.7
-252.139
21905.1
-10062
-21190.2
2049.59
15776
2545.09
-16431.8
5840.1
4785.04
-3696.33
-2575.78
1996.62
-342.857
-1232.3
62.8007
-44.0057
24.6735
1236.75
1761.97
1449.79
797.978
401.392
30.8459
-484.875
-349.3
-829.797
212511
-98346.9
-52276.8
-218217
18185.2
751898
-471492
-139501
-89195.9
148973
28540.4
35341.5
-7431.9
-1942.29
17196.8
-9922.44
13728.2
595.003
-26275.8
34921.1
-10342.7
-4637.51
-14559.2
10017
1032.08
-6308.73
-1639.42
1908.86
-2792.66
-1753.72
2045.91
1464.67
592.607
1211.89
1823.84
1297.7
456.554
-0.0927674
-578.711
-873.475
-592.856
-643.286
71758.1
35841.7
-528752
145812
135305
290180
-234988
-50935.3
205409
-122402
5367.87
36927.3
-36739.5
19879
12112.6
-6394.79
-285.242
-769.815
-8232.87
29173.3
615.727
-24508
10965.1
477.462
-3382.38
-7705.14
2598.84
1763.57
-1853.26
-500.274
1309.09
982.22
640.674
245.012
812.865
564.367
-59.9225
-456.12
-1009.27
-844.996
-325.508
-78.3185
-190868
122617
91373.7
-262651
729631
-520448
-193031
-97969.4
429595
-43599.4
-76279.9
-13904.5
-26426.8
34970.5
-10385.8
180.854
-908.27
-11804.2
25490.1
-7303.19
2128.88
-17636.8
21599.4
571.005
-9658.85
-4752.29
2409.47
-1407.79
-1758.21
1103.33
596.518
-414.265
54.9569
-54.3358
439.219
144.683
-448.002
-230.705
-485.556
-245.423
218.796
368.265
-258439
214095
192420
388371
-481741
-311970
45943.8
530704
-228032
-81675.7
66130.3
-57149.1
20275.6
26534.8
-35337.7
-4114.35
-1513.34
-7789.99
35867.4
-10934.8
-24373.1
4982.71
7133.81
-1595.74
-12262.8
6026.17
2763.91
-3119.74
-3310.8
1190.07
1010.94
-142.363
103.995
340.245
685.012
658.308
305.385
753.552
247.742
230.88
433.475
466.374
-256253
-379052
426873
-47056.9
-151039
79083.6
180637
108964
-78024
-61743.2
3467.57
30218.1
49914.8
-15619.5
-36021.8
-1813.76
-2889.21
3887.2
9596.02
-5986.56
-28617.9
16299.2
2381.49
1910.44
-10241.5
6334.64
3251.6
-1178.38
-887.032
1800.36
1296.63
462.485
628.775
721.417
1095.15
984.483
1188.08
1296.03
411.799
429.159
262.556
360.12
136461
165163
-26297.7
-308702
-228557
-126058
691352
-259364
-83653.7
161298
-115873
-14458.4
48040.9
-47463.9
-10723.2
1581.13
-1167.47
-837.293
22517.9
-10281.7
-30731.7
12269.3
6596.2
3412.71
-6462.46
4623.5
3366.57
334.194
1304.61
2920.7
1733.33
728.991
1579.98
1187.8
620.209
257.07
1299.88
919.346
81.2323
498.154
-77.0601
92.3795
409114
215624
-547186
-114447
-55768.3
151645
131358
-146687
-118483
191324
-82261.5
-41099.5
29076.5
-40580.4
-1339.48
-552.664
-963.73
1380.02
40955.8
-16783.6
-32257.3
12851.3
7619.84
369.511
-4014.97
5231.04
3292.11
-357.37
1835.66
3363.66
1816.66
725.76
1430.53
1694.05
372.711
152.419
1164.81
-9.90492
-131.113
269.549
-923.145
-426.892
65209.7
-207160
-25560.2
-75557.9
7382.98
586480
-236978
-135070
-26882.2
36002.6
3590.48
-39889.8
8045.53
-54725.7
6332.18
-4166.22
-3481.3
7314.16
13110.6
-2747.99
-27141.9
17263.5
5359.95
-536.477
-1721.48
5631.04
2379
-1746.95
2788.38
2645.72
1172.23
9.43393
150.075
580.076
1846.59
184.659
753.638
-1936.9
-1047.01
-728.52
-1633.56
-15.3644
-145920
93511.9
127459
-255443
899915
-527310
-227832
-101904
372117
-162587
-67904.1
147834
-123057
-4089.84
2088.98
-2442.47
-1458.18
3945.79
-2444.69
-3887.89
-22581.5
20646.3
1846.34
-2108.18
-475.345
5504.85
563.128
-1369.01
2241.6
911.164
-318.947
-1090.12
-412.614
-225.293
998.573
-1294.99
-1887.8
-2257.91
-1043.62
-1498.11
-1119.16
593.675
-162914
-57925.9
62636.4
767623
-604762
-226710
47862.2
650309
-371011
-187796
17660.8
85330.1
-43309.9
28524.6
-12145.7
10248
1432.64
-5089.99
-2919.31
-3960.62
-17270.3
20476.4
-1914.47
-6762.71
-1848.84
4429.39
-460.344
-1581.33
-215.756
-960.982
-1183.64
-1287.77
-1983.37
-1014.86
-873.918
-2608.93
-2050.78
-209.076
-992.31
-1075.04
-435.762
-225.218
-44987.1
81093.5
223785
-249916
-294177
77409.7
623444
-384406
-362617
-9836.34
288443
-57364.1
47586.4
5488.48
-10298.5
18091.2
-372.131
-6979.29
2247.29
-1687.07
-11518.4
16909
-4216.04
-11728.9
-3203.18
2861.47
-1340.61
-2625.25
-1442.77
-548.711
-1256.62
-2103.81
-2040.03
-1756.29
-1549.2
-1726.8
-901.312
62.0848
-263.93
-392.442
-210.214
-301.056
318779
-160527
-208415
-163412
-19299.5
495292
-276397
-328210
70972.2
401637
-246749
3175.2
53969.9
-32349.3
8627.27
10875
-1607.77
-5383.28
4598.05
-1079.96
-6249.79
11314.9
-3189.47
-11248.8
-1054.06
2462.4
-2089.24
-3055.94
-931.32
116.067
-275.041
-2212.75
-1880.76
-1412.82
-1206.45
-696.63
-281.152
-654.699
-449.5
-200.092
-255.343
-385.476
-43144.3
168139
-235217
-99789
342312
-193621
-264902
85282.5
393283
-274004
6441.31
69356.1
-86959.9
-15092.2
18084
-2522.77
-4377.34
-4350.89
2751.75
-2031.87
-750.345
9526.13
-394.683
-6192.06
2834.24
2788.68
-1689.89
-2406.22
7.44324
580.446
-928.624
-1751.6
-1587.86
-1354.21
-1080.03
-493.792
-612.285
-654.97
-582.993
-455.449
-190.884
-482.325
-363379
6039.3
333704
270817
-322450
-185631
53686
236708
-26633.5
-190445
-8048.62
30830.8
-61176.1
35552.8
-3415.86
-10002.6
-7483.57
-2105.75
-977.969
-3819.89
5086.03
10208.5
1052.47
-1900.55
5505.95
2914.79
-1378.23
-1455.25
421.096
194.597
-1025.06
-1455.06
-1252.74
-1525.2
-1353.53
-697.693
-551.985
-826.727
-621.63
-569.622
-241.769
-314.749
-44617
76728.8
203669
-193867
-88829.4
-37396.4
-60639.6
311253
-228056
-64558
204042
-175179
8876.62
38306.8
-26087.3
-10048.5
-6793.88
65.7327
-3791.14
-4863.43
10716
8185.2
-123.901
-543.436
6495.97
2781.74
-1319.82
-675.079
804.658
-88.3958
-1022.99
-1061.36
-959.081
-1606.77
-1395.95
-800.048
-557.635
-761.837
-584.078
-521.287
-265.81
-122.213
414038
-19024.6
-184426
-145263
-72755.7
-170617
618595
-321743
-85821
3919.44
-13826.2
31535
20086.9
-1300.98
-32952.6
-123.292
378.322
-1018.6
-6145.15
-3060.4
13080.7
2665.63
-2573.38
-254.617
5611.75
1567.72
-1394.68
60.7172
1218.74
-186.699
-943.581
-747.731
-748.061
-1370.86
-1063.43
-854.813
-647.624
-597.218
-421.522
-331.876
-177.656
6.06704
150358
-223002
-82916.8
-233419
123041
826273
-626071
-149836
-99395.7
351470
-104837
-11818.1
44965.8
-64178.2
6005.67
5949.57
5517.82
-2894.95
-6110.32
1361.11
5047.91
-3088.17
-4864.35
-1153.14
2296.81
235.18
-907.786
759.614
1357.9
-241.703
-664.456
-415.943
-521.047
-850.706
-580.87
-800.585
-674.46
-354.858
-82.5392
-12.453
47.4479
123.643
-162824
1212.74
227519
-148671
665079
-551717
-266189
-30209.4
414576
-161449
-25614.5
123494
-86549.2
5797.49
20513.9
722.569
-2964.27
-8267.21
2374.28
4628.55
-3063.64
-1503.86
-1211.59
-2526.55
-951.537
-87.8355
-503.233
376.834
1075.39
129.932
-50.6808
112.019
-241.304
-211.802
-149.998
-589.445
-576.393
-64.4508
342.877
303.345
292.322
292.454
-271821
-59165.8
146994
655347
-598043
-342620
70964.8
612308
-273444
-77302.5
67797.3
-5962.13
-20263.7
41585.8
-16648.1
3030.03
-4195.67
-5818.56
12386.5
-3647.25
-9049.71
2217.98
2434.88
-2744.28
-404.976
639.821
-1270.35
-1125.91
349.444
652.939
313.477
144.346
-33.9071
289.903
124.533
-337.015
-405.227
194.569
661.514
489.955
454.159
521.772
-232229
96995.7
442153
-470966
-406964
170655
535456
-190804
-250649
-21811
215765
-71766.3
50907.7
-10699.7
-13872.5
3685.43
-5162.32
2223.64
11003.9
-5228.43
-9549.23
3139.13
-448.795
-2499.54
1671.17
1152.68
-1706.98
-1217.56
193.515
1001
-62.2645
-374.645
49.7704
525.667
331.859
-47.2487
-103.204
436.653
762.416
498.23
442.743
642.442
553675
-71037.2
-372383
-79969.2
74784.8
59288.2
177445
-323423
34141.6
286902
-178343
21911.5
49951.7
-42440
-669.343
-2717.33
-9114.28
5130.02
5388.59
-3308.7
-126.526
2817.33
-2816.04
-828.384
2744.73
139.872
-1342.46
-591.837
1091.7
891.661
-885.673
-897.916
-28.0773
455.31
401.517
179.825
281.116
659.12
709.782
457.641
397.366
666.523
32587.7
-64421.3
-310103
33937
6160.23
354591
-203647
-5148.87
-89271.3
258708
-3164.88
-15808.4
-3233.7
-54531.3
10574.8
-2740.2
-8981.69
1734.84
303.066
-3321.79
5300.36
1131.13
-3207.55
447.714
1714.78
-584.714
-750.273
198.937
1811.98
-186.284
-1450.06
-833.153
30.2808
398.378
362.57
381.118
729.902
921.194
717.423
557.908
522.032
718.074
74890.2
68826.5
-151271
-12930.4
-18434.9
-82439.6
122042
-12707.9
6635.62
-36831.3
51736.8
30074
-24072
-6425.7
9096.66
-2539.5
-4116.26
669.684
-1980.11
-835.28
5471.15
119.245
-2237.6
100.593
-990.203
-1811.5
-1071.94
443.96
801.979
-1457.74
-1577.33
285.171
525.055
517.033
272.508
618.087
1071.84
1105.83
838.562
808.103
900.837
924.94
407601
-15173
-214150
-120176
-69466.1
-50893.1
332743
-156768
-123107
80954.6
-60959.4
9573.68
50003.8
-1923.78
9039.99
4518.3
2744.76
494.438
-3773.12
1438.31
2285.56
-3113.2
-2267.91
-256.653
-1683.35
-2079.23
-1118.9
-131.296
-583.573
-2357.82
-1079.93
1329.22
991.232
454.063
265.334
894.319
1172.49
1167.86
1104.95
1214.45
1535.5
1349.22
188580
-112352
-104944
-183678
122929
515697
-339007
-197030
-63039.1
240229
-69164.6
29614.4
23943
-25064.8
21309.6
6952.13
8916.94
3182.31
-1153.75
3452.28
-420.947
-4065.23
-1731.04
-1277.8
-2469.01
-1803.34
-831.527
-244.338
-1236.75
-2242.86
-23.4726
1345.68
912.953
419.251
712.349
1176.66
1172.36
1192.96
1408.93
1598.52
2125.47
1714.88
-62641.8
148895
71110.1
-103685
563393
-493549
-292091
68404.8
443942
-211323
-61413.5
101292
-75448.7
13400.2
19346.2
3777.81
10100.9
3218.9
2726.26
1414.84
-3308.83
-1953.57
703.675
-1958.39
-3168.28
-1633.82
151.098
744.167
-953.584
-873.559
442.807
450.794
812.245
706.759
1144.64
1146.41
1101.14
1131.33
1550.84
1755.62
2350.45
1787.66
-271132
5074.82
219891
450234
-359934
-212473
99117.2
549809
-387986
-59305.6
64921
24376.4
-41376.2
46364.7
-8138.5
4983.02
7226.68
2884.28
4309.94
-1902.55
-4580.91
505.079
1939.76
-1761.26
-2702.64
-1501.68
432.898
755.366
46.2857
539.818
278.802
-241.78
798.098
986.654
1066.79
908.798
1070.08
1077.98
1588.54
1745.28
2196.26
1605.64
-163411
118003
156755
-201455
-256887
162236
404299
-237872
-284684
28491.1
292255
-139773
57686.1
11517
-21867.6
6916.62
430.841
2852.58
1994.41
-2694.13
-2026.11
1243.31
616.605
-617.425
-1225.49
-1271.38
-490.496
-132.374
1125.77
993.775
56.8613
72.7348
704.302
1034.72
675.412
842.036
1117.7
1119.86
1517.09
1543.56
1699.79
1323.04
362339
-109319
-239043
-199485
109279
382439
-111343
-343979
86803.7
379186
-292749
40548.6
75442.1
-56447.4
2049.41
663.573
-4181.29
2900.3
-536.831
-1720.24
1523.55
559.297
-529.483
566.88
214.207
-789.272
-1232.47
-755.059
1398.2
836.307
-45.1939
581.573
437.929
821.752
393.541
962.678
1054.32
1233.33
1337.15
1216.73
1001.67
999.099
-82038.5
194796
5363.72
-91130.8
417281
-274375
-334212
151244
470342
-343935
36660.5
92551.5
-65287
-18035.2
21186.9
-10071.1
697.161
3460.61
-1996.79
-551.222
2762.38
288.179
-649.792
578.296
392.462
-706.772
-1497.14
-981.977
757.667
1050.48
316.024
651.075
-76.3967
679.321
483.302
984.251
746.109
1176.69
935.741
850.924
371.708
744.729
-85422.6
-213122
246586
311519
-249701
-139559
72176.5
297032
-214337
398.548
104183
-21636.8
-44606.7
38815
-5523.8
-888.356
5626.51
-318.425
-3109.74
50.9689
1747.61
-236.211
-759.748
93.6382
122.718
-676.669
-1386.67
-1318.62
-246.25
1181.18
269.958
279.854
-428.755
689.43
620.961
790.453
410.803
915.792
450.491
564.05
11.3552
613.36
255992
-342004
35251.7
-149299
48918.8
81020.5
57350.1
-190175
4709.88
101582
-59459
-27715.1
43684.7
-921.764
8865.05
6411.35
-2008.15
-2203.01
-415.38
443.721
-895.488
-1692.8
-1215.12
-757.381
-839.973
-1024.68
-1194.22
-1350.62
-666.163
1065.47
-129.144
44.1417
-41.7411
881.622
834.764
683.77
284.547
523.04
60.6249
291.416
-129.849
513.017
-78683.4
183239
12504.3
-968.459
127953
-160362
-297247
123239
315140
-254423
-34019.3
67530.8
-32364.7
21645.1
19023.2
-13498.1
-3651.19
810.125
1949.58
-1052.74
-2834.29
-2038.4
-1127.32
-1398.86
-1726.13
-1344.12
-910.892
-379.955
-591.156
1145.44
10.3375
463.739
761.124
1010.38
1144.45
641.98
242.076
67.2956
-129.517
-16.5439
-144.773
361.426
-123143
-133383
242029
178537
-264659
-324550
169913
501898
-357117
-64988
68152.8
-74874.9
23437.1
47749.5
-31159.1
-7341.28
2146.65
1758.31
356.272
-3105.66
-3281.47
-1409.36
-798.514
-1328.52
-1363.94
-1032.37
-521.604
1089.05
-706.149
1629.11
729.466
798.278
910.858
1033.87
1309.44
505.021
245.802
-178.835
4.10626
-175.834
-17.364
168.765
317014
-154428
-92107.2
-119527
-216.104
-4812.49
319337
-253638
-35287.6
29417.2
-92700.5
5820.08
70334.5
-40387
-21400.5
10929
-1369
-1011.83
-609.93
-2655.11
-2369.65
-689.063
-664.821
-801.863
-283.892
-236.994
-87.3113
1917.56
-849.165
1813.3
979.362
770.655
612.972
1199.28
1057.68
372.227
296.414
-108.411
284.216
-146.193
184.995
-2.11095
15435.5
214309
-434900
141429
107249
194589
-240957
-9714.39
20930.8
-5407.36
-45916.1
48156.4
-37257.3
-51622.7
27427.6
-1632.39
-8786.05
-3083.55
-1124.26
-1910.31
-1529.46
-504.276
-480.825
-35.037
602.759
710.597
517.283
1442.8
-772
985.61
351.199
579.202
254.692
1325.71
283.597
275.345
197.321
105.651
393.23
-6.38694
309.465
-79.478
-229907
52650
336110
177804
-43435.9
-269977
106551
62667.1
76052.1
-145160
20965.5
13050.1
-90041.4
42936.1
1083.76
-17501.2
-5866.2
-4722.95
-2168.21
-1394.34
-888.928
-375.368
-176.637
227.984
697.366
1294.08
700.398
221.118
-149.157
-570.51
-412.951
265.483
-146.671
575.487
-614.116
151.672
-72.7241
301.61
215.332
208.467
201.258
-64.1892
180666
5379.69
-214694
36945.2
-200912
166897
368144
-197044
-180578
14308.4
94021.5
-87967.4
59686.7
1930.46
-29616.5
48.4066
-7408.64
-5984.06
-961.353
-953.468
-900.759
95.1593
63.6638
-323.204
17.7083
915.759
554.142
-1922.05
2250.19
-2465.97
-458.589
-1001.91
-449.489
-1002.84
-793.18
-52.0053
-330.459
318.881
-221.18
371.848
-214.592
-1.80393
122624
-32038.2
-69039.8
-56687.2
105614
123829
-86239
-161024
62824.5
105876
-98882.2
38336.3
19192.5
-20522.8
8016.16
-8424.3
-14275
-3767.2
338.775
-2880.48
-1881.97
379.31
-30.9704
-852.085
-657.8
-449.06
920.993
-4876.6
5419.48
-3903.36
358.682
-2624.32
-354.295
-2203.95
-234.449
-534.724
-574.774
-109.483
-874.106
183.956
-935.726
-58.3997
-104421
71583.7
169096
-30132.6
145210
-145115
-241158
87997.6
311618
-206789
969.699
51263.1
-34412.5
21299.8
9582.07
-16093.4
-1312.41
5535.54
-2512.91
-5934.91
-1724.65
303.934
-336.298
-564.216
-743.7
-1193.39
1684.25
-3575.45
2970.17
-2592.9
716.957
-2730.03
-382.128
-2384.79
-3.80467
-1372.37
-892.369
-1018.17
-1482.52
-354.534
-1595.84
-226.68
-355082
104674
303385
71038
13676.4
-102418
-32374.2
-56389.2
252933
-30428.9
-33852.2
4607.37
-48077.7
32041.3
-5169.52
-6443.24
8768.88
2870.52
-4087.26
-1329.26
1172.6
-377.867
-362.75
274.164
-123.607
-915.618
990.378
397.223
-1625.06
422.883
-754.489
-1276.78
-1016.03
-1515.62
-844.664
-2052.07
-1292.4
-2026.42
-1706.33
-905.281
-1747.24
-445.184
-208102
-415383
365096
128185
-142867
-176822
10178.9
392498
-178774
-32645.3
105288
-111256
14462.7
31491.6
-23453
2829.83
6205.02
-1990.23
521.818
4378.38
1482.6
-403.491
868.956
1041.05
404.092
-674.066
-2266.69
4672.76
-5135.11
3096.45
-2855.98
157.665
-1833.35
-135.521
-2387.89
-1779.87
-1634.38
-2478.85
-1387
-1152.16
-1193.09
-639.498
395176
-173472
-174643
-163046
67542.9
-43822.2
207383
-212967
22505.4
152971
-164373
15237.6
67625.1
-41592.7
-13408.9
10092.2
-945.325
-899.881
4260.27
3529.63
-233.687
550.929
1476.49
964.577
502.83
-326.403
-4640.12
5411.74
-4948.54
2114.59
-3107.87
1111.07
-2406.94
1119.77
-3521.08
-445.284
-1650.06
-1930.31
-694.309
-1123.01
-259.601
-854.715
6419.87
148819
-77403.1
-20349.8
86903.6
16879.2
-253728
103933
212840
-194983
7316.31
84935.9
-47567.4
-38222.5
18214.2
2631.48
-3528.09
482.211
2854.49
79.6083
-422.832
711.408
349.156
316.789
281.01
332.361
-3008.9
2944.94
-2676.03
257.215
-1772.73
1430.23
-1882.47
1808.62
-3124.12
910.171
-1365.33
-696.191
-116.579
-971.171
494.439
-1172.52
-149844
-178350
343209
-22213.9
-92347.3
-157153
116899
242073
-179541
2813.72
77497.9
-45606.5
-48531.8
35242.8
5930.88
-4778.18
-668.249
1325.21
186.676
-853.72
420.206
243.797
-282.16
636.696
709.261
1678.09
-864.92
1587.97
-878.371
3.66533
-245.722
1394.99
-515.115
1509.82
-1069.42
1224.02
-842.866
526.159
-29.6428
-763.732
745.943
-1372.04
370307
-232694
-56912.5
-130273
67670.7
25586.8
112290
-156794
1178.93
89378.7
-59743.2
-19773.2
58846
1534.46
-3775.45
4324.01
2639.84
1791.66
618.719
1331.99
1678.09
553.972
441.519
1066.63
1843.51
3605.25
-44.7805
1562.3
632.506
314.544
801.568
1125.33
1273.08
-148.689
1565.15
202.515
-187.523
1027.49
-325.094
-477.561
532.107
-1176.47
-137961
154078
10278.6
598.986
27661.1
-20529.2
-220102
59350
196002
-176840
6046.3
73657.2
-22605.5
3195.39
16109.6
6219.63
4274.28
2449.47
3369.16
3579.35
2476.2
2195.98
1913.43
1218.58
2408.52
4608.28
1166.22
843.409
2637.62
-515.282
2396.87
-256.907
3129.08
-2865.2
3753.63
-1442.4
793.351
809.057
-450.496
1.10931
215.141
-555.265
-149071
-130116
276285
10797.7
-203526
-118436
58645.9
204287
-165595
-1449.94
62770.4
-73593.8
12951.7
31202.2
11.1705
8075.69
5494.82
4524.97
5875.4
4087.13
2758.77
2845.43
2616.56
2184.77
1858.33
3862.26
3690.21
-1231.42
5918.87
-3032.8
4614.52
-2193.41
4814.85
-4580.78
4518.83
-2554.35
1708.57
154.277
-153.427
502.07
-52.7319
190.736
346266
-165791
-172207
-135766
58981.1
86784.8
45805.2
-155041
-21438.3
66731.6
-128084
20470
43140.1
-27230.4
6639.92
11378.1
4364.12
7103.46
5997.28
3899.8
3644.25
2821.69
2654.78
3400.87
1245.37
1147.86
7847.05
-4814.58
7024.79
-4162.53
4283.97
-2181.29
4222.08
-3770.06
3649.82
-2322.6
1911.25
-548.284
485.339
769.764
-267.764
697.932
-156849
182095
-12923.1
-521.432
199105
-146191
-200186
6390.91
158715
-203443
8362.8
55720
-76020.7
-8098.95
24562
-1512.04
1801.25
5427.38
2853.4
1917.56
2228.09
1425.97
1185.32
992.67
-76.7702
-1175.55
8360.99
-5707.47
4528.57
-1734.27
3041.17
-1599.7
1740.14
-1393.8
1789.53
-1204.84
1251.6
-921.344
1103.4
617.837
-494.92
619.305
-117358
-145522
353584
197739
-285411
-197003
101217
225518
-181398
-41171.4
54551.4
-77682
-32327.5
35918.2
-11001.9
-10647.4
307.626
1075.2
-513.961
-625.761
-186.746
19.1335
-73.0378
-278.731
437.074
-2314.71
3611.9
-3402.93
1483.08
-755.218
1707.81
-1446.9
42.1781
356.659
-644.309
632.363
140.311
-743.113
1561.74
567.716
-80.3284
621.18
331913
-43493.1
-163587
-115840
86678.2
-20416.1
247902
-170263
-40483.5
4225.66
-1048.44
-43716.9
53056.8
-18370.4
-32035.3
-8189.59
-4459.32
-1736.56
-3144.37
-2204.01
-1452.29
-927.933
-1737.45
-813.139
154.451
-4726.64
1992.58
-1268.28
-957.818
-1779.9
105.727
-1571.2
-1316.96
1748.87
-2862.4
3409.82
-605.778
364.512
996.523
-8.84527
-151.275
-270.349
5865.43
165750
-253519
60866
139942
150328
-166477
1218.95
-11156.1
94289.6
-47175.7
70233.1
-4530.28
-50422.8
-6915.37
-7773.64
-3085.79
-5198.5
-4610.19
-3004.93
-253.805
-1851.26
-4468.52
-1757.4
1408.72
-5676.23
-902.114
-3354.36
-4023.99
-1114.32
-1253.09
-552.068
-2672.59
4187.61
-4615.03
5908.69
-1891.42
1350.8
-135.243
-413.793
-182.922
-573.452
-258167
-2361.29
330949
129689
14887.6
-140904
79456.5
66143.8
83985.8
-50860.9
61234.6
12469
-59765.1
15384.3
-2599.34
-7912.07
-1630.07
-7110.16
-6345.92
1193.13
-5944.95
-5350.02
-3864.04
-3528.14
285.132
-3113.37
-3963.8
-5055.36
-3915.18
1613.8
-2813.06
1600.32
-4454.26
5392.95
-5729.82
5783.86
-2642.22
2307.59
-583.219
28.3847
128.316
-405.601
24148.3
145617
-224545
97024.5
-165170
108062
210560
-33016.2
-108971
78276.4
64412.8
-77484.3
43570.4
19481.1
-11988.8
726.471
-1824.2
-2827.63
15121.1
-24107
-17860.2
6999.86
-277.363
-3989.72
-3398.61
-1475.19
-2995.25
-2390.68
-475.516
2670.77
-3926.72
3614.87
-5054.08
3640.5
-4996.97
3098.44
-2011.56
3122.89
-573.864
529.396
427.235
-27.612
242972
-20833
-200497
-57130.2
24623.7
309986
-205383
-151476
63599.7
110577
-81683.7
68746.7
51410.7
-26646.7
1142.14
9995.65
12482.6
-28522.1
-4591.33
2849.72
-8756.29
6487.48
-3180.84
-6019.77
880.946
3240.95
-1467.98
-590.92
642.254
1948.36
-2749.87
4010.22
-3694.06
1264.23
-2233.38
-319.941
-506.039
2661.99
-1160.23
319.366
422.252
303.742
-148384
30984.5
82004.2
23221.5
124485
-151696
-55691.9
-9673.55
154842
-98149.5
23691.4
53068.3
-35373.3
9758.03
4162.78
10070.5
16455.3
-2021.16
-7558.28
4555.65
1057.88
-3342.85
-4721.83
-1384.49
1376.54
1265.67
-544.503
493.069
1441.76
1450.04
-1164.42
2453.38
-1954.75
-570.612
1498.4
-3283.25
1655.99
895.948
-1987.19
-84.9492
549.929
703.437
-1527.09
-51635.9
-18327
-32451.7
-26066.6
-27749.1
51019.9
-7688.97
-10673.3
39387.5
-1149.31
-14127.9
8735.78
4929.32
15304.8
-37538.7
780.719
28200.6
-13129.6
-2275.64
-2590.17
-3047.63
1280.31
324.238
-1201.97
-451.995
56.3322
584.221
1260.19
1022.83
-130.259
1108.33
123.829
-2183.36
4404.77
-5342.45
3663.3
-1654.98
-2265.89
-312.254
449.503
398.365
-2622.83
-80990.8
34027.5
8764.5
63622.4
-39288.6
36873.8
-19147.3
-15894.3
7550.4
32545.5
-1511.82
-14949.9
65726
-31500.2
-2188.65
799.671
-9278.41
594.711
5921.78
-2949
-848.556
891.991
-1130.5
-864.919
129.206
-104.522
3.28267
-173.449
931.392
267.157
416.371
2501.29
-2897.8
5218.99
-6095.88
3656.29
-3630.37
-1501.91
-578.414
-445.263
-1018.99
-215924
-62975.3
62663.7
213218
52948.6
-67720.2
-30992.8
42769.8
-50755
21337.9
39719.8
-2533.59
-5702.17
8172.51
-5504.18
2843.93
9835.29
-3164.49
-11657
-698.887
-3334.41
-3057.79
-2859.58
-1580.14
-447.564
-460.5
-276.688
-250.633
-1169.23
1680.34
780.738
358.929
3885.58
-2381.22
3998.47
-5235.61
2137
-3984.02
-45.6307
-1105.49
-1631.04
-2437.71
-192105
-67839.6
207563
-4232.11
-9656.62
-8545.66
-40181.9
122250
-52108.8
19532.4
32927.2
-18409.1
-12377.1
-3154.32
-4887.1
4828.44
1176.92
-10536.6
-5957.03
-975.772
-4274.87
-4248.14
-1113.46
-411.236
-1127.56
-710.266
624.436
1809.65
-13.9078
915.775
524.838
-314.582
2880.85
-1656.42
2284.87
-3613.69
-166.926
-3715.93
618.604
-1714.1
-2653.53
-3166.46
61968.4
3271.07
-57787
-16892.1
72066.3
8782.63
-23141.9
-22038.5
11054.3
10956.5
7597.36
14288
24209.4
34102.1
-7304.99
-41025.2
1166.78
19018.6
-9883.16
-10458.4
1603.69
2683.82
-128.905
-550.554
-322.349
906.575
1802.1
2296.51
-203.26
131.365
1267.12
-1307.48
1098.02
-1126.9
668.412
-1815.8
-1094.82
-2347.3
342.644
-1889.98
-2960.83
-2910.85
-137871
29502.7
91139.7
-94907.9
105632
426.825
-50616.9
3809.99
-25683.6
41198.5
29285.3
-7011.9
-9192.48
3257
21569.2
1671.87
-15914.8
-365.621
-1368.27
2488.85
5310.99
2436.41
2023.9
2230.09
2319.64
3183.29
2613.3
1695.34
-306.571
-782.357
576.411
-1415.15
-266.057
-434.226
-379.612
-613.646
-926.707
-464.241
-77.4233
-1541.95
-2180.47
-1221.38
-75350.3
-15498.6
37342.6
-39284.1
90276.7
-73157.6
73445.4
-76421.3
154005
-47141.5
10815.3
-19717.7
3478.49
-3682.2
22498.3
12662.1
24441.3
-6091.66
6191.81
3643.76
7933.16
6362.58
5271.94
5402.46
5140.36
3400.42
1121.82
602.385
811.556
488.495
983.312
-564.114
-689.884
-541.437
-1047.37
-78.8881
-1263.42
439.131
-724.016
-1128.95
-978.996
517.697
239191
-162131
-129447
22665.4
-71223.8
53075.6
46912.1
-58058.7
-25459.9
128074
-126602
50527.5
-39912.9
-13975
41268.2
15785.9
24007.2
8063.06
12699.8
14383.6
4671.72
6576.05
7013.21
6633.12
2945.79
1485.6
2227.27
1064
1185.68
559.884
1886.52
767.134
1226.9
737
-858.978
869.648
-1749.73
-775.867
-819.647
116.485
549.797
1597.9
297743
-207634
-154044
-88567.6
-73253.2
252411
-52029.6
-23715.2
110471
169749
-294796
-12947
-72446.6
50965.1
6949.51
-27199.4
-627.599
15887.7
28084.7
-6230.38
11370.7
5650.55
7811.7
1970.93
1791.36
2874.65
2166.26
1400.37
1511.49
517.878
1822.75
1528.35
2098.32
91.1468
-1926.39
1470.51
-1506.97
-724.369
53.1651
885.921
2219.15
2490.71
4374.76
234841
-471980
10768.5
227579
-85847.7
-98326.2
175952
149518
-31051.1
-148689
-3438.67
4754.85
36735.8
24038.9
-67500.9
11703
41768.3
9404.92
-4947.84
4447.66
9673.67
3520.46
729.788
2653.68
1739.11
1027.43
1919.81
1136.71
725.123
1680.33
1944.23
1680.71
-481.999
-2318.15
2002.05
-778.391
-677.16
632.092
632.897
1529.12
850.821
-46560.6
251487
-315956
-89761.1
158466
38478
-197656
184013
223237
-185143
-15435.6
-66599.8
-5431.27
53336.4
-51458.9
-53197.7
21380.3
71868.1
-25796.3
17998.3
-13711
14243.2
324.087
-142.927
1055.42
2911.03
1759.61
1489.65
606.314
1421.08
1155.45
1112.58
955.459
498.069
-989.97
2218.41
219.089
-316.119
799.047
420.736
191.989
-859.242
-104050
-134416
151370
209249
-193568
-69730.6
-10855.2
104391
114261
-129675
-43748.9
15205.8
40457
23644.5
-86614.2
-28838.9
13600.9
98044.7
-47415.2
18447.3
-5937.1
11690.1
171.914
-6065.58
3423.48
2212.96
-684.492
27.446
482.123
794.841
-715.734
-400.493
88.8285
486.682
-611.514
1625.61
520.51
71.1165
541.193
270.099
-233.444
-1098.03
26059.2
-49065.4
70224.8
28743.4
-23483.7
-36374.2
-45434.5
29285.9
52947.6
143108
-100393
-16854.6
68620.7
-43718.4
-96033.7
7.04662
-52261.1
133890
-46329.4
7336.96
1840.15
10591.5
-5693.38
-5785.9
5028.84
-140.102
-1896.36
166.889
141.119
-912.164
-1769.83
-949.347
-733.457
-495.498
-464.612
839.87
-481.963
-416.639
-447.337
-598.762
-344.725
-1070.8
-122613
183713
-105917
-19834.3
24255.7
81307.1
-67742.5
31668.3
-37015.7
-83832.3
70432.9
84188.9
41683.9
6000.97
-48003.9
-21176.5
-114562
165338
-17841.8
-6265.08
-4936.84
8091.14
-8471.45
-675.917
4941.86
-2241.26
-1501.89
590.258
-645.416
-2230.82
-1937.26
-860.57
-1680.21
-1795.12
-1256.69
-544.708
-1156.99
-680.483
-624.742
-824.625
-20.6011
-583.399
-80999
-21605.7
162671
17415.2
110478
-139143
-284157
156369
77039.3
-110868
231522
-75664.9
1662.63
-27649.9
87949
-7324.15
-106984
118762
37778.6
-38380
-3192.09
7417.05
-5634.59
2462.76
-617.327
-5623.83
-2014.4
-627.224
-2837.01
-3647.86
-1618.33
-924.808
-1387.83
-1106.77
-1276.29
-915.409
-1031.43
-845.729
59.6372
-120.23
46.3191
0.74695
-195071
-51225.5
276907
-74188.5
37464.2
-65718.8
-29645.4
57504.3
96154.5
67688.6
-36470.5
-126917
-54473.2
93473.8
-3996.98
280.585
2502.61
9146.36
2889.87
-12590.5
653.911
-1844.1
-4860.22
-1153.83
-7682.68
-3714.74
-924.704
-2926.09
-1967.79
775.243
-742.876
-527.626
153.486
-204.579
-948.188
-738.013
-308.397
18.2981
630.821
555.258
-151.747
663.475
-238197
-114301
309611
-82897.5
-26465
59505.2
94352.3
90020.8
-76945.6
10075.2
-135377
-143744
113078
-22975.8
23169.2
34041.2
-29300.9
40445.9
-55213.2
6401.93
10608.2
-7074.03
-1382.84
-4545.19
-2102.55
1842.67
-825.336
-964.72
1486.04
621.986
1089.6
98.1209
479.555
-790.2
-1007.33
-77.6041
658.907
1112.91
1118.03
1142.67
25.0715
1113.92
288373
-8505.69
-139771
3982.61
-79189.9
-669.7
155923
-114331
-1021.36
19233.2
-69246.5
57096.4
-6539.09
-37460.2
-21068.2
16453.4
-3228.94
-10648.5
-17444.4
6195.68
-396.567
-4039.84
-7023.66
-760.167
6705.65
-609.248
-1212.83
1682.9
-27.3441
-2156.45
2627.22
84.6686
646.677
-557.933
-583.189
597.23
1052.69
1623.63
1613.67
1604
875.634
1555.06
12408.1
178361
-139289
-58773.3
34888.1
152845
-180320
-74580.7
126646
-49682.1
-94053.2
154932
-32461
-36625.9
-18526.2
-4636.28
4939.47
-12316.3
-8013.38
-3328.06
-4321
-9866.85
-3272.48
6205.87
-839.503
-5768.96
2260.26
3824.52
-858.404
-1434.08
4536.22
816.194
1053.02
-31.1327
0.46464
1340.72
1478.77
1923.89
1883.62
1809.57
1662.48
1561.95
-183213
-128809
-7908.34
113636
235253
-129186
23963.1
-13152.5
-40970.6
-221104
87849.5
142044
-19497.7
-36831.3
9679.45
-34103.9
191.983
-1705.74
-28963.1
448.356
-1596.07
3226.42
1091.46
4146.26
-4268.36
-122.49
4310.08
4002.35
606.214
318.437
2241.39
-512.064
364.643
-328.609
-250.1
672.514
681.94
1163.64
824.938
756.21
1412.39
768.871
-146679
-108845
-27479.6
9111.83
103813
-5195.28
138883
286061
-428116
-180923
65552.4
94136.2
-25379.4
59696.4
-47856.8
31958.8
-25693.8
7831.5
-38473.2
-4146.41
5979.5
13168.2
-11369.5
-6193.22
5335.48
5494.2
407.193
-962.295
-1884.04
3506.25
-889.393
357.728
1392.99
-752.822
-816.196
-296.332
462.285
1249.35
800.43
987.161
2106.61
1483.63
129383
5119.3
134315
-283622
-180799
312918
156425
55132.2
-157967
-40903.9
-20594.9
-34431.7
-59870.9
89838.2
-39958.7
51863.6
-33426.3
-9606.68
-5677.51
-5659.24
10638.9
-7315.23
-12931.5
6504.02
8085.56
744.394
-82.6395
-1932.25
238.96
2879.05
-3831.89
1576.82
1620.37
-304.087
-229.763
297.39
430.661
1078.86
1002.88
1198.08
2389.9
1762.04
-92404.1
-43644.1
92012
-191131
-74947.4
248650
376123
-256521
-196321
-65239.3
122436
18646.9
-219255
201050
63775.6
-65791.9
89660.3
43280.1
-76009
-33794.4
17985.1
-5832
3405.43
4009.79
2471.42
2370.47
2114.12
-68.8558
273.193
-400.832
-3220.02
2389.02
1717.02
393.427
151.557
509.384
-1093.52
32.0974
933.321
869.847
1215.51
677.233
-6447.68
-209890
-301365
123112
261698
162748
192203
-151401
-236554
-99594.4
125374
-53322.6
196271
-321618
354809
-106598
30785.6
-45955.1
-648.826
47687.5
-722.761
2408.95
-435.797
-2270.01
1083.45
2381.72
2582.55
99.6502
-3395.3
-123.113
-206.159
1464.11
-1401.64
21.3566
-846.33
1383.93
-166.923
829.183
1457.29
1134.14
242.649
-248.047
-337830
-443470
-296484
62706
139042
878769
21912.1
-383255
-132418
177790
187694
179112
-141500
25178.2
-82262.2
132132
-119232
27747.2
31182.9
20203.7
-2112.72
1200.15
-211.387
-5688.39
-1424.71
-25.4464
3893.77
916.598
-1272.09
-1579.19
-1599.85
1147.86
-3332.57
1407.4
-70.193
2469.93
1793.25
1818.09
1469.12
1290.05
-58.2814
22.9007
-150291
337957
82259.7
-271728
-155942
125084
-118873
71884.3
55441.2
76887.1
6286.38
224846
-134712
104510
-126544
66055.5
-48484.8
7399.21
14960.4
-7437.46
-4049.04
3092.69
-3538.43
-284.394
-5680.65
-2242.85
832.87
-1141.9
922.123
51.1384
-1777.12
-190.521
-301.839
3095.75
1667.63
1925.74
1745.9
649.035
-330.066
-587.634
-1822.45
-1414.04
51553.3
-73579.7
162086
177880
-450610
-367744
58025.6
154209
-110581
157666
2457.48
31711.1
20777.1
11785.1
44687.9
-38435.3
-24616.9
1052.33
-2610.99
-12108.2
-7030.04
3649.98
-7813.19
2265.11
-4937.56
-4924.2
-923.23
-1238.36
1513.59
2414.89
1683.43
-45.1528
3649.57
2592.15
1674.49
184.268
398.826
-878.332
-1282.34
-1733.4
-2565.34
-1862.01
-4608.34
-81337.2
-67169.4
79037.1
32155.5
270498
-75156.1
-172170
-54653.3
148231
28538.1
-34955.9
9941.16
58153.1
19049.7
-9720.44
-7709.36
-35494.1
-12090.1
-827.893
-14650.3
296.687
-12218.3
4958.11
-3317.43
189.491
-674.76
-4119.6
-1279.89
1841.33
3631.13
1226.08
4508.87
498.581
293.57
-1428.77
-1766.23
-1387.16
-328.097
-783.963
-1892.51
-689.075
32659.3
57084.8
2423.34
69378.9
34540
-171870
-16233.4
82639.1
-129745
42579.1
73370.2
-97733.1
-71910.4
77651.2
-9790.68
19872.9
-67583
-4488.47
22414.2
6459.26
-9185.49
-6535.18
1542.73
10710.6
-2031.86
1441.74
727.147
-4836.35
-839.758
63.9021
2475.14
1832.98
1315.43
-1904.77
-1143.34
-2131.66
-4172.14
-1912.55
-171.106
-553.541
-2290.4
-126.014
94303
72993.7
40291.6
-121480
-78571.5
-4703.44
-17584.7
123160
51134.5
7778.59
-205583
80489.8
5227.82
2632.22
-33778.8
-5524.2
18791.4
19764.3
-2923.45
-3281.04
-7847.29
2862.19
14394.8
5342.06
-952.396
903.274
-905.863
-1722.06
-636.766
-1857.73
-1527.87
73.6441
-3222.01
-2851.65
-1597.74
-1341.84
-4984.11
-1318.86
-99.9385
-841.762
-2776.14
-42.5774
-99969
342682
-249259
-9605.82
25759.5
75019.1
-19885.5
-184925
52633.8
-105010
42679.4
45912.4
-5735.45
9660.75
-49914.8
-1460.75
31491.4
5172.7
-16755.9
-11801.6
3752.84
6864.23
5679.59
1659.43
-9250.97
-2041.61
2562.43
2820.89
238.822
-2527.12
-6099.93
-5685.55
-6156.61
-1901.18
-578.74
2213.77
-2883.91
2.89242
-1223.59
-2156.76
-1832.09
-26.3839
342597
-380049
-159457
171423
-29247.4
-27238.1
36320.3
71550
35070.2
-50433.1
11333.4
-14610.3
-7064.84
-84170.1
41076.2
28066.6
-3146.6
-87613.1
31327.1
-622.01
14357.8
11309.8
-7380.55
-18835.3
-9683.58
6984.3
215.192
1209.3
-1380.92
-183.965
-2218.21
-7282.06
-5674.99
2238.84
598.592
3422.38
689.426
291.275
-1861.69
-1388.75
25.635
-52.7455
-9998.15
219814
-142444
215556
-161741
-261804
191982
102049
38393.4
27582.8
-65094
-32406.2
-85927.9
46593.5
-8065.25
68141.4
-98172.7
-14538.3
15880
9827.85
6260.59
-2266.45
-23985.6
4527.51
12179.1
1053.95
1709.45
723.794
1555.34
2051.67
4267.74
-3633.11
-3596.26
4292.53
2395.66
1390.03
1312.51
-1075.38
-3501.92
-2828.92
-250.38
-2497.77
-8632.82
133467
-78587.3
30750.6
15619.3
-116386
133750
154702
-206494
-22655.2
-4804.91
47093
-95690.1
-893.762
73298.3
-81969.9
-46923.6
35426
26589.2
-2678.15
-3834.31
-33053.5
2017.32
14001.7
-324.262
5325.08
4870.24
379.744
1005.14
-56.8532
6874.08
1694.13
-3263.78
3276.39
3607.87
-545.115
1364.52
-1140.88
-2528.92
-1167.66
1734.7
-2740.33
147658
-91200.3
-41560.1
14611.5
-17349.9
76912.8
77715.6
-93352.5
4059.63
-155185
87136.1
-6755.13
12214.5
57962.9
-143023
16995.1
11048.1
34647.7
1635.87
5966.68
-14187.6
-5673.33
28632.2
8108.7
-10207.1
-659.73
4072.91
-3073.7
1258.6
931.169
2149.9
2616.64
-3964.95
1241.76
1102.3
-3172.04
-1003.22
-521.125
-2012.27
274.66
4008.02
-2097.98
-302544
249168
161526
-96141.7
-24729.9
-31850.6
-13584.9
150893
-140234
42116.4
-9873.43
-7627.54
1402.86
108269
-97930.4
4243.32
35686.8
14440.6
-27520.2
-14469.6
-6124.44
31762.9
25091.2
-2168.58
-8800.88
-655.284
-3103.08
-448.944
1895.85
4412.62
237.805
2758.72
-797.457
1167.28
-1431.42
-3211.67
-2569.08
656.369
-1828.47
51.5159
3622.9
-3347.18
-9614.99
-23309
-45381.8
55089.6
25728.2
-36765.5
93345.7
-123097
41708.2
155962
-110974
96991.5
-177435
29786.9
99347.1
13450.5
16461.8
-21790.4
-12948.1
2488.74
14298.8
16627.4
2164.91
-10724.5
-1732.5
254.021
-4811.37
4654.42
499.496
2769.31
-1580.69
691.38
-340.559
76.2055
-618.157
-745.376
-382.758
1839.86
-262.677
1725.06
3591.98
-2237.9
-25309.3
100936
-127316
65129.6
23793.5
-107052
-19897.9
32481.2
148753
54879.4
5618.78
-27044.1
18307.1
29251.3
-28796.3
73101
29122
-56317.6
-1071.07
11712.3
14328.2
5676.53
-34392.1
1580.64
3577.97
-3307.29
-1945.85
4224.24
-797.593
-1386.97
-1965.47
-2043.31
-1617.88
-924.688
-1293.36
-796.365
-826.809
1345.06
1394.27
3910.7
4104.6
1617.03
-193179
-38499.9
28960.4
6204.34
108108
10668
-38092.6
-141810
113298
67963.6
-50856.5
159670
-86783.2
-38036.7
85335.9
33883.3
-114879
5989.05
43128.5
33175.9
20160.7
-23954.3
-27669.4
11040.7
4164.75
-467.382
5372.89
1923.79
1404.05
37.5157
1904.45
251.245
613.267
1078.9
57.0757
194.752
-120.179
-546.892
-1202.04
132.182
-1418.83
-1145.02
-24852.2
-47522.5
29097
19611.7
85593.7
-47709.3
28069.2
58860.2
-47754.8
27383.3
-98532.2
118710
2909.6
-3094.95
32569.9
-41790.3
-23215.9
44159.3
30392.3
8465.23
-4948.8
-28250.6
7987.65
11471.6
-11429.7
4042.55
6874.95
-2412.63
2417.76
1887.1
2994.8
1748.48
1848.45
1043.83
577.122
2903.65
3155.28
79.1016
-2616.82
-2436.59
-3976.65
-1763.41
157353
-47647.2
-35634.9
-11205
562.105
51622.9
26586.1
96918.9
-38590.7
-80971.7
-11911.1
23357.9
64639
54011.7
-39494.2
6523.6
6735.12
13553.8
11062
-4553.74
-22110.4
-11040.1
16609.2
-2754.46
-5492.4
7118.04
46.383
-6358.02
-455.5
-547.846
-642.96
-453.377
-1353.15
-2008.61
-2926.74
-712.845
419.944
173.777
544.991
1035.66
866.821
3258.19
-46222.8
171062
8876.97
-77338.9
-52602
-68179.5
-42090.4
113965
-28972.1
-83893.8
44891.6
200.33
43559.6
40109.6
-52683.9
-9095.16
23357.8
13516.5
-9500.58
-5116.72
-8165.12
-916.748
13955.5
978.476
-2807.32
-147.424
2983.73
-3854.78
-2669.31
-1499.37
-1974.27
-756.912
-1421.12
-1324.5
-2687.16
-3482.27
-3433.49
-3776.18
-3237.21
207.566
3162.57
6792.78
-73012.8
63949.7
35600.7
-36804.1
6161
72295.7
-176057
89050.8
7245.74
-52122.7
-18389.3
7779.75
4700.35
3367.17
44237.7
-24748.5
-7596.28
-27319.6
2601.4
3411.17
-5360.59
-4297.84
11250.2
9202.25
-5069.79
-2247.37
177.109
-809.013
-630.643
-145.689
-1422.03
-197.467
784.652
1243.84
1022.28
-593.004
-1003.07
-1918.57
-2899.62
-1733.82
2035.52
2997.01
60915.7
15924.8
10953.9
-117798
49140.8
-71559.5
161507
-6538.3
-29758.6
95751.8
-127188
-28203.7
-2713.55
23319
-68535
-4466.41
27701.5
5731.45
1764.43
-4005.58
-18603.5
535.113
12654.9
-773.887
-6611.95
-4582.91
-4678.64
-770.531
-309.65
-1960.83
-2624.84
-1604.23
1061.74
1258.2
2266.26
2558.88
1431.75
1066.83
3974.7
353.41
966.252
78.1558
-168692
93254.5
-74537.7
58908.5
85265.9
-54342.2
-13503
382.469
-79600.1
180267
-253438
85196.6
-138843
134914
-39254
-10656.8
10487.1
18931.4
-4555.62
-14679
-2585.71
13352.5
8579.45
-6054.65
-311.053
-750.915
-4855.08
1736.25
-548.689
-3100.34
-2537.35
-1986.52
3.96355
232.123
716.531
2062.71
820.323
803.943
5771.7
1299.56
-29.7506
-740.448
-39408
42133.2
20406.5
-31089.5
-49227.5
12511.9
-30892
-136783
-26021.2
76464.6
7765.82
-46691.8
-34369.4
-1193.55
-8239.27
27270.2
7287.31
-4936.95
670.026
6199.51
9811.74
4935.21
-634.319
7930.6
2227.9
-2191.73
2593.09
5276.56
782.58
200.208
156.008
-315.005
79.2209
472.247
124.923
862.928
214.589
-324.8
3207.29
507.877
-857.549
-1426.69
3867.27
-155063
-26002.9
135492
-44807.7
-73692.4
354.416
-38884.4
-8632.39
-37599
44314.4
-68798.4
-39020.5
2917.5
6314.07
-505.784
-3136.61
2266.54
5564.26
8374.05
941.139
-994.565
7590.89
1569.45
-6532.71
1131.44
3312.44
1439.49
150.477
448.608
1033.05
638.268
2897.96
1541.81
556.338
-3.68497
-101.374
-23.6884
1504.21
567.732
-246.473
-741.083
87639.2
-37491.6
71202.8
-76116
-124255
73606.4
47807.8
-42895.9
-104897
37581.5
-6938.34
-66882.7
9010.57
27984
-32606.4
-14112.3
2655.76
7217
7589.98
-230.512
-12616.1
4279.75
11625.8
-10365.8
-4033.46
1438.84
-224.053
-1975.36
-1331.4
-794.267
415.923
-109.235
2584.58
112.623
-1072.53
-1178.12
-570.727
566.502
1179.18
950.31
922.34
903.288
189330
-15531.6
-128759
-47798
42116.7
-60670.7
-59274.2
69684.7
-134932
48151
48763.9
-27907.7
30411.9
25841.8
-24994.5
-10814.2
-20375
7355.46
211.201
-14896.3
-7551.29
9968.9
5296.83
-9969.29
-3280.64
739.414
-34.7011
236.256
408.34
172.532
717.329
-1068.67
896.416
-643.339
-1256.55
-1281.29
-493.495
-243.82
44.5717
-329.401
239.642
-167.337
-82754.1
4702.11
152782
-156188
52957.2
8744.86
-23033.3
13233.5
56999
-72269.5
-31503.8
66144.6
34787.4
-78100.2
-37151.3
13496.9
25261.1
-1707.21
-11936
-14001.7
3053.37
5835.14
-8277.82
-6002.21
9222.42
4666.56
-721.39
-2733.45
211.98
193.884
1184.72
469.388
1169.14
1794.78
1307.74
1145.63
1664.88
-290.471
-1244.16
-2333.67
-1779.79
-2304.15
-11261.8
-112991
137397
128179
-36844.5
-116913
-149011
234529
58008.5
-85462.6
-28039.4
7845.15
29826
-33190.3
-5841.69
18097.5
8910.16
1542.22
-2905.73
-88.8081
-285.072
-6575.72
-208.552
2066.53
8704.98
-1109.18
-5725.19
-5235.57
-1625.21
161.908
1113.85
241.187
1562.88
2758.59
3203.77
2791.29
2917.3
-26.4678
-1210.12
-1813.48
-1331.61
-1018.73
-152081
-36955.7
252335
-212524
3814.06
-5536.05
78771.4
87627
137821
-122244
-52400.8
47821.5
33913.5
-35109.5
-7811.85
3060.47
830.227
-418.244
-497.849
1976.2
-946.389
-6019.57
546.466
4333.98
5984.27
-5094.14
-1602.96
-2137.55
-1201.27
-1635.35
-2217.62
-470.811
1402.72
1705.13
694.621
-1086.07
-856.45
320.841
42.5845
-216.932
-71.9063
90.9416
-116062
-74289.7
195076
-87791.9
-35961
-29557.4
76228.5
119253
105342
-139075
-47536.8
134870
3803.79
-26337.4
-19455.9
-19227.8
4276.47
9015.19
-8071.09
1045.47
9189.66
1510.9
-21.3143
5437.46
10211.4
-3512.94
1.19684
3237.26
528.021
-530.037
-852.012
674.114
-88.6037
-443.632
-649.897
-1928.6
-1999.75
-106.279
-961.152
-1516.88
-1383.93
-1507.65
-51791.3
155146
30514.5
-225168
46664
-23085.6
68085.5
86336
-8798.42
-55540.6
14684.8
33458.9
37042
1437.36
-19065.3
-13116.7
2973.12
6240.08
-15092.5
843.193
8361.49
-499.924
-4058.33
-886.284
336.349
1713.74
-63.4473
3072.59
1690.89
1500
2161.77
2816.72
486.814
-537.976
-517.353
-1008.76
-2191.86
-1500.8
-2027.46
-2237.95
-2102.12
-1919.69
-39500.1
60502.3
155246
-139135
28972.5
996.966
-79217.2
27478.5
45700.3
-35741.4
74819.2
15488.7
-94965.6
17374.6
40306.9
17998.6
-13503
-18808.9
-21553.3
3724.45
8087.23
-7232.37
-3665.96
-5804.26
-8043.97
978.493
901.883
-231.272
720.679
1155.29
1778.72
2253.55
521.4
-241.178
-756.631
-1156.67
-1631.26
-1357.15
-1213.57
-1387.45
-1537.99
-1384.93
114478
-152122
-2928.15
23172
171008
-179863
-14630.5
-16534.9
-35673.2
83750
-55818.7
-16210.6
8656.65
-1160.48
8356.37
12067.8
-10568.7
-15969.2
1486.52
4342.27
2511.83
-8957.91
524.912
-2630.14
-1416.48
2148.49
982.991
-518.381
351.534
-61.311
-177.967
-805.291
-1875.92
-2263.74
-1737.32
1558.24
1658.94
46.9577
-4.46945
-282.773
-402.637
-254.302
19282.3
-17627.6
9766.59
-42912.1
38736.6
32686.3
12984.6
-1229.76
-167780
81511.6
39220.7
-124777
33477.8
4645.98
19743.3
5918.64
-2161.03
-8093.24
2979.25
12496
-6665.42
-8684.29
-2645.19
810.452
1100.59
-1096.78
-1401.84
-1334.7
-1029.53
-1604.25
-1652.07
-2097.18
-2805.18
-2228.69
-1152.18
1693.07
1438.98
854.173
824.444
754.035
973.332
1025.49
264763
32547.3
-200325
-81467.5
-49048.4
10790.7
13315.5
170016
-312317
33743.6
343863
-267409
-16881.5
38520.5
26715
-10625.6
3229.71
15091.5
2220.11
9061.52
-11413.1
-2064.18
-2634.74
2185.68
989.805
-2581.15
-1502.37
-1286.05
-1294.16
-1466.23
-1139.67
-909.61
-872.182
-165.591
583.581
658.245
221.175
230.722
612.909
1577.91
1569.74
1800.43
366012
-17865.9
-227295
-109641
-22545
75969.5
148044
48847.7
-256161
-78459.7
231617
22057.3
58621.1
-53147.4
-36361.7
11928.7
6732.9
7308.28
16746.3
-5434.92
-3137.85
3882.74
1362.75
3178.75
1221.92
178.379
1490.46
1536.03
1159.58
799.25
1106.57
1214.13
1177.01
1403.15
1380.98
462.332
318.881
94.0014
62.0407
152.51
210.487
29.4119
189158
-41639.8
-52861
-39610.7
72046.4
114761
145448
-103889
-98789.6
-6077.14
113681
-17841.6
49942.2
-4938.34
-2466.71
-18471.4
2165.7
7710.18
-7612.24
-4645
3954.95
2769.94
1431.85
4460.07
2222.76
2278.51
3275.94
3632.44
2501.77
2098.44
2787.14
2539.34
1704.91
1407.1
943.911
-77.0469
-358.669
-625.342
-775.642
-756.88
-777.088
-431.455
72682.2
10206.9
-16431.8
-17715.6
-57157.9
97811.3
157496
-50320.9
-135813
27025.9
67468.1
172562
-157349
-16251.5
9186.65
18442
-275.228
8573.61
-23829.1
1263.22
5713.89
-862.512
-1535.67
1459.74
1711.35
1580.37
1814.49
1489.91
1499.31
1571.4
1498.77
783.965
276.372
166.822
86.7331
5.93357
-213.464
-472.523
-545.649
-303.387
-255.946
-603.756
)
;

boundaryField
{
    lateral_sides
    {
        type            empty;
    }
    outerwall
    {
        type            calculated;
        value           nonuniform List<scalar> 
214
(
-5833.56
-70708
20497.6
-18640.6
48996
-12356.5
-86237.7
73283.9
25023.2
-18200.6
49071.5
-42335.6
106726
39500.9
69818.8
-36653.4
59149.3
103653
-54802.9
70193.4
167191
-118727
82879.2
192755
63586.8
-57925.9
-227639
1816.74
43018.6
112468
-174393
-210343
106429
91787.1
-171349
88240.5
-60383.4
-160221
145819
71335.6
-177802
-180386
124894
298659
-170235
-81047.1
76045.4
66668.7
39854.9
207136
-184271
96309
200932
-119426
82404.4
71870.8
-184733
118363
-226379
-209772
38420.1
191709
181130
-171494
-266979
-202252
-468017
-240038
-41131.4
370035
594052
204589
-264339
-611416
217041
330263
337433
-569210
31039.2
887879
-354351
-250292
40933.5
672687
433090
-488414
-488039
344274
368211
397738
-454790
-503535
271092
512512
500712
569919
519848
472806
-494290
-710076
-706175
398382
768276
381928
-502020
-645041
18837.8
677573
-135017
-683719
-48401
558550
393065
-478192
-581495
-190887
866596
181727
100590
607774
404598
-320858
-518013
-33161.2
672381
-360154
-295826
435503
-173478
-253971
421484
262537
-447983
267498
206936
-272684
-567308
-372616
534200
168716
-277172
483882
-328841
-257995
446572
-347989
-252059
426616
42654.5
-418338
96134.1
354495
-223782
17515.4
-74662.7
-305769
-267533
15648.9
-257147
-113572
299647
404938
99171.7
-109380
-220393
16776.3
-105288
-80154.6
-250348
-307841
338574
23901.2
-311115
-200213
130614
-149859
-23330.1
-332569
-273782
-155820
-70721.3
5743.37
154361
147544
427632
-38992.7
6471.24
237354
-365368
-62786.5
-96923.1
-212976
-48642.8
219993
123781
-116952
16907.4
-251195
-163209
21707.7
152528
251720
-121161
-5915.86
-168167
-126803
-84310.6
-94933.6
193025
76505.7
360390
479719
310478
166891
)
;
    }
    longitudinal_symmetry
    {
        type            symmetryPlane;
    }
    inlet
    {
        type            calculated;
        value           nonuniform List<scalar> 
42
(
-8613.15
22928.2
-17272.7
-3330.51
-5264.53
-1751.76
2640.72
-2383.47
3330.76
-4432.45
-1608.94
-535.418
937.998
61.2375
-1585.29
-1213.87
-1280.88
-1181.04
-1169.29
-1071.87
-1010.26
-810.976
-1104.88
-1019.21
-1102.28
-1278.93
-1352.33
-1310.69
-1287.45
-1282.73
-1187.93
-1079.6
-891.488
-625.644
-359.58
-90.0182
222.963
568.279
898.215
1381.05
2379.39
3732.3
)
;
    }
    outlet
    {
        type            calculated;
        value           nonuniform List<scalar> 
42
(
166490
-3463.4
-38372
-3909.23
-129708
50218.9
221313
-11964.7
-159441
5415.45
67755.8
179359
-157260
-17740.4
7457.83
20711.8
257.559
10870.2
-25285.5
175.073
6082.63
-409.386
-1644.69
1431.2
1699.47
1576.54
1827.19
1516.31
1501.67
1549.57
1500.05
806.334
280.748
160.32
85.4453
1.84159
-221.114
-476.837
-545.552
-300.549
-251.984
-597.25
)
;
    }
}


// ************************************************************************* //
