/*--------------------------------*- C++ -*----------------------------------*\
| =========                 |                                                 |
| \\      /  F ield         | OpenFOAM: The Open Source CFD Toolbox           |
|  \\    /   O peration     | Version:  2406                                  |
|   \\  /    A nd           | Website:  www.openfoam.com                      |
|    \\/     M anipulation  |                                                 |
\*---------------------------------------------------------------------------*/
FoamFile
{
    version     2.0;
    format      ascii;
    arch        "LSB;label=32;scalar=64";
    class       volScalarField;
    location    "0.109";
    object      ddt0(rho,e);
}
// * * * * * * * * * * * * * * * * * * * * * * * * * * * * * * * * * * * * * //

dimensions      [1 -1 -3 0 0 0 0];

internalField   nonuniform List<scalar> 
8988
(
5202.5
-20214.6
-4007.66
35968.3
-1345.93
-9722.57
-26186.7
-6891.87
26192.4
-5304.66
-6665.19
-161.897
3438.59
2085.99
-1889.74
-3534.03
-3319.65
-2931.65
-2763.03
-2351.47
-1846.23
-1580.45
-1404.29
-1239.45
-1052.03
-928.475
-903.643
-1013.46
-1055.38
-838.369
-549.674
-395.54
-309.905
-151.532
88.2881
340.923
596.944
910.389
1359.61
1914.54
2722.61
3507.53
-6230.05
-12902.1
-58706.2
66032
41600.6
-109541
-25825.1
63027.5
11455.9
-40664.7
-23936.4
6198.74
-2304.58
-8658.56
-7575.54
-4546.76
-5009.88
-5147.61
-4718.24
-4813.59
-4378.25
-3979.96
-3870.93
-3752.14
-3448.89
-2767
-2492.74
-2537.65
-2456.24
-1572.73
-334.525
201.724
464.287
937.434
1539.28
2072.36
2562.62
3216.21
4038.78
4812.86
5121.94
5641.86
112669
-50409.5
-155568
-45849.2
162792
-99211.1
-23581.6
-48801.6
47419
43199.6
-40831.6
-35915.7
-5969.88
-6776.23
-11500.9
-10036.6
-8084.84
-8808.34
-8760.51
-8254.66
-7853.99
-7429.28
-7284.99
-7210.56
-6760.28
-5610.49
-4192.53
-3255.54
-2848.48
-1859.86
-701.207
164.202
920.745
1803.13
2939.41
3976.62
4829.13
5521.12
6028.35
6402.54
6471.24
7075.7
102067
-56615.7
-116919
-35315.5
14975.8
3940.38
85188.6
-148454
-9324.06
74581.2
-5659.31
-60509.2
-22235.7
7734.48
-14594.6
-16622.9
-10821.7
-10571.2
-10853.7
-9783.73
-9434.46
-9337.3
-9033.13
-8420.33
-7455.37
-6195.06
-4951.41
-3891.27
-2778.1
-1569.07
-477.486
563.96
1813.42
3128.96
4393.05
5435.39
6150.66
6546.07
6785.82
7056.75
7514.68
7838.16
12423.6
-24429.3
31566.7
-30224.2
-96413
-1846.8
50508.1
-20529
-41263.8
-3163.17
2672.6
-20689.7
-13674.7
-12060.3
-12955.4
-12390.4
-11745.5
-11894.9
-10770.4
-9742.7
-9597.48
-9733.22
-9442.87
-8164.23
-6834.26
-6048.79
-5383.82
-4233.21
-2223.05
-580.724
571.61
1850.24
3217.79
4420.92
5451.06
6368.44
6933.4
7076.82
6941.59
6721.05
6955.3
7767.83
-68510.7
12426
42348.2
32734.3
11688.6
-115735
-21649
86542.2
15506.1
-64779.5
-19950.6
10801.8
-15215.8
-11184.2
-9085.75
-9727.31
-10872.5
-11087.4
-9934.28
-8334.3
-8177.95
-9119.79
-8853.11
-6462.01
-4616.31
-4505.84
-4746.49
-3798.88
-1916.2
-522.097
501.741
1649.54
2854.89
3957.28
4913.67
5772.3
6168.11
6568.06
6522
6313.41
6359.03
6882.09
-36085.7
17323.5
-33864.2
-4794.87
95796.9
38303.7
-118707
-11547.9
49679.6
-5546.24
-18616.8
4552.27
-4947.48
-3808.66
-1719.62
1401.72
-326.844
-5905.2
-8122.94
-5023.79
-3578.62
-4880.69
-5763.19
-4264.11
-3014.35
-3430.98
-4049.65
-3431.03
-2494.31
-1995.82
-1498.91
-639.701
333.947
1263.19
2178.51
3126.24
4071.8
4928.83
5250.42
5111.04
5134.65
5539.59
55817.8
-10720.8
2227.7
-44588.4
-35322.5
77948.6
41670.2
-54232.7
-15127.1
21959.3
2270.48
7414.63
-1710.43
3808.91
4658.38
10425.2
6609.22
-2854.42
-5156.77
-756.462
270.472
-1197.08
-2090.14
-1214.06
-894.291
-1846.74
-2581.23
-2332.06
-2277.78
-2718.22
-3022.73
-2890.89
-2575.81
-2051.94
-1268.93
-299.081
908.395
2239.26
3235.51
3398.24
3012.87
2799.15
-43183.4
18865.4
64604
41154.6
-36897.3
-46385.3
40412.2
53564.6
-15866.4
-15189.9
16279.1
13599.2
-487.094
-29.1121
2997.22
2500.06
3706.15
4132.68
2713.41
4252.76
4533.86
5164.66
3693.92
2152.87
1056.69
28.0771
-525.427
-1045.86
-1959.7
-3094.47
-4002.72
-4622.05
-5037.36
-5061.16
-4633.5
-3806.78
-2717.13
-1563.95
-641.672
-169.013
-87.2032
-244.949
97270.3
-13616.1
-58305.6
-23210.2
58398.1
69009.8
-30068.8
-17855.4
21860.9
19020.9
12851.1
12372.8
11878.3
16092.4
12771
11139.6
13730
16580.6
16153.5
10468.4
8656
10418.6
10044.9
7873.64
5606.47
4232.35
3053.2
1310.57
-781.402
-2649.26
-4049.62
-5202.57
-6205.4
-6908.97
-7228.95
-7157.85
-6861.84
-6507.35
-6032.76
-5323.37
-4534.68
-3922.89
-2178.37
246.058
80278.4
30888.7
-89521.1
-19223.8
110876
36006.9
-18886
-3313.54
38518.2
18308.2
11142.9
17376.4
18750.1
15640
16124.5
17232
16893.7
13823.5
13683.9
15366.5
14198.6
11800.6
10894.1
10140.1
8344.48
5795.68
3041.47
486.19
-1726.84
-3732.62
-5657.16
-7471.54
-9052.8
-10313.1
-11282
-11958.5
-12182.2
-11882
-11253.1
-10822.9
-30781.6
31405
9239.66
89395.6
77513.7
-68531.3
-25539.1
59771.8
57105.2
2933.85
20057.2
31059
14459.4
20229.6
22608.2
16048.8
18619.7
20148.9
18202.5
15630.1
16177.1
18529.6
16796.9
14182.7
14107.3
14184.8
12854.9
10869.1
8764.21
6451.38
3780.76
678.078
-2816.13
-6439.59
-9723.38
-12347.4
-14349.1
-15853.6
-16861.2
-17201
-16963.3
-16693.5
161266
-18195.7
-103556
-24783.7
81025.3
95343
-19788.5
-22376.2
33025.1
53015
19254.1
27951.3
12990
25011.6
31773
16248.8
18585.3
21505.7
19651.1
18874.1
18186.5
20012.1
18805.7
16404.5
16032.5
15755.9
14882.5
13955.2
12979.7
11609.8
9502.27
6381.67
2172.67
-2814.33
-7885.68
-12346.3
-15784.2
-18611
-20290.2
-21293
-21993.2
-22289.6
24737.8
8442.27
86145.3
-58027.1
-59327.8
92534
89893.9
-9510.97
-16555
46830.6
39115.4
28997.9
9123.18
24025.6
34981
18550.1
20046.4
22874.4
20352
20050
20568
20960.6
19985.4
18890
17947.6
16873.9
16033
15155.2
14056.3
12791.3
11193.2
9028.04
6078.61
2142.45
-2822.66
-8644.27
-14652.2
-19780.5
-23841
-26349.4
-27779
-28723.2
-74589.8
35272.2
131829
58849.1
-70218.4
-45285.8
86251.7
79825.9
-9790.95
11274
43584.7
34435.1
14353.1
27026.4
29697.4
18019.3
21554.2
23723.1
20423.8
21117.7
21383
21016.3
21154.4
20319.7
18410.6
17228.7
16695.1
15442.9
13588.1
11526.6
9999.78
8502.02
6305.74
3891.5
461.65
-3744.9
-9990.97
-16705.6
-24009.6
-29356
-32455.3
-34004.1
-1166.65
28254.4
3643.68
60343.7
76683.6
-29417.1
-15987.3
60521.6
39299.6
5510.36
30630.8
23711.8
24113.5
34741.4
18402.6
17708
25440.4
23554.6
20280.7
20131.3
20990
21628.6
20550.5
19225.7
17844.6
16670.8
15798.3
14444.1
12320.6
10082.1
8165.79
6510.64
4764.94
2917.95
853.207
-1948.38
-6353.92
-13142
-20622
-27399.8
-33420.5
-37688.7
53500.2
-7339.62
8352.32
-29559
-3556.88
92400.1
24146.8
-13611.6
20473.2
36606.5
20755.6
8608.85
30801
30585.2
13233.8
22945.1
27014.7
19363.6
19682.1
19861
18663.5
19656.6
19932.4
17930
16091.9
15159
13928.3
12140.9
10049.9
8092.24
6300.21
4473.51
2583.93
768.28
-1080.24
-3375.94
-6419.85
-10445.7
-16304.7
-22868
-27878.1
-32462.4
-66268
35619.2
127720
39783.1
-93289.1
-39165.7
79075.4
59154.6
-17402
19115.9
24801.5
15973.9
27243.7
17376.5
15484.1
26448.9
20344.2
12058.2
16958.4
20630.4
16996.3
16472.3
16704.8
15370.9
13918.7
12585.3
11101.2
9558.18
7887.5
6234.78
4493.85
2424.23
187.174
-1895.68
-3864.4
-6009.99
-8388.16
-10828.4
-13616.5
-17008.7
-20234.3
-23805.6
6433.61
23805.3
-3931.43
20353.7
47417.5
4980.41
-1941.31
26174.3
18784.3
11705.4
19391.2
16997.6
20613.4
17391.4
11268.5
19134.9
17883.8
9104.83
12725.1
17781
15744.3
13375.8
13012.6
12456.4
10785.3
9318.71
7921.22
6731.18
5575.86
4183.09
2397.05
201.856
-2116.37
-4265.9
-6203.43
-7981.74
-9592.15
-10961.2
-11785.6
-12313.7
-13387.9
-13022.4
53538.9
8176.78
-23008.3
-64665.7
-1033.96
107530
12419.6
-34212.4
19947.9
24674.9
9497.21
9512.8
13715.4
16710.3
9781.45
10753.7
12630.5
9334.78
9961.35
12302
11916
10503.2
9654.99
8608.83
7201.63
6047.99
5025.81
4003.69
2851.64
1490.9
-180.623
-2116.81
-4053.17
-5843.14
-7446.84
-8734.95
-9573.34
-9861.33
-9213.96
-7352.38
-3986.06
-3456.95
-9659.08
32107.3
67904.7
2882.96
-107064
8372.67
81602.8
-14512.3
-14619.3
18552.5
9666.51
5607.55
8093.61
9548.83
10094.8
6435.22
4429
7794.09
8372.52
5341.38
4632.77
6717.29
6557.66
4458.26
3229.94
2669.46
2430.6
1425.89
-317.544
-1733.12
-2803.53
-3987.1
-5236.79
-6414.17
-7460.17
-8099.83
-7972.71
-6877.13
-4595.06
-1163.3
3515
5225.24
113333
-41855.7
-113273
-22967.1
97628.6
58732.5
-70281.2
-35771.5
26184.9
21959.6
-12661.9
3645.34
6090.84
667.919
5157.23
1575.43
-3171.84
1943.01
4204.75
584.105
-410.29
2301.39
2269.52
-26.8448
-936.51
-1117.9
-1063.73
-1951.81
-3346.81
-4014.46
-4460.88
-5204.06
-5807.41
-6049.72
-6026.78
-5474.98
-4009.01
-1626.82
1574.73
5033.54
8168.43
10245.7
7383.18
-8674.48
30732.9
-37951
-60009.2
37435.1
19646.3
-37689.3
-7829.26
7275.47
-8951.76
-168.805
-885.796
-3284.44
350.878
-5103.29
-9572.09
-4747.27
-1716.01
-4303.83
-6276.65
-4171.1
-2688.12
-3862.81
-4587.77
-4798.32
-5069.35
-5801.2
-6100.71
-5504.41
-5106.43
-5195.07
-4986.33
-4138.31
-2711.75
-687.291
1817.76
4468.07
7154.1
9634.24
11130.7
12029.6
12832.5
23832.4
27114.8
-43958.4
-113469
26884.9
79282.5
-31561.8
-54302.1
10162.6
-2593.03
-17861.7
-10784.5
-4049.39
-9299.49
-13157.1
-11759.1
-10243.8
-9098.67
-8019.36
-8572.79
-10360.7
-9908.02
-8617.78
-8814.28
-8825.49
-8434.66
-8002.96
-7266.58
-6056.51
-4802.95
-3630.86
-2158.79
-199.324
2175.42
4689.45
6990.83
8910.71
10540.7
12025.8
13133.5
13253.8
104744
-73238.4
-15720.1
-132447
-30663.4
127446
64815.4
-98636.4
-54030.1
33958.3
-22921.1
-30342.7
-12207.3
-9253.64
-21933.6
-21955
-15482.7
-14334.8
-15513
-14782.5
-14245.8
-14570.5
-13064.9
-11463
-11607.4
-11553.9
-10656.8
-8906.24
-6903.27
-4944.8
-2947.46
-861.204
1459.91
3958.04
6354.51
8399.09
10042.1
11355.9
12448.6
13448.8
14373.6
14578.5
-56055.7
7119.11
26516.6
2512.11
-9424.26
-65236.9
-17289.8
3646.08
-31256.2
-26586.6
-16503.9
-26732
-17674.7
-14666.8
-25422.3
-23490.4
-18145.2
-19270.5
-19879.4
-18484.8
-18216.1
-18210.7
-16025.9
-13448.3
-12585.2
-12158.4
-11045.5
-8821.56
-5874.71
-3157.69
-767.62
1559.03
4038.14
6485.95
8556.42
10223.1
11662.9
12871.7
13805.5
14544.6
15232.8
15531.1
-98772.4
-24265.6
17959.9
74131.6
62655.1
-188599
-50309.6
48441.1
-18354.6
-47678.1
-19987
-28373.9
-24426.8
-21951.8
-26264.8
-24466.5
-22944.4
-22007.5
-19780.3
-19166.9
-20172.1
-19568.8
-16763.7
-14773
-14751.7
-11817.5
-8571.03
-7585.85
-5356.94
-2713.81
-195.105
2390.57
4991.86
7334.21
9221.89
10801.6
12304.9
13663.1
14689.5
15306.5
15831.3
16125.6
12442.7
-31491.4
-44021
-41077
12139.4
-3529.15
-27977.9
-61839.5
-16421.3
-9591.84
-33041.7
-26611.5
-21243
-25154.8
-24608.9
-23910
-24026.9
-21405
-19669.7
-20041.2
-19868.4
-18068.6
-16327
-15553.5
-13819.3
-11426.6
-9495.67
-6391.62
-4145.42
-2947.63
-635.583
2061.41
4551.42
6541.66
8422.07
10363
12125.6
13692.7
14898.9
15624
16177.9
16389.1
-77542.9
20117.3
67425.3
-37945.7
-52374
-50247.8
6153.17
24412.5
-41112.9
-40132.6
-11447.3
-20875.1
-25696.3
-23979.9
-22908.8
-23519
-22152.5
-19330.4
-18545.8
-18975.3
-17916.6
-15449.1
-14120.7
-14175
-13434.9
-11134.8
-8355.23
-6596.29
-5569.34
-3699.32
-1083.14
1231.92
3179.23
5000.65
6893.94
8994.75
11086
12826.4
14152.9
15282.2
16192.2
16384.5
66139
-35366.6
34700.1
-135859
-44405.8
81291.4
19633
-58439.1
-35199.4
1461.82
-20712.4
-22783.3
-19666.6
-20335.7
-19857.7
-19459.6
-18197.5
-16165.2
-15272
-15115.1
-13940.9
-13013.1
-12934.1
-12978.8
-12411.5
-10394.9
-8419.7
-7241.12
-6003.74
-4174.77
-2183.74
-226.375
1682.61
3388.44
5024.83
7080.09
9378.06
11305.7
12782.8
14058.9
15327.7
15759.4
48988.8
-27766.3
-155920
-16513.6
162951
83174.2
-193871
-57835.7
67940.5
115.019
-32506.3
-13198.3
-14752.8
-11175.5
-10647.4
-16431.5
-13825.8
-10871.1
-12436.9
-12403
-10275.2
-9700.85
-10948.9
-11865.3
-10203.6
-8429.24
-8020.74
-7393.77
-5769.93
-4307.52
-3263.21
-1861.3
-25.0177
1693.03
3266.23
5166.05
7231.9
8958.63
10458.2
12012.9
13729.2
14346.9
20600.4
-18139.9
-115191
68150.8
132223
40027.3
-210659
-12128.4
107271
-30295.8
-27126
5733.9
-13478.4
-6091.06
-3951.63
-13128.6
-6324.99
-5225.98
-11035.4
-8459.81
-6741.43
-7581.53
-9688.12
-10669.2
-7296.34
-5832.43
-6721.39
-6421.22
-4755.57
-3857.2
-3579.06
-2709.6
-1248.76
182.166
1567.37
3139.12
4689.88
6095.45
7718.12
9518.51
11160
11898.8
8721.52
19974.3
21501.3
-21675.1
-120000
-1408.02
87911.1
61459.2
-86300.6
-25474.7
33265.7
-8855.29
-10422
2538.48
-4265.3
-7951.68
-798.806
-3672.87
-8607.62
-3657.83
-2733.94
-4606.59
-6402.91
-7041.37
-4765.98
-4318.46
-4972.24
-4403.95
-3390.31
-3202.84
-3203.95
-2602.54
-1715.16
-924.565
-26.1727
1058.03
2107.54
3301.63
4972.25
6635.93
7769.74
8501.14
-63754.9
34232.9
78674.8
-41286.9
-47986.9
-50065.2
61125.4
33147.2
-19108.6
-29101.5
22573.5
-14.4199
-1546.43
3311.72
-2524.17
-1405.6
-1.46172
-2272.52
-2192.9
-1262.29
-1550.23
-1738.11
-1740.69
-1802.12
-2282.49
-2635.65
-2471.07
-2155.32
-2141.21
-2420.44
-2453.26
-2032.99
-1632.64
-1466.08
-1170.15
-626.822
-11.8693
884.333
2197.92
3367.71
4002.53
4689.59
71122
-5006.78
-126298
-14727.6
144802
29142.4
-39689.9
-81377.9
31633.2
53803.5
-16119.2
-2392.18
11155.7
1071.83
2015.41
1841.66
-1500.81
1922.96
3078.91
299.239
-27.3552
625.944
954.925
439.901
-278.989
69.0737
46.3382
-569.354
-869.023
-905.262
-1030.9
-1178.92
-1370.24
-1636.51
-1771.8
-1707.68
-1509.65
-1062.11
-431.103
52.9646
274.705
834.782
37474.8
-17656.4
38762.5
-56256.9
-33547.8
78664.8
43111.2
-22517.6
-31320.6
34288.4
7948.85
-1716.15
7280.66
4741.66
5035.59
848.567
14.5394
5299.36
5422.25
3114.32
3385.96
2965.58
2309.1
1555.89
1304.04
1927.28
1485.38
520.26
241.935
355.643
222.551
-190.414
-739.363
-1314.74
-1805.04
-2192.26
-2469.96
-2605.26
-2744.77
-2940.87
-3058.43
-2698.54
-124963
19843.4
70632.4
130573
35716.4
-130171
-73354.2
83042.8
61592.6
-22888.8
-12390.7
15200.8
4307.2
2549.34
8059.17
3253.11
3895.69
7583.61
5116.75
3035.02
4022.5
4079.62
3397.53
3142.02
3414.94
3289.41
2171.1
1361.48
1463.45
1554.1
1141.47
518.606
-95.1026
-753.359
-1520.62
-2364.8
-3161.48
-3850.38
-4569.22
-5254.24
-5697.53
-5685.58
101387
-7177.59
-148697
-29220.6
155047
41250.3
-50552.3
-69128.2
30173.7
59141.6
-20022.4
-2345.11
9447.75
5504.39
5123.04
1385.56
6373.69
7475.78
4275.63
5376.42
5794.48
4068.34
3992.79
4924.01
5114.99
3897.69
2366.92
2409.82
2772.38
2476.03
1897.28
1296.06
578.859
-294.785
-1335.29
-2522.77
-3722.23
-4812.13
-5847.66
-6776.62
-7492.56
-7899.22
42738
-11297.9
58326.6
-126995
-56032.5
121191
59815.8
-59902.9
-41645.8
38756
20479.6
-9037.65
3322.21
10915.4
1351.72
4165.19
9185.77
3054.49
4840.32
8984.38
6442.96
3465.79
5304.31
5891.32
5219.42
4064.81
3336.87
4258.3
3808.97
2851.56
2464.08
1933.55
954.251
-183.955
-1404.9
-2717.77
-4057.93
-5362.47
-6577.55
-7599.01
-8448.01
-9158.97
-86599.4
13862.6
137595
17499.1
-10739.9
-167187
55471.3
115266
-6055.33
-65113.2
16243.6
13746.6
868.057
7091.42
969.949
10325.8
7246.38
638.286
10397.1
10647.3
2377.42
4336.95
8343.1
7213.11
3516.76
3522.35
5283.33
5305.6
3314.2
2999.1
3191.72
2189
762.216
-437.752
-1586.86
-2785.75
-4060.93
-5454.42
-6793.4
-7834.59
-8662.56
-9469.1
-50703.2
-27425.1
-13308.3
131464
6602.41
-22301.1
-103696
25000.4
72904
-7506.02
-27245.4
16857.9
9386.12
996.763
8386.66
10751.6
31.0994
7841.27
12768.7
4581.73
3669.86
8613.49
7898.51
3955.03
4236.85
5548.64
5790.16
3923.05
2546.69
3650.66
3190.15
1611.14
432.705
-559.398
-1666.09
-2765.25
-3910.31
-5206.11
-6574.15
-7551.33
-8184.74
-8923.33
135075
-32467.8
-158669
-30969.5
141276
44746.9
-21735.6
-99076
24601.6
65207.8
-18015.4
-4045.48
16415.7
2831.14
11284.6
6117.7
1096.52
15557.9
10902.2
-2838.36
6222.12
11596.1
5825.84
731.17
5330.33
7787.83
3843.22
2462.52
3814.72
3885.09
1787.64
545.389
155.043
-468.153
-1439.81
-2605.52
-3795.38
-4785.54
-5630.3
-6503.36
-7292.17
-7936.61
10633.3
36863.4
25568.4
10608.8
-192739
15834
133152
57733.9
-63319.9
-14338.4
18763.4
12976.4
9074.25
5364.03
13570.8
2711.88
7757.45
15748.6
4922.77
1813.12
8974.05
8346.71
2373.2
3051.53
6102.77
4593.76
1787.2
3613.12
3974.18
1659.69
989.51
515.65
140.559
-314.848
-1097.65
-2285.12
-3484.18
-4166.57
-4525.45
-5159.86
-5928.28
-6564.55
-33657
100417
46689
9971.72
-217723
-43610.5
213774
109030
-159744
-18163.1
72344.4
10145
-421.441
9925.29
5005.32
4535.37
12439.4
6498.04
149.285
7428.9
9410.55
3807.74
1910.18
4555.58
4655.87
1233.95
1567.21
4019.83
2993.63
857.036
442.387
334.408
255.44
-134.068
-875.433
-1821.6
-2660.92
-3091.2
-3307.26
-3799.64
-4432.95
-5018.99
67378.7
-5333.81
-132885
10960
143432
58087.3
-111468
-24288.2
60749.5
25930.5
-6015.06
7062.83
15265.7
4397.79
4010.33
8883.61
735.334
4625.76
11346
4611.44
-1911.73
3678.12
7661.54
3290.02
-1877.03
200.837
4167.3
2734.09
488.136
447.527
576.14
400.684
35.1894
-298.022
-573.388
-929.525
-1412.3
-1860.9
-2145.49
-2477.95
-2942.92
-3502.82
132927
-25705.6
-161196
-20531.3
158014
52951
-9915.11
-109174
19225.9
73751.6
-8935.04
-4589.58
7747.7
-5580.39
15846.3
13934.6
-15697.5
2816.6
17165.5
5033.95
-12292.1
2509.16
11468.5
2723.97
-6199.71
203.346
5862.05
454.456
-1632.31
158.994
959.463
661.934
13.2296
-433.741
-351.758
-3.61749
-75.4417
-675.284
-1134.12
-1289.85
-1562.99
-2080.03
60161.5
-64050.6
45342.2
-134527
-8982.12
143301
73958.7
-132975
-16764.7
56028.2
-6287.03
869.448
4938.69
-9394.78
17399.6
6039.03
-21490.4
10236.6
15046
-11602.8
-7103.98
7460.96
6573.89
-4098.3
-4705.05
2910.16
3785.98
-2193.1
-2111.86
450.103
662.96
608.018
338.724
-121.179
-54.6898
629.541
898.441
326.625
-178.666
-216.461
-335.239
-702.968
114738
-78081.7
-16350
-120585
-6558.13
188059
68887.8
-183059
-30427.2
74721.8
-228.763
-12585.7
4907.99
23.9996
2212.69
-13293.2
-9894.69
17882.7
9360.35
-21111
-5145.36
8845.13
2516.55
-6987.39
-2861.36
2582.22
-79.6791
-3022.07
-1434.77
254.835
101.76
469.321
609.166
178.472
267.52
1038.09
1404.74
1072.45
778.091
766.407
695.032
575.302
104805
-99653.6
-19356.2
-80217.7
8784.78
123913
38262.1
-117966
-3255.59
41270
-23475.8
-6494.22
797.388
-7720.86
-179.646
-19240.4
-2555.81
13811
-1125.97
-19119.4
-131.016
6833.56
-5132.65
-7496.84
-153.424
1907.61
-2631.13
-2593.79
-639.251
-326.584
-336.961
13.7296
270.486
391.984
882.745
1387.43
1475.27
1490.85
1588.52
1601.58
1558.69
1675.35
8298.24
48402.1
22897.4
-2995.4
-213765
-27974.9
206805
76439.6
-186584
-48551.1
57097
11367.2
-34984.9
2377
6148.72
-25217.7
-2111.25
5055.7
-13428.8
-2290.72
5217.89
-3057.37
-9177.63
-2931.12
1847.81
-1254.14
-3673.73
-2142.9
-688.935
-477.452
-314.117
-320.514
-138.796
500.059
1338.51
1557.12
1501.07
1786.32
2072.4
2144.9
2258.96
2545.16
-45044.1
-33182.2
36801.7
-22249.8
35479.7
-48461.7
21551.5
49261.3
-51734.1
-63295.4
38593.3
4975.51
-28217
3697.74
-5104.55
-10952.6
-28.1791
-6606.77
-7178.61
-784.42
-3526.77
-7760.55
-4221.44
-497.855
-1534.24
-3383.52
-2801.65
-1794.37
-1317.52
-804.722
-533.569
-417.926
-65.9391
699.446
1383.36
1439.85
1596.25
2054.92
2311.8
2444.15
2714.11
3028.21
51385.6
-21619.5
46566.6
-118721
-62703.7
135120
37378
-80335.2
-76418.3
42620
30782.9
-36606.4
-9263.56
-1151.57
-5695.26
1453.88
-8127.29
-12267.8
-2846.83
-1737.21
-6124.05
-4664.9
-1452.68
-1324.44
-2842.34
-3475.48
-3326.93
-2581.32
-1475.75
-944.223
-847.31
-323.583
167.636
542.209
1018.8
1336.85
1780.44
2231.52
2512.75
2702.3
2906.14
3072.68
-135852
77166.9
152959
25021.8
-246845
-36059
149807
41522.4
-103156
-22019.6
39983.9
-17200.6
-10585.5
851.691
-973.987
-5259.55
-2633.97
-2742.59
-9148.92
-7627.2
-687.962
-179.994
-4582.85
-5936.29
-3167.2
-1672.89
-2642.3
-2740.86
-1852.67
-1250.57
-694.618
-51.5968
259.811
403.49
673.057
1089.9
1704.4
2253.98
2544.59
2814.49
2961.52
2979.81
97369.8
-26451.6
-168984
-30017.5
160614
34248.4
-16405.1
-132980
8368.03
58968.8
-6266.46
-6395.96
-2333.11
698.844
-4609.57
-7238.8
-625.983
-2160.5
-5328.06
-460.817
603.411
-4654.52
-7717.54
-4534.6
-521.655
-1276.92
-3540.02
-2525.06
-1083.52
-1022
-1060.27
-480.843
36.3035
199.335
555.083
1097.09
1617.82
2033.07
2380.28
2613.65
2780.31
2918.59
90403.6
-78598.8
38356.4
-172156
-40983.1
192952
38050.3
-72207.3
-86980.1
21767.5
73515.5
-22730.7
109.883
9634.61
-21255.1
1300.74
15484
-892.547
-4145.77
-3089.22
-6592.71
-5955.35
-1690.74
-60.8278
-1492.11
-2829.04
-2514.14
-1565.06
-1527.23
-1657.35
-929.754
-55.4302
104.662
-25.4435
280.554
917.939
1453.9
1806.36
2035.77
2226.71
2453.19
2717.83
-139442
45311.4
156325
1064.25
-4081.68
-152050
48480.5
130252
-53203
-45942.6
23064.1
1862.76
20489.9
5918.27
-13009.8
14722.9
-3515.48
-31594.7
10850.2
18599.6
-12131.6
-11398.3
3975.08
5175.72
-3621.19
-3162.19
-575.538
-616.468
-2376.23
-2467.46
-403.412
356.214
94.354
-128.986
165.88
740.45
1204.04
1477.48
1629.36
1803.42
2031.69
2327.45
169107
-14308.9
-180838
-36922.7
152451
45340.2
-10259.7
-81518.8
25976.7
59456.3
-28302.1
-15038.1
22306.2
-13730.8
60.6656
27449.4
-9120.09
-34359.7
20996
26326.2
-18021.8
-7789.66
7292.45
3446.13
-6678.62
-1454
1924.45
-1593.51
-3137.43
-1590.48
777.692
705.707
-404.432
-426.426
209.217
704.108
962.151
1150.69
1301.65
1413.9
1495.54
1728.4
68585.9
-81352
84366.5
-102795
-27850.3
127987
89812.5
-165856
-13889.7
105343
5273.38
-47342.2
6586.3
11950.3
9431.44
3869.28
-21205.9
1088.46
20711.2
2944.83
-11753.9
1523.68
7237.6
-169.624
-4250.34
716.292
2022.85
-1907.95
-2759.94
-922.288
613.7
63.7583
-555.018
-54.7941
483.486
604.772
672.277
864.872
1015.2
1005.61
862.077
992.626
15322.8
-46969.1
-31787.7
222362
43805.7
-85226.9
-142652
94835.3
81279.9
-43277.8
-12676.4
10510.9
3565.63
10456.4
2082.47
-5730.03
-3008.56
8862.39
8364.41
-3416.79
-4565.06
2746.09
3489.71
-1967
-4011.09
1275.98
2592.81
-1187.65
-2116.42
-494.41
790.193
-335.164
-812.316
353.138
843.474
575.026
492.76
651.309
677.796
482.098
139.539
196.101
-74405.7
-46821.1
-9748.51
252294
12749.3
-79697.8
-195872
99842.6
182108
-91561.7
-80137
45624.3
30172.1
-6496.49
-11752.7
8497.16
12514.7
-13191.5
-1683.99
9692.71
-379.462
-3101.08
2015.34
2034.65
-1521.1
1303.88
2251.68
-1042.9
-1706.75
215.971
601.448
-1028
-587.395
931.889
999.692
434.727
352.818
435.548
270.073
-109.009
-607.452
-611.127
50660.5
-42151.4
16064.8
-181081
-1407.07
173234
58238.6
-94194.8
-4977.9
8615.64
-9303.36
22705
7655.86
-869.214
-10477.3
17260.9
7416.46
-26241.4
5035.64
16318.5
-6304.78
-3202.73
5962.26
4176.04
-1664.09
39.1605
1317.98
-461.216
-690.284
170.676
16.3462
-444.933
327.46
879.836
512.015
218.068
296.877
232.714
-109.418
-624.469
-1267.76
-1322.22
14836
80462.7
30175.9
-28561.2
-204879
23495.8
187929
54436.7
-185023
-9889.22
111654
-12023.8
-30766.5
-599.967
-2423.78
24280.3
-9595.8
-26923.6
22564.9
25685.5
-24191.7
-3530.05
12844
5142.4
-6218.64
-950.625
3705.07
786.993
-464.253
-338.217
-101.306
698.587
1195.01
504.569
-255.474
8.30669
241.891
25.3209
-418.497
-1052.78
-1833.58
-1916.12
-91073.6
56846.3
184314
-3324.44
-163682
-134000
98167.6
157680
-70261.9
-90494.7
35297.7
12731.9
3045.18
-14894.9
7180.44
24221.6
-38484.4
-11343.3
39049.3
24218.6
-41382.7
-1337.27
22251
9850.63
-16445
-2850.52
10203.3
2044.36
-2196.48
-684.583
1227.48
1047.44
879.366
131.946
-361.781
53.9213
274.144
-120.659
-940.245
-1474.41
-2228.09
-2277.16
233951
25930.3
-359592
-70386.3
308653
103559
-204111
-77577.2
131170
18260.4
-63496
7238.56
13903.5
-19806.4
3698.3
21217.1
-21380.1
4319.09
17067.1
-13325.9
-13436.4
17595.9
12582.4
-15129.9
-9933.31
10701.2
9936.15
-1978.75
-1534.01
1044.41
789.274
634.362
536.379
26.8713
-43.0928
61.7854
43.2778
-355.628
-1079.34
-1736.22
-2413.11
-2458
-61688.2
-24757.2
-83010.7
81575.5
235795
45015.2
-299306
-109790
204646
83152.5
-82696
-59662.1
50323.4
-11675.1
-8588.69
-863.129
-4058
16877.9
-804.951
-29327.8
10585.1
18659.3
-6134.86
-13819.4
5181.8
10751.2
-1084.03
-2770.76
1119.93
1354.12
-24.3545
379.674
368.562
96.1461
102.178
246.622
98.7659
-663.893
-1360.9
-1746.17
-2386.66
-2508.32
-45110.9
-27227.7
40373
243719
12069.7
-202077
-170995
182738
143192
-137951
-87230.8
57516.4
15731.7
-4386.21
-2404.47
-20480
18143.6
11711.1
-36007.5
-1187.72
21962.9
6191.26
-17169.4
1661.03
11617.8
37.4339
-4960.23
718.056
2671.45
-935.27
-280.541
924.52
227.295
-55.6088
-88.7252
14.2998
-190.179
-779.24
-1172.17
-1560.17
-2235.39
-2475.14
-68909.7
-63246.3
-99100.7
296091
159383
-273179
-228270
253575
88682.3
-148722
-42534.3
70000.5
-18845.1
1448.43
-12477.5
-9089.33
18857.3
-7228.47
-10833.7
11505.8
1983.23
-9108.29
4474.62
8108.52
-1884.79
-5029.52
2158.95
4012.08
-945.324
-1197.18
410.988
43.7431
-384.782
-225.425
-44.2406
-115.34
-497.608
-697.621
-909.451
-1431.82
-1952.01
-2379.9
-139467
31006.7
182456
13700.6
43118.8
-323132
90544.6
255949
-114403
-123540
97553.4
5329.14
-30534.6
6462.72
-8230.56
5547.15
4723.95
-1286.31
5601.04
-7757.96
-10772.5
12742.2
12520.2
-6546.42
-9611.85
3510.7
7456.13
-963.67
-2939.36
693.606
1144.72
-550.36
-525.058
-306.143
-127.225
-275.503
-600.537
-551.622
-734.36
-1315.63
-1505.23
-2177.63
-339773
103284
380248
-40791.8
-208825
-241326
172259
272346
-224480
-60275.3
122952
-24064.1
-28401.3
8501.11
-88.7896
7111.27
-5358.73
5347.39
1697.16
-16218.1
5595.03
15300.8
-851.907
-10029.7
178.632
7014.86
1343.12
-2718.8
94.9223
1143.9
-782.989
-748.183
-84.2617
44.161
-105.8
-427.255
-565.526
-427.667
-710.207
-1213.89
-858.025
-1783.86
-365278
272392
416888
20097.1
-588263
-114900
440387
27647.6
-230199
26944.2
100647
-65447.2
-11638.1
23821.1
-3556.42
-7015.61
9978.24
7539.38
-17042.2
-703.987
17178.9
2626.74
-10815.2
-541.716
6714.04
1420
-3152.24
312.952
1908.44
-1690.33
-1626.84
310.891
295.271
62.9596
-289.767
-604.804
-536.982
-402.282
-747.794
-1035.48
-18.353
-1151.77
-98441.8
200604
182093
-201472
-369956
141755
312470
-155645
-158131
150034
19546.1
-87227.8
23290.1
23589.3
-7236.79
-1000.1
8306.35
-8563.5
-7245.47
15777.2
7518.55
-10586.5
-3827.16
3257.14
105.942
-2692.42
1378.66
2760.09
-1301.5
-1834.34
380.629
426.425
-243.136
-500.361
-721.392
-714.591
-333.152
-233.732
-535.853
-613.986
755.011
-529.54
281477
-215090
-118304
-264389
-14381.1
472358
59339.4
-369249
-16796.5
248503
-34726.8
-86018.6
61263.2
-7834.78
-20551.6
25396.4
14183.2
-30884.6
7720.87
20482.5
-16690.4
-9262.32
7818.37
4409.2
-5445.11
-339.453
5306.71
1333.85
-3188.08
-1084.52
1004.01
73.3088
-434.765
-848.641
-1276.66
-923.939
-230.45
-132.171
-177.773
14.8916
1373.57
13.6476
170583
-41035.7
-450077
-68798.1
561769
180060
-466550
-239348
366757
32850.9
-119961
23546.5
35539.5
-29500.8
14789.5
36889.8
-29341.4
-19102.8
29821.2
5283.2
-26021.5
8330.95
18828.4
-3236.24
-7407.91
2612.28
4801.63
-1420.18
-2435.34
-1146.53
-670.423
-149.593
-185.334
-930.626
-1440.65
-706.326
15.0305
6.22801
107.408
443.537
1696.2
486.682
-42665.7
-88577.1
-177498
411405
240192
-270440
-327316
222275
225727
-195772
-40230.2
125756
-41047
-8098.93
42883.3
-7403.7
-36820.2
26647.3
27896.9
-28024.4
-8949.48
19839.9
11395.8
-5122.73
-8000.84
-4135.65
1740.08
3571.66
-19.2186
-5506.62
-2576.44
1896.92
249.436
-1181.51
-1084.76
-228.762
179.444
244.927
423.122
692.703
1751.27
832.657
-322367
120014
447949
-32139.1
-160349
-386340
170752
439301
-187033
-192295
171380
25059.2
-64984.8
31887.2
25379.7
-32247.1
10606.5
30143.2
-13497.6
-15565.5
3576.13
8039.79
4682.25
-2258.45
-12312.2
-8834.02
6912.3
6886.97
-5092.64
-6636.92
1180.85
3485.29
-518.155
-1361.08
-581.871
24.7183
171.409
490.83
654.875
802.953
1671.82
1113.81
8812.92
189418
120110
-205846
-362731
149893
333145
-115140
-189686
102062
53834.1
-52165.8
-2410.48
18456.3
-5392.49
-4789.34
10227.7
-1186
-7672.35
-4825.91
-296.297
10803
3316.53
-14087.2
-16424.7
3765.35
12501.2
3216.62
-9193.98
-1767.41
6168.31
-27.8647
-2360.34
-698.147
27.7319
-152.616
-50.0643
736.106
989.628
967.462
1488.84
1289.64
390439
-185717
-207575
-411522
29410.3
639216
34083
-400092
-14416.3
218086
-63704.7
-64983.2
51870.7
-5985.65
2296.4
4549.85
-15035.8
8410.06
837.769
-29278.9
3557.01
24587
5282.53
-35583.5
-7920.9
20604.5
9854.32
-13240.6
-6219.88
9117.61
4576.29
-2970.41
-2112.15
-596.057
-155.656
-93.4788
422.598
1105.08
1290.89
1237.29
1163.4
1124.75
190329
-55669.7
-569427
-34391.1
558340
31121.9
-437842
-23331.8
291477
-26875.6
-108492
42645.1
23934.8
2619.65
682.787
-12839.2
15992.5
10347.4
-41007
-13969.3
40117.1
15872.2
-40618.6
-10395.3
23237.5
12227.5
-12550.2
-12641.6
6854.76
8172.45
-2463.72
-3780.49
-1251.54
484.123
-399.543
122.75
890.82
1302.31
1240.93
1224.05
815.006
816.66
-235840
103780
252532
91845.8
-155367
-151374
155716
160595
-194072
-25303.8
113822
-13676.3
-23293.2
27071.6
14384.6
-29770.1
15951
9454.77
-40679.5
16941.1
24582.5
-18294.9
-33533.3
18832.9
21636.8
-2726.17
-19966.1
1245.26
11098.1
-496.132
-6047.91
-4134.8
1064.55
1276.09
218.601
360.418
752.326
1096.29
979.531
887.858
694.813
754.123
-337092
278913
258743
-229880
-302046
135862
344989
-198498
-164967
160916
35096.9
-58223.5
17647.6
10729.1
-26058.1
-17452.4
27464.1
-12675.9
-20304.6
30750.4
13760.8
-42186.2
2203.01
19901
1592.41
-24173.5
-696.329
13978.9
1147.71
-8717.05
-5277.48
1487.82
1781.18
1203.44
792.143
493.145
332.778
230.585
451.955
561.158
949.154
1013.35
420865
-144340
-334645
-18112.6
436020
166881
-370093
-240566
313277
156403
-189283
-63377.8
68185.1
-37116.5
-39735
19992.1
23464.5
-25469.7
8215.92
6234.57
-40211.4
-5606.29
34502.9
14136.7
-40545.1
-12847
22204.3
11333.4
-12403.7
-8906.59
3068.96
3870.07
1119.62
1613.68
1290.25
454.682
-231.751
-544.122
-56.1213
404.689
1366.62
1469.8
-116722
-7423.85
-73421
432957
123764
-385864
-286204
277363
319914
-329835
-102551
133605
8023.53
-53033.9
-11912
37649.1
-12486.6
-15618.2
3536.59
-26154.6
-23704
30390.3
19395
-8797.36
-35994.3
11885
20901.2
259.067
-14513.2
-2158.57
7496.19
732.353
990.367
2168.69
306.509
-756.651
-449.183
195.473
140.081
530.381
1458.07
1562.7
-325670
112141
468518
-26296
-116324
-509282
166091
460998
-130761
-289486
39380.8
169692
-37262.4
-52056.5
9144.83
45673.5
-25872
-16508.9
1563.59
-36149.8
-12532.8
47722.3
16931.3
-29100.9
-19947.9
22207.8
15872.7
-8624.67
-11832.5
1810.51
5548.68
-1483.08
-35.4532
1398.26
-438.919
-990.008
-132.118
1115.73
644.017
875.743
1302.73
1287.55
-500366
319357
400700
-64925.6
-567886
-98414.5
658289
38607.8
-496937
-15383.8
243236
29632.7
-68303.9
-35564.1
34222.3
28008.6
-38524
1032.29
13284
-44681
-10340
55020.6
17710.8
-23184.2
-29656.1
21142.1
18968.5
-3714.73
-15696.5
-2109.68
7082.84
-337.662
-1504.11
-881.42
-801.174
95.8629
1166.88
1580.59
1064.59
998.224
782.092
621.094
75580.5
-152264
102552
-347490
-129407
513224
385566
-467112
-268828
224164
69671.2
-18865.3
-38560.8
-13454.7
40856.1
9315.06
-45671.9
14600.8
13374.6
-57976.2
-3597.17
75004
11726.5
-47184.9
-30269.9
33875.3
21086.3
-4559.52
-19206.8
559.595
11248.5
-666.055
-2675.74
-975.722
670.887
1268.16
1596.91
1290.42
852.168
712.143
132.486
-159.467
476219
-178285
-515571
-180074
345914
347440
-141418
-148724
91581.4
-53985.1
-58294.9
87756.4
-49611.3
-27653.4
41826.1
-18368.5
-15107.6
14181.3
-28132
-26680.2
31339.9
29689.9
6984.56
-59214.2
10202.2
35379.9
11350.5
-25902.3
-5808.35
16481.4
7296.25
-5341.94
-2588.15
3365.29
2466.04
1870.14
1406.02
447.638
123.729
163.549
-376.754
-809.548
-92759.5
-87464.9
-116673
383075
176420
-214915
-265911
189479
276065
-337607
-69367.6
179781
-32472.8
-20813.1
23458
-33663.9
5777.76
14702.4
-43725.4
-5649.53
55633.7
12044.2
-57878.5
-3061.08
35575.3
12569.4
-25544.1
-9759.96
19404.4
11501.6
-5190.1
-4517.18
3087.01
4620.93
1310.69
1390.2
1036.07
-310.382
-655.938
-247.347
-431.819
-948.035
-225940
-32618.7
462949
117626
29620.6
-604488
-37790.6
511120
-75734.2
-225837
22811.2
123939
-29652.1
2314.56
-5564.9
-22628.7
26047
-4220.05
-29973.5
30360.8
17120.8
-37150.3
-10083.2
32318.8
10388.9
-23244.1
-21489.1
18012.1
17891.9
1880.4
-9805.71
-2254.6
6790.82
1157.63
-587.667
310.193
249.718
-680.773
-711.536
-93.9051
-126.685
-644.482
-85514.8
195965
26749.1
80488
-559702
-133386
563017
137773
-424831
-60063.7
228471
-19158.5
-35702.1
8657.69
-20016.8
170.228
39577.2
-16455.1
-17882.8
15914.9
-2964.44
-11104.3
15365.9
9536.68
-4130.54
-33168.6
-2472.55
21734.8
7719.13
-7999.84
-8125.78
2854.14
4860.93
-1567.17
-2045.98
-998.567
-539.606
-389.175
-23.8391
423.78
125.903
-360.009
373197
17229.2
-150246
-485717
-26992.7
475381
201646
-402626
-135284
324757
-31544.4
-149518
28293
44291.4
-38864.8
34525.8
51933.8
-61374.8
-20761.7
47873.6
8173.58
-8882.55
2075.47
-4631.06
-18225.8
-13057.7
6377.97
12422.9
2865.34
-8820.12
-9025.44
247.996
3204.54
-1248.2
-1992.14
-1380.01
-817.898
59.7177
397.795
508.142
83.1857
-219.51
364562
-82293.3
-463897
-145592
434366
189984
-258131
-292703
285389
285220
-412769
-109418
202166
-2500.49
-54742
86440.1
31123.2
-105450
-12271
92804.6
2175.53
-24155.4
-2364.07
3548.98
-7874.83
-12917.9
1401.68
11545.2
2745.74
-7426.02
-12199
-2390.25
4627.3
-96.6311
-1252.94
-511.477
-179.588
354.905
247.34
74.6716
-328.464
-433.052
204437
-36120.2
-407861
-5961.4
419671
41951.7
-485186
-56760.5
520365
-59565
-296225
-31006.6
203908
-67399.8
-22989.8
87122
-17380.4
-67568.6
9615.93
55966.8
3866.61
-19914.9
-4034.96
18181.5
3747.94
-15984.4
-15040.8
8170.1
7916.55
-3358.54
-10380.7
-1267.38
5643.65
832.052
-456.42
18.2886
105.777
158.266
-88.4409
-386.424
-764.342
-840.887
-39362.2
159505
124487
19630.2
-279299
-151851
350008
87946.4
-145629
-153486
78434.8
126731
-67581.6
-37577.9
52565.9
45872.9
-22214.8
-20421
3472.41
16191.3
10596.5
-13029.7
-16032.5
13914.8
9523.63
-10923.4
-18246.2
6965.74
10792
-4060.75
-4334
3349.44
4495.27
1132.14
154.445
173.265
-92.4576
-632.264
-843.191
-979.35
-921.939
-972.197
-198659
232423
353038
15854.1
-551759
-132997
577541
32437.3
-372359
-40994.6
238574
-43897
-63458.5
54380.4
57907.6
-18675.3
-24693.2
18210.6
-10412.8
-11007.1
24615.4
796.183
-28665.5
5931.52
14700.1
-11772.7
-4443.07
7489.68
5105.84
-2234.83
1504.08
4356.9
2549
2031.32
734.501
-1253.76
-1623.56
-1617.11
-1377.42
-1334.12
-674.943
-596.994
-156542
246905
446460
33441.3
-734000
-215958
715762
60198.1
-353131
-32130.5
159337
-73795.8
-21590.5
81784.9
15052.3
-40015.3
5352.93
28454.6
-47614.9
-16660.7
50873.9
5378.71
-32750.6
369.438
14789.1
-3131.44
2733.18
6737.8
931.093
913.448
4258.67
3267.13
1440.65
700.022
-406.44
-2411.71
-2522.02
-2113.59
-1671.83
-1397.09
-330.528
-161.421
-209016
341550
379656
-40968.5
-839480
-16901.3
818082
-96194.8
-395248
58152.2
164454
-89464.3
6680.4
29079.5
-3678.05
-5821.21
28549.1
562.54
-57205.7
11396.2
58354.8
-21080.5
-22043.5
12205.8
12556.9
-3071.44
2197.73
5877.85
2366.43
2520.1
2951.62
218.62
-1620.68
-1390.02
-983.689
-1854.65
-2287.36
-2069.78
-1733.1
-1198.05
-42.2878
144.091
9275.44
165520
143301
-336918
-345783
228226
576648
-346199
-302004
279358
37334
-78834.4
48315.6
2946.5
-2859.82
67.5049
20309.9
-18689.4
-31380.5
60802.5
40240.1
-57802.9
-12228.3
34230.8
3294.29
-7995.2
1557.4
3427.63
-2383.19
452.479
2675.69
-943.201
-3186.22
-2131.69
-794.333
-585.393
-1307.27
-1615.84
-1293.57
-720.777
-235.527
-26.7278
372140
-383907
-68616.8
-351352
-31657.3
824228
11912.2
-454172
-40237.3
253172
-44002.1
-40525.8
59221.7
-20865.2
-487.884
2656.57
12940
-22151.5
9218.62
64403.8
-3529.14
-45546.6
9124.25
31883.3
-16752.4
-9534.25
4875.81
1060.86
-2789.81
-472.753
-107.01
-1190.88
-642.245
-362.9
-320.792
-234.201
-403.93
-734.136
-1054.15
-915.714
-763.228
-527.588
610172
-349188
-544687
-179745
373344
533181
-372508
-371289
435323
5616.34
-142812
81758.2
8106.42
-32151.4
7532.37
4485.63
1090.58
-16227.3
51479
32490.9
-58864.5
-18266.8
41923.9
16234.4
-20548.2
-5993.24
4884.76
-2226.46
-1527.65
1200.88
-431.366
-704.86
1030.98
950.84
460.322
548.778
-164.175
-954.937
-1452.65
-1410.52
-1018.55
-814.151
506548
-99655
-724556
30341.1
792317
-230527
-509239
127263
360925
-148673
-85291.4
135754
-65745.3
-13717.2
21493.4
-4633.4
-15236.4
8454.86
56796.1
-10801.5
-51139.7
6084.53
38663.9
-14063.7
-16013.5
8594.06
8932.46
-4285.61
-2189.44
2358.61
1366.83
691.558
984.236
165.25
98.3287
847.097
-342.055
-1880
-1875.76
-1372.54
-883.737
-715.126
-398158
-41910.5
-43640
672817
108707
-717956
-80385.3
648166
-91342.5
-225622
165239
13166.3
-77561.5
40171
-1975.14
-19638
-11240.7
23803.1
30364.7
-42272.3
-36656.4
28142
32632.4
-23711.9
-13908.5
11953.2
7765.8
-3453.96
-1367.7
1837.6
1764.87
1693.81
514.295
-1917.96
-1721.7
193.587
-201.467
-2176.52
-1213.48
-306.274
-684.505
-554.356
-693379
278063
872031
65581.2
-631069
-386083
454803
187851
-215902
-17719.3
137392
-103461
-20837.3
55786.1
-35952.2
-19860.5
-12284.6
10537.6
40166.5
-30140.6
-45157.3
10146.1
35888.2
-15910
-10480.5
9970.06
3457.1
-4810.42
-2073.83
1253.15
1348.04
576.788
-206.717
-1962.08
-3089.52
-1058.25
-119.366
-1599.57
343.471
1292.79
-540.439
-540.146
-359221
437610
424201
-54404.5
-802556
-66483
760520
-136057
-319557
147930
88959.7
-133959
-5368.66
39066.1
-42285.1
-21219.5
-19044.7
13467.1
50993.5
-35136.5
-51571.7
6198.6
38540.6
-11986.6
-7445.3
7978.97
-813.715
-6451.28
-1174.87
1501.1
-581.911
-2975.71
-2225.82
871.389
-1531.65
-3396.06
-1748.78
810.398
2464.96
2416.66
-734.016
-386.982
178423
6949.76
188414
-555074
-217049
499064
409931
-524374
-203273
415444
-69217.2
-176938
41618
35474.9
-45607
-24450.6
-14840.3
27147.1
38231.7
-52155.3
-43923.4
23303.7
34745.2
-14394.3
-6835.71
6116.18
-4247.8
-4915.39
1961.51
1840.16
-2432.95
-5605.57
-3198.46
1464.28
1307.84
-3613.6
-857.015
3258.61
3652.58
2416
-724.913
-400.448
701117
-247441
-632805
-273581
322340
589237
-297569
-396997
336958
127144
-250977
-92856.2
163709
-13356.3
-56959.8
-14585.8
8936.63
25517.2
15649.6
-50084
-30746.4
38252.6
24957.8
-19204.9
-8467.41
7144.41
-2606.89
-1400.95
3108.35
542.801
-3081.57
-3649.75
-1220.25
401.627
-112.288
1088.32
2294.03
3400.99
1835.07
908.116
1.48787
705.429
252815
-171976
-490365
247688
588068
-204696
-438907
173925
465714
-466287
-224285
268611
75080.2
-61005.5
-60154.1
18454.5
30435
3634.96
3769.93
-34842
-17220.7
41935.7
11946.1
-23303.9
-9595.92
9572.69
1490.01
933.555
2202.14
307.555
-299.848
11.4281
-362.508
-56.9008
2208.64
2533.28
2609.01
2068.42
-880.752
-66.831
782.972
1686.13
-699607
114417
517926
238772
-174783
-422221
180234
493237
-235680
-431073
186196
184937
-30010.8
-46645.8
-38836.2
47073.9
18800.7
-16072.8
5895.49
-19829.8
-7309.1
38957.4
1138.16
-22739.9
-5891.58
12713.2
2424.86
-507.802
1110.28
2405.36
2070.58
1031.63
214.953
393.041
1910.62
2461.98
949.309
140.99
-1215.88
-224.007
579.282
1368.87
-192408
319977
219274
-222640
-549780
66835.2
706305
-150930
-495164
85210
249794
-85835.7
-28195.9
4008.2
-15898.4
38237.3
-7389.73
-21989
11235.6
-12597.6
-2718
31242.6
-4742.94
-16951
2038.71
13678.4
185.943
-2395.41
882.396
3273.99
2458.77
-202.8
-724.661
-194.947
1209.47
2232.97
780.868
-960.1
-777.809
247.359
766.113
1175.24
536380
-294178
-489869
-229977
75889.8
697607
-70768.9
-580762
43747.4
366363
-121847
-146895
93763.8
-3210.01
-16532.8
15645.1
-19909
-17341.3
10319.4
-13743.1
-2038.33
23767
-6426.65
-11765.3
7490.64
11092.7
-1780.8
-2486.08
2062.92
3630.79
959.367
-1002.79
-1108.23
-466.983
1055.17
1583
291.131
-667.011
-274.828
774.704
1009.41
749.83
29176
-90615.7
-227245
69563
558313
-14976.1
-680255
3133.71
513193
-159224
-248300
114435
45178.2
-49678.9
-6890.02
5855.71
-17723.2
-7482.67
2817.9
-18154.8
1020.89
20426
-7896.19
-9950.59
8042.49
6617.74
-3514.76
-2286.3
2747.67
2764.89
-151.411
-1089.37
-602.129
83.5587
1028.97
854.647
-51.9219
-297.151
396.593
1271.86
1099.72
378.82
-443398
90834.8
174654
520953
128152
-805455
-281198
786949
-18304.9
-332725
-45951.3
194373
-103151
-35788.5
41674.6
-3960.63
-17619.7
1198.95
-8541.17
-19290.2
10430.1
17502.5
-13508
-12414.3
6404.16
3323.09
-5064.08
-2349.13
2517.31
1029.77
-1039.35
-612.209
425.664
928.912
911.727
158.892
-229.302
257.886
1125.47
1550.18
970.298
134.783
-260556
161608
752522
36058.9
-878346
-418669
546018
375443
-457949
-187150
389131
-75246.6
-180751
66198.9
58819.2
-29577.4
-8845.63
4561.57
-22361.9
-13435.4
21853.7
7814.37
-20122.1
-12787.1
7090.83
728.552
-6288.18
-2213.2
2171.25
-486.775
-1629.04
4.41754
1451.97
1630.94
681.424
-276.438
-130.646
871.968
1614.47
1384.09
696.705
172.375
126749
33601.3
137505
-441824
-367754
371384
483914
-379541
-446879
522287
69690.6
-219807
-69937.7
133858
-6038.24
-36379.9
13786.8
740.297
-19972.9
4608.34
18637.2
-8226.47
-20435.8
-7357.66
5476.72
-2219.69
-5473.42
-616.323
1882.33
-1499.51
-1857.32
531.912
1968.51
1763.61
378.696
-375.153
209.851
1393.29
1673.13
858.895
419.064
528.924
525978
-164424
-765721
-205157
483793
407067
-307571
-454892
350677
200423
-222910
-99744
131946
-1878.39
-29759.5
5157.5
10342.2
-22056.5
-921.458
19766.1
-3264.95
-13402.6
-6293.61
-1561.79
-944.893
-2140.71
-1807.54
167.77
411.619
-1721.96
-1407.92
771.695
1684.08
1248.84
61.2755
-233.579
661.341
1696.53
1359.04
280.083
268.624
1058.66
-78136.4
-148478
-206965
481684
300094
-327019
-509494
276766
457636
-368938
-148185
220843
5496.05
-41909.8
8528
20696.2
-16133.9
-21347.9
27061.8
4284.2
-25650.6
-4040.11
11925.5
-1265.06
-2043.12
3378.07
430.593
-2456.76
-1574.17
-597.626
-595.609
18.7811
672.263
417.157
-215.562
-42.1296
1035.73
1727.61
943.227
1.31808
383.131
1574.67
-698805
130116
435000
356571
-154706
-676773
150959
646173
-211958
-338943
190536
109311
-76932
-3064.63
13496
7588.29
-27145.3
-2544.51
37485.1
-12295.9
-21856
12545.6
11474
-4390.52
2734.21
7745.35
-2053.24
-4951.01
-583.801
1771.64
-790.614
-1497.92
-445.306
-382.609
-515.843
55.1115
1231.46
1537.28
664.532
168.293
757.106
1818.15
-400902
377642
605878
-81830.3
-937331
-99022.3
904721
-23928.4
-521628
13658.9
346089
-91869.7
-69535.6
18687
783.078
-2539.88
-24125.9
9650.62
25536.4
-11642.2
-450.912
20015.6
-273.7
-4654.81
8218.34
3848.05
-6464.44
-4227.37
4581
2854.56
-2277.37
-2362.18
-966.669
-1168.52
-1038.2
-17.6706
1150.23
1136.62
568.859
670.625
1234.97
1660.41
301287
-306342
-42290
-397857
-99186.6
544329
333646
-542438
-252872
578027
-40185.9
-189200
49059.4
50385.2
-15202.4
-2283.83
-10919.2
10254
8439.94
-5245.63
14851.7
12625.4
-7859.92
-2560.64
6541.81
-3869.65
-7285
2068.31
8741.6
213.074
-3370.12
-1458.44
-945.141
-1904.17
-1542.31
-206.554
626.914
506.614
586.339
1217.05
1526.29
1135.77
-169985
20823.6
290895
56115.7
-157623
-56057.2
28474.8
10911.5
19683.9
68855.8
-70060.2
-37408.3
69618.6
15539.3
-14113
1351.35
-2164.61
6572.56
-1866.44
75.2927
17374.8
3116.66
-7985.55
-335.981
-418.088
-7344.47
-2707.96
9020.96
5072.89
-3675.02
-3143.37
444.598
-826.483
-2013.07
-1478.11
-552.497
-390.253
-241.081
590.331
1410.68
1325.11
409.493
-396223
243678
629511
-3511.72
-617886
-261358
690409
99181.5
-368650
-102501
204082
-22491
-28195.9
17745.5
-1474.25
1663.23
4708.46
3764.31
-6919.78
5120.53
13171.4
-4983.55
-7383
782.813
-2169.3
-3948.32
4003.67
8045.97
-2304.84
-6049.22
-1780.17
1274.85
-635.815
-1171.39
-886.555
-1136.44
-1449.91
-816.183
438.849
1062.34
648.925
-242.105
173342
-14674.5
138753
-366380
-264875
460914
419042
-407744
-378087
445197
36818
-151417
8982.35
40470.2
-12029.3
-2234.85
11471.3
3939.75
-4698.7
9597.52
4925.06
-9087.22
-3695.56
2918.6
-777.692
334.932
6002.82
1249.52
-6427.57
-5657.18
-570.202
599.119
-186.044
119.335
-397.667
-1562.24
-1793.88
-1016.77
-10.2365
247.066
-196.38
-666.875
755941
-188770
-749152
-167489
441063
396355
-299927
-415447
334993
275384
-211907
-117708
129645
-8745.44
-23692.3
2094.82
16428
2817.93
1099.86
6087.16
-7918.06
-7604.62
5661.16
5010.31
-1549.16
155.064
2617.68
-2880.81
-5538.34
-2911.48
-857.941
-213.867
942.01
856.846
-404.359
-1340.51
-1342.91
-1022.48
-684.848
-697.63
-887.326
-709.524
82839.7
-96031.1
-154983
278866
336977
-278862
-445715
143398
528469
-311537
-239284
223778
51837.1
-49433.4
-12980
8745.83
17071.9
2026.82
4389.83
-5001.05
-15162.5
-222.13
12485
3030.22
-3932.14
-2639.22
-1820.62
-2906.96
-1325.47
-312.002
-1086.86
393.141
1753.77
661.916
-359.741
-571.999
-728.009
-1021.37
-1218.6
-1325.43
-1121.29
-261.206
-620499
166418
501089
188421
-198369
-468747
32930.7
666549
-207554
-381511
140025
199030
-80050.6
-17042.8
2809.87
9859.8
10482.6
1221.93
1270.7
-11790.8
-8747.48
7275.69
7786.09
-1348.1
-4311.34
-4268.56
-4217.72
-1267.53
2427.96
1034.39
108.188
1947.7
1728.29
514.708
119.941
25.6374
-467.425
-927.455
-1375.26
-1469.49
-874.554
492.33
-170882
378066
252541
-224136
-584458
-16559.2
850744
-206660
-444759
94212.7
316157
-116126
-71203.9
57456.8
834.446
4257.68
-2024.35
1553.85
-2891.65
-9577.59
2354.26
6152.69
-2076.07
-3679.49
-2061.9
-3937.68
-4296.58
99.3132
3458.11
2236.21
2034.68
2613.34
1580.2
939.873
604.411
16.2486
-469.437
-631.241
-1107.93
-1103.77
-323.999
1079.57
736182
-252735
-678370
-258631
212301
713923
-203844
-450622
76627.2
401640
-131591
-179277
131147
20646
-13064.9
-5910.3
-6707.54
7928.03
-5192.76
-5793.26
6206.74
238.873
-6709.65
-2949.09
-294.906
-3218.61
-3571.32
85.7062
3105.53
4083.36
3480.15
2160.41
1623.93
1395.16
688.089
-193.394
-353.987
-249.234
-549.31
-391.334
270.501
1200.91
-175178
-44818.5
-88335.9
402033
219577
-211692
-416485
306194
236526
-221183
-192540
208974
64662.3
-44462.7
-17508.1
-9375.89
10687.4
6151.21
-11043.1
-3596.78
4002.92
-3432.46
-6066.11
-1553.15
62.7048
-2236.49
-2582.37
-7.515
3507.51
5157.21
3178.77
1339.51
1370.74
1080.57
400.444
-154.103
-26.9291
184.464
237.512
402.288
682.183
930.406
-286204
138718
339548
-10999.3
-354535
-145420
550523
-5263.65
-374746
-117103
286189
61049.6
-52783.4
-46084.1
-22767
25958.9
12809.2
-12792.9
-8367.05
2196.28
82.4418
-4984.05
-3610.68
-335.704
-332.257
-1786.75
-1259.65
1787.8
4727.3
4206.85
1524.85
224.955
356.678
267.636
192.541
72.2398
346.957
716.004
1051.97
919.983
774.806
534.013
434425
-176700
-519501
-110919
442580
345610
-165423
-421223
19849
300232
-28274.4
-40877.3
-16708.3
-65682.4
29927.1
40800
-23536.4
-15738.8
6876.26
3927.19
-4187.82
-3819.96
225.956
1044.88
-1105.7
-1737.27
768.853
4331.75
4672.3
1981.75
-311.898
-1133.91
-813.554
-226.442
109.271
109.384
550.334
1164.99
1458.48
939.969
596.398
229.676
-190522
78378.1
-123256
529416
93721.9
-325592
-440890
305267
339687
-145452
-140159
88955.8
-82555.9
-24440
89350.9
-13896
-34947.4
6296.22
12982.4
-2069.87
-6143.92
-646.738
3060
1097.05
-1278.31
38.2425
3229.91
4014.65
2269.71
114.548
-1391.72
-2274.22
-1435.45
-173.979
-110.653
-102.935
521.392
1196.37
1176.04
585.067
349.913
125.193
-188601
252834
434473
13981.1
-677462
-312607
599907
196767
-233550
-161231
170480
-82992.1
-87871.8
92075.5
19913.4
-42091.7
-6938.33
13624.9
5601.38
-4173.3
-3666.03
1955.56
2616.32
-444.254
-230.312
3145.36
3664.17
398.666
-675.97
-803.32
-1617.84
-2307.32
-1106.63
48.9797
-262.996
-101.31
321.578
568.309
239.942
32.5999
135.277
249.867
410982
-123210
-198004
-360140
-115587
760333
77591.2
-428064
-209949
378518
-79318.1
-172481
70114.5
42868.8
-42324.4
-3052.33
4467.89
-289.132
1345.78
-849.038
-387.754
1979.29
308.738
-1291.81
1309.52
3784.87
697.263
-2767.27
-1488.08
-1019.29
-1751.49
-1636.08
-243.455
527.665
343.085
369.654
-85.2809
-549.664
-920.237
-543.43
-57.0988
555.112
62273.6
-107094
-130990
14218.6
636671
-80525.2
-509227
-188869
574511
-136822
-223258
83894
73217.3
-67936.4
-131.479
16426.9
-7923.35
-5853.83
955.64
1183.21
747.59
691.987
-587.352
-261.014
1619.95
805.783
-2274.47
-2955.99
-714.35
-1357.3
-2028.88
-699.43
1047.78
1437.96
1607
894.221
-545.542
-1418.56
-1598.51
-874.498
-222.865
834.945
-321976
52600.7
499703
61142.5
-241300
-425954
36716.2
553120
-147706
-261251
95888.9
88113.3
-83436.3
-556.151
20640.9
-1641.34
-6044.84
-7862.54
1104.64
1861.99
-1063.75
-52.9661
666.733
210.795
-569.567
-2077.1
-1690.21
-713.725
-809.034
-1403.81
-1561.78
140.244
2104.02
2300.27
2426.42
1037.64
-554.466
-1321.76
-1259.48
-693.515
-281.804
833.382
119170
-8295
155630
-255958
-321602
20931.5
645634
-144555
-257246
-77251.7
234508
2122.94
-14634.7
-8977.81
-3868.29
14569.1
-19085.6
-13815.8
7805.4
-937.859
-5764.64
103.427
1381.39
-1593.46
-2842.49
-2170.25
-164.56
1189.48
-435.728
-534.977
-644.182
520.366
2104.96
2423.02
2112.16
892.229
112.488
-202.444
61.1643
-40.5921
-255.525
330.887
437199
-134387
-605325
-152650
499914
337124
-226286
-364411
80715
256292
-62235.4
-27671.1
22890.8
-41054.6
15201.3
2006.05
-26590.4
12808.1
11542.3
-13062.8
-8212.46
1866.67
-77.7296
-3167.33
-2365.64
-675.66
62.6334
2028.27
-413.379
36.7126
276.634
1161.8
1297.81
1296.65
764.786
706.815
1179.4
1460.6
1761.57
770.865
-132.466
-512.178
357066
-112109
-458542
-151923
909435
-57133.2
-650321
-318676
737065
-45959.5
-220894
24953
28484.2
-38572.1
21729.4
-16245.2
-2000.96
26624.4
-6912.3
-14651
968.323
1486.42
-3611.69
-2108.17
119.107
-108.067
-619.237
1379.5
-75.7025
179.798
1002.22
1907.17
160.448
-798.381
-922.252
631.752
2067.13
2819.77
2942.54
1390.14
159.087
-1228.92
-471048
49953.5
-93835.5
676232
53326.8
-488533
-403339
605091
123750
-231341
-129294
162513
-72380.4
-28922.2
35216.9
-10854.7
10192.7
2175.67
-15005.1
2970.16
7703.77
-3500.08
-3767.46
1091.03
128.738
-1607.35
-506.212
1470.98
1217.94
428.341
1291.19
1056.78
-1380.61
-2337.46
-1841.84
448.04
2086.78
3039.5
2989.47
1659.76
666.422
-1297.74
-325547
312597
492202
-63621.7
-692331
-208645
693612
-10396.1
-273084
-113989
244745
-91899.2
-94722.8
68153.3
9931.57
-13646.2
2649.33
-12107.3
420.563
13688.5
44.4407
-5569.01
1168.4
2772.07
-1845.45
-1981.12
1845.95
1777.72
1335.86
-500.791
442.244
-529.518
-2263.44
-2327.51
-1638.55
-230.221
935.125
1923.48
1966.09
1571.89
1235.16
-540.974
352949
-55459.8
-485957
-213325
193391
482352
-169553
-298666
-40694.2
368704
-118451
-163666
84823.9
34252.8
-31895.7
4571.97
-2108.58
-4922.43
12613.8
5572.04
-6148.69
-1494.83
3219.57
39.7892
-1690.24
1222.56
3313.89
421.597
-13.1424
-1005.01
-834.798
-1578.87
-1584.12
-1403.3
-847.106
-1228.43
-869.168
-20.6501
351.605
1135.24
1575.02
676.877
-182425
59589.6
-71768.6
398356
77643.4
-223536
-367277
268311
255258
-147268
-170181
126689
44969.4
-48049.5
7868.18
13371.6
-7779.37
4171.47
8689.35
-3064.75
-2635.18
2315.66
-545.866
-2372.1
1583.45
3942.89
1029.78
-1464.8
46.8926
-337.607
-1784.4
-2043.13
-508.615
-571.328
-258.638
-1922.89
-2123.31
-1723.47
-1184.82
353.109
1400.38
1725
-153985
214124
317330
-74323.6
-524340
-173282
643519
27940.2
-260774
-124527
215141
16588
-59780.3
16467.7
22709.3
-2759.41
-2386.12
5062.55
-316.899
-1798.56
3288.35
1129.41
-3731.72
-1497.55
3657.38
2501.57
-990.709
-1925.59
377.878
-703.213
-2278.14
-1310.59
899.196
-95.467
-310.834
-1943.1
-2271.42
-2523.49
-2082.9
-614.191
566.893
1956.89
524518
-238865
-580977
-137734
329163
404376
-153527
-267984
6145.22
241358
-51923.6
-60649.8
37178.5
5784.19
10.2742
9520.51
2814.35
-3666.22
-2470.56
3509.5
3626.56
-122.663
-759.972
798.724
-161.528
-1953.67
452.272
-500.318
-2077.95
-3323.13
-851.969
1452.09
2106.51
-143.771
-621.355
-1184.93
-1670.14
-2434.48
-2130.02
-1359.19
-590.837
1212.73
-244020
75742.2
-12584.2
377081
55109
-233437
-338865
355855
104094
-115823
-79727.6
88926.2
-23613.8
-20757
19079
8300.05
-4723.95
-5738.99
4149.78
5503.26
268.293
-28.2926
1940.82
186.457
-3845.26
-4255.55
566.501
-157.98
-3696.15
-3309.4
1735.06
3885.03
1866.99
-64.6496
-243.969
161.431
-988.454
-1898.59
-1726.43
-1718.46
-1539.69
-118.556
-113072
234415
277169
-82693.3
-521764
-177499
595749
-47484.5
-210354
-64250
149502
-73127.3
-53601.7
32386.9
-1506.24
-8864.29
-8983.37
53.3335
8588.18
2808.08
0.265409
795.319
-1015.39
-3166.29
-1175.16
1288.58
1725.84
-2547.67
-4003.22
142.789
3036.15
2872.37
-234.28
736.34
943.232
1371.03
-547.024
-1368.15
-1339.86
-1626.23
-1821.67
-1407
524985
-263204
-574107
-169157
278685
468111
-185822
-265734
45669.1
135139
-117321
-103058
75173.9
-14383.6
-24695.9
-2176.34
-12208.1
1833.51
4381.56
-1516.25
305.744
-206.887
-4220.61
-4123.71
2114.95
5958.1
2817.65
-1253.15
-2044.91
3369.88
3093.33
-466.47
-1951.9
1455.48
1356.14
1210.6
-508.339
-830.26
-825.515
-967.488
-1544.06
-2292.21
-223558
-48992
-90942.7
426027
255405
-205714
-341416
178060
146583
-200337
-162298
150844
-13748.3
-69681
9802.52
-7039.09
-13055.7
4298.22
-903.974
-4933.75
-1905.67
-881.6
-311.535
1412.58
3457.14
3353.6
1672.96
2489.42
2510.18
4567.2
2091.77
-1050.37
-1690.26
154.075
-373.153
-47.3248
-593.446
23.9262
178.045
240.84
-630.871
-2054.28
-342499
197249
534873
-49395.7
-421552
-332405
469106
187240
-313730
-198569
210681
11409.6
-93631.8
9300.18
12259.7
-27861.2
-7291.49
7967.89
-3749.06
-7634.34
-3088.06
3349.69
4408.3
2633.12
342.085
1727.62
3828.32
4887.43
4583.9
3703.28
1095.61
-471.779
-1330.23
-1574.72
-2178.96
-560.472
395.188
1194.45
697.495
413.878
-567.7
-1913.5
361870
-209184
-83914.1
-338343
-130027
604090
56918.6
-313516
-207905
366184
11145.3
-138793
5419.55
37374
-24525.4
-13893.6
13058.8
2398.64
-10239.7
-4765.03
7341.37
4669.72
-326.841
245.089
3647.98
5184.94
2515.64
663.173
1924.04
2681.1
383.696
-205.248
-963.249
-1225.89
-1486.86
222.564
1149.66
1294.81
525.173
-144.211
-817.535
-1409.79
222972
-120826
-263735
25958.4
543355
-50109.1
-454606
-137845
509847
-22336.8
-183837
27651.4
70994.8
-11675.4
-5371.38
4716.57
13980
-8745.61
-10204.2
14827.6
8244.09
-4348.34
-4163.19
-188.401
6887.37
6425.47
-2044.37
-4055.73
139.518
2176.05
304.819
70.1347
-1116.58
-977.734
622.133
903.133
1121.21
817.476
493.921
-384.276
-885.624
-1093.65
-501373
89478
535812
96066
-167246
-336305
-3108.72
511666
-101402
-184554
87939.9
116544
-40162.9
2157.75
4773.44
8171.57
26655.4
-4791.15
-5139.33
15704.1
-8921.97
4262.69
-4426.11
2548.89
6515
-1878.42
-5526.98
-3111.13
1071.59
746.975
176.774
315.712
-1015.06
-1383.24
1487.05
767.606
1067.4
776.333
818.497
-293.152
-752.349
-989.263
131640
63990.4
145409
-228036
-279061
197993
362953
-122126
-240886
103617
135756
-71519.9
168.715
53230.3
-9307.33
21991.5
48800
-29645.3
-35689.8
20209.3
-148.759
4412.8
-2535.13
561.777
313.887
-3667.23
-3801.39
-1828.81
-1027.73
-1127.36
308.181
128.007
-256.676
-512.887
1436.49
173.562
962.887
787.042
1087.5
-315.417
-575.947
-794.82
317401
-30871.4
-570214
-1891.8
462719
86315.5
-197064
-230287
243006
102884
-103824
-44946.2
28363.3
-5423.82
13388.3
25672.9
15576.1
-2322.76
-21267.1
5324.29
10944.7
-2215.86
-5261.48
-3713.67
-3847.16
-3073.17
-2468.84
-2389.01
-2259.95
-1293.47
-305.953
-922.833
138.649
668.27
1497.34
69.7873
678.242
459.316
1131.37
-269.034
-132.552
-108.514
8939.05
-16193.7
16965.5
-8320.1
-85095.2
-44365.4
89995.6
28872
-14852.4
-11741.3
27468
6904.34
-41378.7
11179.7
49747.2
-66705
-30957
41279.9
9825.83
987.035
-11823.3
-7495.15
1182.76
-2858.93
-4697.28
-3434.4
-2741.72
-2108.68
-1561.37
-1211.7
-1410.41
-1501.17
303.805
723.026
1099.92
517.77
-113.163
-538.351
619.717
-7.67805
348.812
679.238
91617.6
-55824.7
-173209
-22068.9
184996
82893.2
-139604
-84002.5
83253.8
77808.1
-13566
-19906.3
-26865.1
57045.5
674.548
-45605
-21161.8
13707.2
26046.3
-1634.69
-21303.5
1292.07
4858.26
-4196.3
-3786.57
-1435.9
-655.189
-203.009
-598.043
-1357.63
-1670.45
-1193
240.98
145.309
-327.028
137.371
-1249.4
-1600.65
-616.13
156.158
473.429
1084.24
129205
19697.5
-307595
-23191.8
344833
73288.4
-320560
-35795.2
182660
-9506.24
-39944
15566
1652.86
28231.2
5204.67
4123.48
-4055.6
-9052.95
-5189.99
-12130.7
-7791.2
9055.78
-3393.55
-6270.05
393.284
1834.36
1206.59
529.14
-277.478
-574.203
-202.882
-41.8261
-46.2276
-588.956
-1802.14
-736.253
-1974.63
-2284.17
-2009.05
-119.624
373.229
1376.62
-210707
-35259.3
-82087
433153
98849.8
-140910
-224330
99729.5
179862
-61304.1
-8072.79
-8364.13
-39661.6
492.222
14894.1
20551.9
20654.7
-15397.7
-26287.1
-2305.18
11500.1
-909.305
-8288.45
371.419
3929.19
2784.78
1380.08
992.022
676.21
1073.84
1708.04
672.056
-817.2
-1223.88
-1810.01
-1184.88
-2817.31
-3082.25
-3063.2
-717.811
-78.7865
1169.92
56349.4
6768.27
-134879
2130.52
138087
4132.18
-121696
-5990.68
114999
48251.8
-5465.33
24875.9
22174.7
2244.46
-29078.3
-38161.5
33814.1
33436
-34236.7
-16765.8
12004.9
4172.17
-1782.45
2390.06
5243.29
2170.96
-1103.52
76.4818
2546.6
4220.26
3104.47
508.935
-816.821
-478.929
-866.776
-1147.25
-2535.02
-2885.31
-3195.36
-1449.58
-1022.09
-215.96
395111
-12358.9
-343723
5484.04
275500
97329.9
-210998
-65734.7
40971.5
-99630.1
-37334.4
53899.1
55656.2
53828.4
43618.7
-24509.4
-37027.4
22930.4
-27486.5
-4143.35
31992.2
3980.73
-8104.3
5649.59
6826.13
-1341.14
-1822.2
2762.11
5121.47
3822.68
1220.31
442.297
913.454
1374.28
394.956
-807.387
-1376.07
-1495.17
-2120.75
-1894.06
-2062.56
-2167.2
10459.9
123703
197884
2296.69
-39216
-136864
49594.9
95380.9
-199751
-146108
94834.1
31135.9
27172.4
17394.7
93584
-28636.3
-78027.6
6488.39
4850.77
42871.1
20981.6
-22024.1
5578.75
15360
-425
-2980.55
3604.17
5382.41
3734.47
1371.15
1345.98
2291.75
2218.66
1404
483.852
-33.3094
48.587
319.414
-410.836
-2046.8
-2979.22
-3697.28
-195727
214399
180527
-67102.6
-260263
-47145.2
374835
-54922.1
-281002
-130300
193378
25146.6
-42595.5
17791.3
108261
-61395.9
-88898.4
46289.7
88580.6
28608.4
-45798.5
-2864.98
30388.1
3340.12
-6287.59
5632.21
6904.15
2393.13
411.958
1176.62
2645.01
2779.93
2124.26
1195.92
936.233
1427.15
1437.36
732.321
151.447
-1513.56
-3090.26
-4378.37
11804.3
-116925
47529.5
-358568
-188648
521667
200766
-209894
-144245
277204
-59884
-76588.7
-98927
91626.1
56375
-119200
-40125.1
135637
84494.8
-68557.9
-43573.2
46128.7
21528
-11129.3
1251.55
8178.91
4121.16
1009.06
-292.08
418.605
1540.75
1566.02
1335.41
1671.03
1921.59
1640.23
1595.15
644.866
177.776
-714.67
-1722.67
-2487.64
220426
-401550
-129085
-210667
79704
540731
-108696
-175612
-76031.6
366732
-100623
-88198.5
-20309.2
93448
-79192
-150215
84840.7
205603
-1052.85
-144438
24848.3
63265
-2642.68
-15641
4905.42
5836.49
2464.95
578.811
-469.885
404.25
757.344
552.12
772.045
1950.94
2038.01
592.514
1131.69
706.337
293.336
298.599
73.4576
79.87
284477
-405444
-209333
-75071.3
414134
180319
-250868
-243728
125629
322756
-116732
-110546
53997
55289.6
-249169
-114692
190037
199800
-96821.1
-130440
85306
47844.7
-33129
-11102.7
12001.9
5942.3
-658.627
-1468.06
-376.073
623.306
214.722
108.502
740.939
1394.25
906.41
-514.062
298.831
258.876
-64.7471
751.568
1378.37
1850.57
-163564
-166005
-28892.5
602760
186206
-63859.1
-753794
-246797
305725
215201
36781.5
126666
112311
-144676
-312085
-33481.1
248144
179270
-154782
-89855.1
98118.8
15685.9
-41962.2
8299.53
12623.2
-2771.67
-4127.96
734.893
1675.39
190.86
-86.8085
272.297
145.359
-295.345
-857.37
-1358.28
-378.732
84.9213
568.294
1492.99
2315.45
2588.57
262440
218378
169868
24078.3
-127918
-481154
-327323
-129369
-61061.5
417109
145214
121278
67638.4
-156682
-244264
-68968.6
250568
167279
-171456
-64713.2
82256.4
3780.9
-24530.5
13532.2
2493.44
-7333.56
-1323.47
1899.42
-12.9719
-1170.59
-3.91736
-100.431
-1051.31
-760.042
-374.473
-1392.46
-1025.75
-132.626
785.601
1354.97
1928.52
2028.57
493034
327078
-35786.2
-251752
-187810
-136470
-128733
-305738
-120240
316269
193529
99750.2
64473.6
-28824.3
-157420
-150448
219847
131638
-159253
-45763.6
70118.3
3191.87
-13993.5
4773.27
-4086.54
-3828.08
1407.92
95.8006
-1867.99
-800.288
215.882
-1220.9
-2034.12
-836.978
-420.229
-1565.25
-1274.39
-431.231
257.982
600.514
882.682
1090.98
334323
51877.7
-383219
-137499
334623
-6024.42
-173367
-193958
199615
53754.2
-46298.7
10152.8
36569.1
124272
-24064.5
-220690
146634
65916.2
-111605
29972.2
33535.2
-14823.7
457.498
1699.37
-3550.69
951.847
655.627
-2152.48
-2104.7
-722.33
-1893.43
-2698.43
-2037.02
-834.682
-819.951
-1811.06
-1496.75
-918.607
-377.298
-64.4954
-79.0201
85.108
-451432
-81146.1
17743.6
243810
408561
-138259
-274610
323725
246726
-205222
-176590
-46004.4
38629
151543
-43678
-62522.8
48900.8
-41947.4
-738.102
44511.4
-14198.9
-11036.2
6567.02
-834.809
-716.12
-715.578
-3444.49
-2698.21
-367.48
-511.104
-3403.38
-4041.43
-2004.12
-758.273
-1211.17
-1956.73
-1514.22
-995.838
-769.691
-497.674
-388.182
-252.514
-325322
-140627
189288
128976
-109725
5674.26
-173117
602923
-52213.3
-181003
-107833
-29007.7
41144.1
-189422
31833.9
237879
-72506.7
-146190
92536.6
17892.1
-34483.2
3658.81
4422.71
13.6686
-648.565
-3996.32
-2872.47
-634.124
-227.778
-2167.92
-3221.04
-1869.84
-609.759
-914.031
-1618.69
-1949.89
-1251.63
-897.888
-880.857
-652.863
-329.366
-283.919
-221989
196134
273455
-18313
-317815
-335062
420760
148276
-139069
10160.8
76234
-37501.3
-169386
-91911.7
86414.4
136083
-92136.1
-56354.1
32808.5
-2811.3
-9774.19
-2214.24
105.09
-583.921
-3757.81
-1407.8
2967.19
1744.75
-3151.03
-4582.65
-941.737
1348.08
133.977
-1161.88
-1696.41
-2096.33
-1537.1
-1217.4
-779.946
-600.726
-256.907
-268.167
338458
-58778.4
-47862.4
-280741
-89790
477069
-12989.7
-346994
-127469
102735
69946.1
76753.9
-71331.4
-41863
-16390.9
11047.5
-8128.51
-37950.9
809.611
9025.85
-8365.05
-6618.71
459.643
-6164.47
-3607.32
5362
3769.33
-1724.21
-6790.72
-2163.68
3987.59
2851.49
-200.838
-292.678
-247.268
-1220.19
-997.519
-618.138
-62.3874
-142.895
-336.157
-548.047
502735
22822.1
-38847.8
-91864.1
288819
-70253.6
-614285
-475086
86240.7
240886
419290
70748.5
-266636
-160195
35942.4
120391
-29721
-84855.2
24961.8
24008
-20833.4
-17428.4
5023.9
6136.61
3437.56
423.18
-2939.39
-2050.54
427.817
4098.29
4080.22
483.491
-287.101
718.912
407.922
-525.437
-273.517
-168.588
-305.982
-674.053
-1101.15
-1485.85
-30839.5
208498
434607
509513
-43546.6
-1.15112e+06
-605544
-30422.2
537698
138014
404397
-61012.8
-599372
-173665
374523
146881
-191773
-32529.3
56781.9
23644.8
-21538.6
-12296.1
4579.71
12840.7
8488.37
-2841.21
-5811.33
695.956
4386.03
2714.62
597.092
1735.86
2234.33
432.787
-568.606
-126.937
218.788
74.7871
-361.731
-900.681
-1168.67
-1288.45
62157.8
172162
613767
-22523.8
-600754
-955747
-161153
788178
94170.4
124833
220960
-208696
-676397
17291.7
526184
80435.5
-359295
102130
66008
-19524.1
-30473.8
1551.57
8793.92
9046.25
529.619
-6894.18
-1774.31
3556.13
3515.47
-192.07
1879.47
2735.88
767.248
-654.435
-583.525
400.5
512.502
156.928
-670.827
-971.258
-990.575
-441.352
274280
724387
597650
-376504
-1.18462e+06
-1.00966e+06
168918
546715
83641.5
549497
219022
-535092
-523403
240223
478835
-91535.8
-345590
127572
117929
-71341.3
-34254.9
8482.61
3088.35
-1609.48
-3573.26
-15.4036
5536.95
6295.77
2065.67
-1554.91
766.174
470.026
-514.387
352.939
445.325
-152.466
-434.542
-809.48
-1325.9
-999.227
-449.034
602.77
-70270
74571.1
362892
-118750
-537311
-216519
227975
319849
23056.8
333958
79263.3
-757907
-116308
728544
232678
-486628
-83483.9
207779
7958.95
-75695
-1752.87
8121.36
1684.66
-2967.86
-2317.04
220.343
3876.05
3363.87
852.442
1843.29
827.558
-523.44
-232.078
-7.92675
-936.754
-2215.5
-1524.35
-1216.28
-1082.74
-515.186
120.863
793.478
-16009.3
-1.1622e+06
-69819.3
-284022
-321786
1.87328e+06
661835
-235557
-95617.4
-200920
-349338
-257546
342753
530333
-143081
-251411
156216
38379.3
-70605
-19968.6
6730.57
7097.2
4542.09
-10200.2
-2094.73
5676.39
6204.22
1536.53
102.668
-497.978
418.832
468.1
-2.60714
-1396.36
-2270.14
-3040.32
-1435.62
-413.689
210.449
616.751
1058.63
1336.94
-73302
-550534
-1.90619e+06
-183892
918246
2.2953e+06
455196
-25244.9
-656177
-711009
-338748
208847
689679
287509
-611438
47758.2
166108
-16202.2
-55241.3
-11770.2
8968.28
14009.9
8953.56
-15341.7
-1484.3
8864.03
6410.78
-1381.13
-3318.1
-2542.25
318.82
-363.452
-926.097
-2410.31
-1982.91
-1421.28
-634.778
-26.8678
567.385
596.239
617.32
501.867
-229353
-601664
-838899
146557
1.46536e+06
441772
29202
-10818.2
-370990
-336643
-234352
190672
564983
10832.6
-451538
80166.8
74129.6
1519.63
-21233.9
-11291.8
6500.84
13887.6
10999.2
-6376.21
-2998.96
2724.5
4277.16
-253.361
-1656.88
-1566.44
-2132.94
-2159.78
-1755.63
-1815.32
-846.125
564.576
437.281
33.4265
-180.048
-257.286
-235.18
-348.977
168696
-24754.8
-98288.7
-290666
13260.7
-151197
412427
-105732
54562.5
65938.2
-342893
-52825.2
229701
50655.8
-100400
-21050.9
48065.6
55766.7
-41829.1
-35824.2
-11875.5
14775.7
21161.3
-10673.9
-8007.96
5360.3
3918.92
-2882.07
-2666.66
-829.278
-3471.15
-2048.78
-265.612
1207.23
1318.45
1801.41
802.303
-74.8457
-607.909
-451.523
-241.659
-274.16
139325
234224
-31237.7
-140005
-112990
-393065
5610.69
205263
289337
69898.9
-188484
-154163
43666.1
87024.6
-113224
-5392.88
116827
-45403.7
-45884.1
758.639
14678.5
18715.4
-8858.49
-17447.5
2832.15
7120.11
22.3626
-6242.44
-2229.99
-399.258
-400.652
1689.57
3003.62
3722.19
2794.45
1547.09
-16.0854
-909.204
-1342.02
-815.907
-49.9244
-81.3779
116703
-186268
-81239.5
93888.1
129521
120013
130517
-63430.8
-180770
-71579.9
127499
98392
-177564
-29199.2
88479.5
13697.9
-43731.3
-13713.2
11620.5
9127.4
2306.91
-6117.93
-18780.4
-13672.4
27921.8
3314.75
-6082.76
-5449.76
-2332.65
115.241
4181.93
5052.21
4416.08
4148.72
2843.14
-211.483
-1608.54
-1821.19
-1576.61
-1106.74
-274.327
-369.2
-1.19758e+06
178210
338313
387715
249774
374934
98283.9
-322824
-515432
-194426
265138
224511
-77961.5
-118825
75918.7
-42019.7
-60302.8
19781.4
78260.7
2015.61
-16731.1
-27631.7
-17687.3
17945.5
20073.6
-3035.94
-1751.78
2126.78
1598.73
1382.2
2243.74
2655.74
2994.45
3094.71
2270.46
-1573.95
-2921.04
-2590.94
-1764.49
-1479.66
-365.353
-788.885
-289081
-81203
-58072
345337
24865.7
153952
163868
-125123
-177505
-109481
-114770
120040
61217
-29778.6
-26851.4
-143886
-23975.4
107669
59035.9
-9607.59
-21415.9
-23700.5
24115.9
28680.7
-18286
-3686.22
-35.4127
1640.18
3710.18
3724.95
577.1
-35.0743
630.141
1922.61
1197.03
-2233.84
-2285.13
-1265.83
649.139
1025.77
633.99
-158.002
285743
413658
48361.1
-153455
-932007
-328518
161845
430132
235940
-75499.3
-250272
-169352
160311
67114.8
-205120
-5502.26
148779
18979.6
-60100.8
-33089.9
-18364.9
31266
48587.4
-1976.95
-14328.7
2428.76
622.829
-391.266
5515.35
5487.94
-553.444
-1778.96
-661.278
312.186
-174.015
-2731.58
-1743.03
-171.11
1112.39
560.67
-1056.66
-1316.2
453732
120433
-98834.3
-149331
-363759
-143254
204893
276015
-70528.5
85791.4
-15100.1
-326153
106206
-6687.94
-72466.5
144543
41814.9
-80040.7
-32627.4
-30756
21135.6
61205.3
-12964.7
-21587
-1545.08
10835.4
3586.49
2155.49
5403.32
4068.48
-2370.99
-2412.69
-513.869
-656.825
-1062.85
-1177.17
93.4884
1194.63
972.785
344.238
-1406.94
-1310.75
-322096
-74173.1
33599.9
184207
56696.8
297738
159493
-350055
-209934
166320
136796
-36449.7
-78417.6
-82568.4
122641
103366
-78993.5
-62384.2
-9830.8
35231.7
55585.6
-5679.32
-22679.7
-14986.9
13291.1
3544.75
3704.27
3052.07
1825.28
-282.221
-3090.95
-2009.27
-789.229
-1506.24
-1120.98
3155.85
659.804
607.298
402.839
132.785
-694.746
373.209
-739956
-345061
-24273.3
435261
642020
523033
-27711
-425884
-275133
15745.6
115932
205736
-200905
-36268.2
246900
15408.8
-156469
-28579.6
21552.9
67437
2182.31
-26157.5
-29367.5
13792.3
16292.4
-2659.08
249.122
-308.542
-2590.52
-1146.96
797.141
775.815
519.428
-280.318
-600.709
2472.57
-681.711
-512.842
-520.119
-997.977
-904.409
943.394
-140630
-284498
-371002
96202.2
967196
79312.2
-195739
-85417.1
75748.8
-299235
50510.5
245499
-100664
68143.1
125256
-132507
-41351.1
-851.367
68127.8
17682.2
-28033.7
-35512.7
-3543.4
23842.9
-1167.56
-2161.28
-650.841
-2327.19
-4179.86
-1538.1
2360.92
2509.52
1280.63
-210.912
-583.457
504.875
-1168.64
-1547.6
-1551.35
-1450.38
-748.97
1039.51
318597
133423
13293.1
-208557
-205753
-216210
59948.2
269718
238277
-290546
-88453.6
194947
111721
93656.8
-127002
-70155.8
26783.9
98868.4
8754.32
-37940.3
-43801.8
-17554.6
39777.1
-2953.72
-13114.2
-3645.56
-1063.6
-1956.79
-977.188
-134.326
1233.95
797.401
53.926
-946.139
-1226.92
-680.893
-1376.35
-821.848
347.749
1058.74
1884.69
3165.8
438116
483280
4023.84
-453476
-746821
-367137
-9127.91
581671
278127
-53711.9
-209356
14480.5
272397
11931.5
-247432
-7986.94
129522
32857.7
-25351.1
-40571.2
-36642
33376.8
21848
-9598.42
-11570
-649.38
-246.504
-1525.23
2187.62
1894.1
70.1338
-863.63
-814.029
-1306.88
-1338.6
-388.4
-850.951
-340.328
1183.54
925.121
640.346
788.359
510666
162441
-11103.3
-153009
-425678
-410072
89573.2
362951
145768
184232
-82462.9
-121119
192641
-86980.5
-114498
70629.3
113364
-12021.3
-41562.2
-41317.6
8818.59
44606.7
-15487.6
-14628.3
9629.37
-4895.98
-5278.65
-2658.87
3972.51
2499.32
-1165.55
-2230.22
-1284.98
-536.336
192.831
1465.15
1183.57
437.241
159.263
-717.872
-1125.33
-1619.96
-259955
-26806.4
107249
124282
77588.8
207261
-130554
-371981
-58318.2
372227
122545
-156540
-11969.3
-33800.1
74361.9
86636.5
-14029
-51982.4
-40050.6
-1019.49
44043.9
-9341.61
-21622.2
-8460.44
14725.2
-6566.38
-8171.42
-395.446
4042.4
1584.85
-1663.6
-2406.34
-1679.45
-1308.68
-385.003
2014.27
1793.47
1732.46
1194.67
754.752
248.787
-10.7195
-922577
-42789.6
129763
571118
307108
404173
-171912
-637490
-239769
338496
216612
-96184.3
-102637
35268
113985
-10547.5
-35755.2
-3170.49
-9679.85
15895.9
32954.5
-18839.6
-21211.6
-5178.83
5975.84
-1519.47
1704.67
1466.84
503.626
48.0153
-463.975
-263.621
-69.5816
-1191.28
-961.376
1364.39
482.299
43.9348
739.981
1040.72
1734.42
1376
-813819
-387605
93582.7
590593
806510
251509
-200179
-485582
-331708
57923
222122
22794.1
-67349.5
-91211.4
-7576.83
86596.5
35301.7
-20548.1
-10517.2
-2337
22093.5
-1450.95
-14323.5
-8347.75
5890.09
2938.1
2329.04
1438.48
-147.048
-401.42
297.708
1014.54
730.753
-37.5348
-161.869
445.463
13.5698
-767.056
-1816.03
-756.934
3361.64
-579.493
-262077
-79393.2
-94717.1
395607
-97026.6
357542
-7446.06
-177146
-340798
-252317
287595
247564
-192948
-198960
40109.6
129319
20213
-41732.1
-39396
5032.4
49685.5
-9281.24
-15875.1
1544.28
8762.59
-4223.63
-3324.96
-91.0388
-413.18
-191.08
899.309
914.67
-628.916
-257.773
201.503
198.298
170.989
-235.398
-960.841
-189.073
2871.69
480.629
-3797.92
48265.1
74396
-183887
-142628
-22999.4
137304
282076
-159659
-502578
270498
202456
-285086
-121647
233893
34280.2
-103125
-23511.6
9327.14
27484.6
916.379
-7408.16
-1345.32
7126.68
886.815
567.274
-1058.28
-579.674
-342.107
439.432
707.214
-61.9341
-998.074
224.761
577.069
-169.143
-76.1626
-79.6338
139.544
821.883
2309.65
1683.76
340967
292471
-113242
-494429
-408440
-90499
125967
572236
30316.9
-467566
-36802.2
101087
26473.7
9595.62
-28297.1
-17715.3
5468.22
1483.08
8673.06
2567.78
-948.969
6378.37
5009.65
-1675.44
-159.668
2331.82
1509.91
1163.92
2001.78
1410.95
429.986
-551.03
-668.089
-79.2374
-130.864
-664.311
-390.487
-197.371
85.017
565.447
1346.5
1344.8
398383
256996
-81776.5
-424578
-520437
-227840
238081
317808
168358
-114150
-283187
88507.1
49255.1
-55859.5
8676.26
7577.24
-1226.87
2556.58
2640.05
5326.49
7919.66
248.043
-595.138
8228.82
14944.8
-6626.12
-4344.04
-503.308
3514.88
3095.7
1702.03
-121.663
-926.311
312.245
730.646
505.958
-42.6202
-374.263
-232.093
156.397
519.097
448.385
113060
-40123.8
172703
-75969.6
-102131
-36724.2
-161055
-124620
144286
203559
-194991
1893.82
43932.8
-78157.7
54696.7
36697.2
-6028.57
-11157.7
-10517.1
15484
16824.4
-7908.22
-3696.92
12061.9
7610.91
-1358.93
-811.927
-47.592
1414.14
1646.3
555.489
-192.639
706.457
1425.64
864.437
15.6732
-366.141
-323.798
38.5656
104.212
-62.9646
3.83107
-508860
10698.7
226508
72223.7
166975
234871
-290375
-496571
136467
332508
-22777.2
-72949.7
-51831.8
-12199.6
110409
36430.2
-50573.6
-23696.1
-3358.33
31736.3
2293.85
-11138.9
-1326.8
8489.42
3817.99
-2575.69
-5117.3
-2569.34
2541.39
3165.11
1367.71
-299.257
-23.9937
535.553
274.168
-259.983
-352.226
-52.7185
287.729
95.0543
-559.397
-260.332
-648444
-166682
27092.6
354069
618777
130241
-307971
-368333
-44519.3
235936
212645
-97261.3
-146938
93930.1
18804
-42948.7
3319.88
-12066.6
11091.3
15231.5
-5809.2
-3326.36
2858.6
-3700.25
-7329.52
5179.52
2292.95
2653.02
3037.18
567.965
-858.219
-399.074
1088.02
1243.89
375.721
-792.384
-240.132
568.921
152.278
-562.233
-1573.28
-1876.64
-275829
-309062
-201124
736509
562306
-60354.4
-224455
-233662
-286765
127479
241839
-95958.7
-41679
58035.1
-27277.2
-27272.3
4597.55
5371.98
7481.14
2771.03
4139.93
5205.94
-8199.87
-13124.9
-7808.36
10706.4
6340.7
-572.397
-5035.32
-3127.66
-602.897
-129.062
-1356.31
-2122.84
-1125.73
717.514
1327.6
1421.64
-163.253
-979.537
-1361.69
-1991.5
-307658
-283019
-169550
795584
148248
114642
-25357.6
-236349
-369040
191018
229885
-124115
-48974.9
37007.7
-9221.69
-7853.44
832.739
2316.38
1559.95
333.02
3594.65
7407.66
-6195.89
-14161.4
-15869.9
3840.26
5073.46
-4219.44
-6272.65
-768.091
1096.31
-44.8978
-2014.09
-1252.82
354.572
2983.24
1737.86
714.182
175.002
61.9472
-43.4331
-278.253
-345428
-350779
-163481
934190
248494
48240.1
-68090.6
-214299
-326460
165892
262735
-116380
-154783
148500
26405.4
-85661.5
-13179.6
6654.3
17685.3
-7440.01
-10069.5
1302.58
-3931.25
-7912.59
-8281.34
10714.3
4407.44
-2450.78
-1751.4
1711.29
1923.07
494.325
-440.439
640.998
1008.05
594.209
520.099
425.137
258.79
-34.9947
-366.007
-573.957
-272293
-44768.6
72456.3
276868
-17366.6
174235
67665
-16325.7
-331708
30990.4
249374
-123052
-103266
160877
31467.1
-98860.7
-21295.3
11658.9
14927.3
-12491.7
-8521.42
5424.52
1915.66
2177.39
15730.6
-1191.35
-6356.65
-5049.1
-749.722
-76.0528
-780.373
-1647.68
-1340.9
164.654
691.885
601.685
398.099
-253.188
-642.732
-775.646
-760.865
-822.558
105760
186668
1087.63
-306171
-130697
10284.3
243363
208036
-190336
-95316.4
96541.3
-45600.8
9379.36
89125.7
-29740.6
-45677.2
-20812.8
32837.7
17114
-14496.4
-8889.6
4630.24
-417.275
2411.86
5318.19
1909.46
-5529.43
-4175.65
-301.983
-945.874
-1063.68
124.438
1685.93
2549.4
1546.63
-635.763
-939.954
-1089.68
-975.686
-992.975
-997.61
-1148.1
242052
178507
-165826
-233113
-249299
-183441
252642
114809
69478.7
30060.4
-185687
-2334.09
175094
-9497.45
-142178
6162.43
31609.9
39275.1
-12169.3
-21458
-1287.41
7147.85
3185.38
2780.18
-1134.82
-1462.16
-3491.89
-1117.14
866.12
639.27
619.546
351.284
683.119
1243.07
335.605
-1818.24
-1893.1
-1342.48
-1318.78
-1513.44
-1489.4
-1752.84
53928.5
-37213.6
65900.7
-44048.5
-120757
103256
-199664
-158532
191544
157304
-206998
-38779
141791
-88872.2
-64876.8
6714.03
67912.3
769.211
-24560.6
-15711.5
9304.56
7506.78
3651.61
-1128.41
-2462.83
-1854.48
770.436
2070
1257.42
757.587
257.204
-629.088
-368.557
-22.3106
-808.355
-1678.95
-1278.83
-1165.41
-1703.51
-1697.68
-1260.79
-1455.11
-483504
34557.4
301330
20283.2
265117
56306.6
-505257
-221583
355064
210832
-169447
-46577.6
91608.9
-88913.6
10649.1
26213.1
26893.1
-10781.7
-25485.9
-9.27805
13811.1
5669.76
-759.62
-2751.39
-433.547
172.309
2506.87
1596.11
992.433
1378.82
261.825
-812.357
-134.105
144.286
-245.932
-59.3997
109.293
-691.56
-1218.96
-1389.84
-1733.8
-1496.52
-439062
72689.8
438432
158.662
267476
28156.7
-557514
-61620.2
452348
132463
-315948
105997
43627.3
-45832.7
30972
27905.3
-13368
-26837.8
-8913.98
10627.9
3319.18
1112.96
-5886.31
-5285.9
-954.769
155.182
350.429
-445.331
648.198
913.241
-333.736
-758.848
111.87
165.41
-28.5424
477.6
529.802
110.082
3.83867
-45.7386
-26.715
302.046
5129.22
24474.5
166514
-7903.52
34047.6
37235.3
-247910
31492.8
353691
-16460
-210837
33548.6
33638.4
54154.4
21807
-33318
-17288.8
-11301.8
11200.3
1176.08
-8254.04
-690.704
-2685.79
-2576.58
-676.695
-246.146
-445.628
-369.643
610.999
411.529
-341.906
-203.729
241.819
27.4791
5.94138
536.41
560.941
460.41
606.219
830.241
810.09
653.489
2365.16
43901.1
201552
-120839
79349
75172.9
-245920
102.133
268296
74435.1
-170905
51626.8
85072.8
-26422.2
-42210.7
-9569.53
-13058.6
8833.75
17021.3
-10559.5
-10024.2
1169.92
-244.27
-1612.2
-969.837
-445.026
105.231
591.567
907.236
402.203
-262.614
-5.15729
290.882
31.9082
-20.163
420.605
379.148
296.074
475.559
794.353
1085.79
1021.28
)
;

boundaryField
{
    lateral_sides
    {
        type            empty;
    }
    outerwall
    {
        type            calculated;
        value           nonuniform List<scalar> 
214
(
5202.5
-6230.05
112669
102067
12423.6
-68510.7
-36085.7
55817.8
-43183.4
97270.3
-2178.37
-30781.6
161266
24737.8
-74589.8
-1166.65
53500.2
-66268
6433.61
53538.9
-9659.08
113333
7383.18
12832.5
104744
-56055.7
-98772.4
12442.7
-77542.9
66139
48988.8
20600.4
8721.52
-63754.9
71122
37474.8
-124963
101387
42738
-86599.4
-50703.2
135075
10633.3
-33657
67378.7
132927
60161.5
114738
104805
8298.24
-45044.1
51385.6
-135852
97369.8
90403.6
-139442
169107
68585.9
15322.8
-74405.7
50660.5
14836
-91073.6
233951
-61688.2
-45110.9
-68909.7
-139467
-339773
-365278
-98441.8
281477
170583
-42665.7
-322367
8812.92
390439
190329
-235840
-337092
420865
-116722
-325670
-500366
75580.5
476219
-92759.5
-225940
-85514.8
373197
364562
204437
-39362.2
-198659
-156542
-209016
9275.44
372140
610172
506548
-398158
-693379
-359221
178423
701117
252815
-699607
-192408
536380
29176
-443398
-260556
126749
525978
-78136.4
-698805
-400902
301287
-169985
-396223
173342
755941
82839.7
-620499
-170882
736182
-175178
-286204
434425
-190522
-188601
410982
62273.6
-321976
119170
437199
357066
-471048
-325547
352949
-182425
-153985
524518
-244020
-113072
524985
-223558
-342499
361870
222972
-501373
131640
317401
8939.05
91617.6
129205
-210707
56349.4
395111
10459.9
-195727
11804.3
220426
284477
-163564
262440
493034
334323
-451432
-325322
-221989
338458
502735
-30839.5
62157.8
274280
-70270
-16009.3
-73302
-229353
168696
139325
116703
-1.19758e+06
-289081
285743
453732
-322096
-739956
-140630
318597
438116
510666
-259955
-922577
-813819
-262077
-3797.92
340967
398383
113060
-508860
-648444
-275829
-307658
-345428
-272293
105760
242052
53928.5
-483504
-439062
5129.22
2365.16
)
;
    }
    longitudinal_symmetry
    {
        type            symmetryPlane;
    }
    inlet
    {
        type            calculated;
        value           nonuniform List<scalar> 
42
(
-933.697
5448.16
-6328.8
286.787
-1610.62
-567.956
453.111
-1311.36
2495.62
-2408.17
-401.342
-118.83
177.388
47.1865
-501.83
-384.159
-412.723
-390.151
-374.119
-334.634
-320.699
-258.543
-338.299
-317.174
-345.493
-400.084
-423.769
-410.943
-402.812
-398.958
-366.97
-332.169
-273.854
-191.361
-108.558
-24.7913
72.2539
180.074
284.285
436.565
742.713
1156.82
)
;
    }
    outlet
    {
        type            calculated;
        value           nonuniform List<scalar> 
42
(
2365.16
43901.1
201552
-120839
79349
75172.9
-245920
102.133
268296
74435.1
-170905
51626.8
85072.8
-26422.2
-42210.7
-9569.53
-13058.6
8833.75
17021.3
-10559.5
-10024.2
1169.92
-244.27
-1612.2
-969.837
-445.026
105.231
591.567
907.236
402.203
-262.614
-5.15729
290.882
31.9082
-20.163
420.605
379.148
296.074
475.559
794.353
1085.79
1021.28
)
;
    }
}


// ************************************************************************* //
