/*--------------------------------*- C++ -*----------------------------------*\
| =========                 |                                                 |
| \\      /  F ield         | OpenFOAM: The Open Source CFD Toolbox           |
|  \\    /   O peration     | Version:  2406                                  |
|   \\  /    A nd           | Website:  www.openfoam.com                      |
|    \\/     M anipulation  |                                                 |
\*---------------------------------------------------------------------------*/
FoamFile
{
    version     2.0;
    format      ascii;
    arch        "LSB;label=32;scalar=64";
    class       volScalarField;
    location    "0.109";
    object      Mach;
}
// * * * * * * * * * * * * * * * * * * * * * * * * * * * * * * * * * * * * * //

dimensions      [0 0 0 0 0 0 0];

internalField   nonuniform List<scalar> 
8988
(
0.472426
0.472678
0.472771
0.4728
0.472809
0.472879
0.472923
0.472962
0.472974
0.472983
0.473005
0.473016
0.473019
0.473013
0.473013
0.473012
0.473005
0.472993
0.472976
0.472955
0.472932
0.472899
0.47285
0.472785
0.472706
0.472618
0.472525
0.472423
0.472307
0.472178
0.472038
0.471882
0.47171
0.471521
0.471318
0.471103
0.470877
0.470641
0.470409
0.470205
0.470071
0.469988
0.470688
0.471005
0.471165
0.471448
0.471485
0.471606
0.471773
0.471877
0.472022
0.472107
0.472203
0.472257
0.472305
0.472341
0.472402
0.47246
0.472514
0.472563
0.472602
0.472634
0.472661
0.47268
0.472691
0.472685
0.472667
0.472632
0.472587
0.472532
0.472456
0.472355
0.472247
0.472142
0.47203
0.471907
0.471775
0.471636
0.471495
0.471349
0.47121
0.471084
0.471012
0.470975
0.470106
0.470391
0.470655
0.470801
0.470934
0.470845
0.471042
0.471158
0.471269
0.471385
0.471529
0.471642
0.47171
0.471805
0.471918
0.472022
0.472105
0.472174
0.472231
0.472279
0.472323
0.472356
0.472381
0.4724
0.472409
0.472411
0.472408
0.4724
0.472395
0.472389
0.472354
0.472296
0.472231
0.472179
0.472128
0.472084
0.472052
0.472031
0.472017
0.472001
0.472003
0.472032
0.469753
0.470042
0.470225
0.47031
0.470302
0.469998
0.470151
0.470205
0.470368
0.470454
0.470658
0.470772
0.470881
0.47101
0.471181
0.47137
0.471513
0.471619
0.471707
0.471789
0.471866
0.471938
0.472006
0.472074
0.472142
0.472212
0.472275
0.472339
0.472423
0.472524
0.472606
0.472672
0.472731
0.472783
0.472844
0.472918
0.473005
0.4731
0.473193
0.473273
0.473347
0.473411
0.469442
0.469631
0.469905
0.469894
0.469647
0.46963
0.469344
0.469423
0.469466
0.469569
0.469707
0.469902
0.470197
0.470488
0.470737
0.470922
0.471077
0.471198
0.471311
0.471421
0.471532
0.471643
0.471756
0.471875
0.472002
0.472139
0.472296
0.472473
0.472648
0.472794
0.472964
0.473145
0.47333
0.473514
0.4737
0.473889
0.47408
0.474265
0.474439
0.474582
0.474719
0.474783
0.469266
0.469511
0.469792
0.469784
0.469501
0.469229
0.46913
0.4689
0.468931
0.468977
0.469139
0.469422
0.469832
0.4702
0.470493
0.470699
0.470874
0.471015
0.47115
0.47129
0.471438
0.471599
0.471775
0.47197
0.472179
0.472405
0.472653
0.47291
0.473172
0.473441
0.473714
0.473998
0.474284
0.474564
0.474834
0.475086
0.475321
0.475538
0.475731
0.475882
0.476028
0.476089
0.469446
0.469712
0.47008
0.47006
0.469782
0.469388
0.469081
0.468963
0.468754
0.46885
0.469074
0.469482
0.469966
0.470373
0.470696
0.470904
0.471092
0.471245
0.471397
0.471558
0.471729
0.471916
0.472126
0.472367
0.472626
0.472904
0.4732
0.473508
0.473826
0.474162
0.474508
0.474876
0.475246
0.475603
0.47594
0.476253
0.476542
0.476791
0.476997
0.477149
0.477308
0.477367
0.470225
0.470491
0.470571
0.470719
0.470454
0.470104
0.469566
0.469287
0.469181
0.469187
0.46949
0.469962
0.470476
0.470919
0.471272
0.471524
0.47172
0.471878
0.47204
0.472207
0.472385
0.47258
0.472796
0.473037
0.473296
0.473573
0.473865
0.474185
0.474534
0.474904
0.475287
0.475695
0.47611
0.476526
0.476926
0.477315
0.477672
0.477981
0.478236
0.478417
0.478615
0.478647
0.471452
0.471666
0.471949
0.471823
0.471547
0.471039
0.470635
0.470116
0.469909
0.469866
0.470068
0.470548
0.471125
0.471648
0.472073
0.472376
0.472578
0.472738
0.472883
0.473045
0.473223
0.473418
0.473627
0.473864
0.474125
0.474408
0.474714
0.475042
0.475398
0.475774
0.476169
0.476585
0.477013
0.477455
0.477895
0.478347
0.478778
0.479163
0.479489
0.479722
0.479967
0.479968
0.472747
0.473057
0.473233
0.473129
0.472788
0.471991
0.471486
0.471103
0.470903
0.470978
0.471256
0.471707
0.472273
0.472822
0.473283
0.473626
0.473861
0.474034
0.47417
0.474317
0.474476
0.47464
0.474815
0.475011
0.475229
0.475475
0.475745
0.476042
0.476369
0.476727
0.477114
0.477527
0.477958
0.478411
0.478875
0.479368
0.47986
0.480313
0.480717
0.481024
0.481345
0.481344
0.474511
0.474682
0.474912
0.474614
0.47422
0.473603
0.472793
0.47226
0.47199
0.472031
0.472378
0.472986
0.473623
0.474224
0.474701
0.47508
0.475345
0.475552
0.475699
0.475851
0.475988
0.476132
0.476272
0.476424
0.476588
0.47677
0.476978
0.477218
0.477496
0.477813
0.478169
0.478561
0.478984
0.479436
0.479915
0.480423
0.480942
0.481432
0.481892
0.482264
0.482663
0.482661
0.476392
0.476594
0.47673
0.476637
0.475794
0.475123
0.474335
0.473638
0.473352
0.473489
0.473904
0.474507
0.475197
0.475818
0.476327
0.476737
0.477043
0.477257
0.47743
0.477566
0.477706
0.477834
0.477963
0.478097
0.478235
0.478379
0.478538
0.478717
0.478923
0.479165
0.479449
0.479781
0.480161
0.480585
0.481049
0.481539
0.482042
0.482542
0.483025
0.483418
0.483855
0.483834
0.478515
0.478798
0.478785
0.478561
0.478012
0.47686
0.476123
0.47544
0.47504
0.475147
0.475671
0.47632
0.477048
0.477698
0.478203
0.478631
0.47895
0.479173
0.479349
0.479489
0.479614
0.479733
0.479859
0.479986
0.48012
0.48026
0.480408
0.480564
0.480733
0.480916
0.481118
0.481346
0.481615
0.481938
0.482319
0.482746
0.483189
0.483652
0.48412
0.484501
0.484956
0.48489
0.480946
0.481064
0.481077
0.48078
0.480007
0.479255
0.478091
0.477442
0.477136
0.477293
0.477862
0.478538
0.479235
0.479871
0.480363
0.480786
0.481103
0.481336
0.481515
0.481653
0.481772
0.481882
0.481998
0.482119
0.482244
0.482375
0.482512
0.482656
0.482808
0.482963
0.483118
0.483274
0.483432
0.483606
0.483809
0.484058
0.484367
0.484683
0.485072
0.485393
0.485819
0.485688
0.483455
0.483547
0.483567
0.483126
0.482413
0.481428
0.48046
0.479729
0.47959
0.479856
0.480392
0.481036
0.481672
0.482253
0.48276
0.483182
0.483502
0.483735
0.483917
0.484055
0.484168
0.484274
0.484376
0.484482
0.484591
0.484699
0.484807
0.484915
0.485025
0.485132
0.48523
0.485321
0.485399
0.485468
0.485526
0.485584
0.485643
0.485799
0.485954
0.486129
0.48648
0.486277
0.485665
0.485844
0.485942
0.485628
0.484641
0.483807
0.48299
0.482457
0.482387
0.48266
0.483143
0.483776
0.484401
0.484931
0.485431
0.485832
0.486135
0.48637
0.48654
0.486666
0.486767
0.48685
0.486931
0.487011
0.487085
0.487161
0.487229
0.487288
0.48734
0.487386
0.48742
0.487441
0.48744
0.487419
0.487365
0.487275
0.487155
0.487043
0.487002
0.486902
0.487063
0.486742
0.488447
0.488715
0.488517
0.488143
0.487432
0.486357
0.485566
0.485129
0.485078
0.485374
0.485925
0.48656
0.487193
0.48775
0.488214
0.488584
0.488868
0.489086
0.489241
0.489351
0.489435
0.489502
0.489555
0.489599
0.489639
0.489674
0.489699
0.489708
0.489702
0.489684
0.489646
0.489593
0.489515
0.489408
0.489262
0.489066
0.48881
0.488518
0.48825
0.487962
0.487871
0.487395
0.4918
0.491711
0.49157
0.490962
0.490047
0.488963
0.487917
0.487413
0.48749
0.487907
0.488543
0.489227
0.489868
0.490451
0.49092
0.491289
0.491577
0.491784
0.49194
0.49204
0.492109
0.492158
0.492189
0.492204
0.492209
0.492202
0.492179
0.492139
0.492079
0.492002
0.491902
0.491778
0.491624
0.491434
0.491204
0.490924
0.49058
0.490184
0.489761
0.489323
0.489138
0.488618
0.494038
0.494144
0.493992
0.493319
0.492424
0.491454
0.490676
0.490238
0.490193
0.490517
0.49106
0.491697
0.492347
0.492936
0.493438
0.493853
0.494155
0.494374
0.494538
0.494644
0.494703
0.494733
0.494744
0.494736
0.494712
0.49467
0.494611
0.494535
0.494436
0.494313
0.49416
0.493975
0.493755
0.493494
0.493191
0.492849
0.492454
0.492014
0.491556
0.491076
0.490745
0.490231
0.496815
0.496937
0.496613
0.496099
0.495251
0.494014
0.493133
0.492621
0.492556
0.49285
0.493359
0.49398
0.494649
0.495281
0.495836
0.496293
0.496639
0.496881
0.49705
0.497162
0.497218
0.49723
0.497225
0.497198
0.497151
0.497083
0.496996
0.496892
0.496764
0.496606
0.496414
0.496184
0.495917
0.495608
0.495258
0.494883
0.494472
0.494033
0.493593
0.493177
0.492848
0.49245
0.499539
0.499462
0.499356
0.498839
0.49774
0.496833
0.495673
0.495009
0.494794
0.494968
0.495457
0.496125
0.496862
0.497573
0.498182
0.49867
0.499038
0.499303
0.499481
0.499588
0.499641
0.499649
0.499633
0.49959
0.499527
0.499444
0.499337
0.499208
0.499055
0.49887
0.498651
0.498396
0.498105
0.49778
0.497417
0.497043
0.496649
0.496252
0.495878
0.495611
0.495357
0.495144
0.502233
0.502382
0.502216
0.501578
0.500743
0.49931
0.498226
0.497169
0.496745
0.496904
0.497474
0.498246
0.499084
0.499862
0.500518
0.501029
0.501401
0.501677
0.501861
0.501961
0.502011
0.502013
0.50199
0.501939
0.501866
0.501774
0.501656
0.501511
0.501341
0.50114
0.500909
0.500649
0.50036
0.500049
0.499704
0.499364
0.499025
0.498718
0.498447
0.498351
0.498134
0.49813
0.505156
0.50512
0.504888
0.504282
0.503182
0.501905
0.500511
0.499371
0.498834
0.498875
0.499457
0.500366
0.501334
0.502171
0.502851
0.503367
0.503736
0.504014
0.504202
0.504304
0.504349
0.504343
0.504322
0.504273
0.504197
0.504099
0.503974
0.503825
0.503654
0.503456
0.503231
0.502986
0.502722
0.502452
0.502164
0.501901
0.501656
0.501468
0.501299
0.501317
0.501095
0.501239
0.507734
0.507677
0.507346
0.506648
0.505503
0.504218
0.502682
0.501556
0.500955
0.50102
0.501694
0.502677
0.503682
0.50454
0.50521
0.505718
0.506088
0.506355
0.506539
0.506645
0.506684
0.506661
0.506638
0.506604
0.506537
0.506447
0.50633
0.506193
0.506039
0.505865
0.505673
0.505472
0.505264
0.505069
0.504873
0.504714
0.504568
0.504473
0.504362
0.504416
0.504196
0.504402
0.509719
0.509859
0.509471
0.508787
0.507749
0.506336
0.505018
0.503836
0.503248
0.503374
0.504148
0.505113
0.506077
0.506899
0.507545
0.508037
0.508413
0.508681
0.508865
0.508978
0.50902
0.509
0.508971
0.508954
0.508914
0.508849
0.508763
0.508662
0.50855
0.508429
0.508299
0.508176
0.508052
0.507949
0.507842
0.507765
0.507677
0.50763
0.507547
0.507608
0.507405
0.50764
0.511797
0.511842
0.511674
0.511043
0.509921
0.508492
0.507223
0.5062
0.505687
0.505835
0.506487
0.507408
0.50836
0.509174
0.509807
0.510305
0.510686
0.510961
0.51116
0.511291
0.511356
0.511366
0.511356
0.511366
0.511371
0.511354
0.511319
0.511279
0.511235
0.51119
0.511139
0.511097
0.511052
0.511024
0.51098
0.510959
0.510911
0.510895
0.510842
0.510911
0.510728
0.510986
0.514383
0.514399
0.514097
0.513367
0.5122
0.510828
0.509514
0.508321
0.507717
0.507829
0.508536
0.509532
0.510529
0.511372
0.512031
0.512551
0.512951
0.513251
0.513479
0.513639
0.513738
0.513792
0.51382
0.513871
0.513926
0.513972
0.514004
0.514031
0.514064
0.514099
0.514127
0.514163
0.514187
0.514224
0.514235
0.514266
0.514262
0.51428
0.514262
0.514348
0.514179
0.514459
0.516178
0.516366
0.515997
0.515453
0.514455
0.51306
0.511643
0.510512
0.509999
0.51009
0.51078
0.511771
0.512763
0.513615
0.514305
0.514852
0.515278
0.515619
0.515887
0.516084
0.516226
0.516326
0.516399
0.51649
0.5166
0.516705
0.516799
0.516895
0.516991
0.517096
0.517197
0.517306
0.5174
0.517505
0.517576
0.517667
0.517719
0.517778
0.517801
0.517914
0.517758
0.518061
0.518474
0.51841
0.518182
0.517661
0.51664
0.515236
0.513976
0.512897
0.512345
0.512549
0.513252
0.514205
0.515174
0.516029
0.516744
0.517324
0.517792
0.518172
0.518472
0.518703
0.51888
0.519016
0.519128
0.519245
0.519396
0.519546
0.519691
0.519844
0.519999
0.520165
0.520329
0.520504
0.520663
0.520836
0.520974
0.521132
0.52125
0.521362
0.521431
0.521585
0.521448
0.521774
0.520985
0.521034
0.520743
0.520129
0.519023
0.517698
0.516407
0.515376
0.515024
0.515242
0.515895
0.516777
0.517719
0.518596
0.519356
0.519983
0.520491
0.520904
0.521235
0.521494
0.5217
0.521879
0.522009
0.522139
0.522322
0.522508
0.522691
0.522886
0.523086
0.523303
0.523523
0.523756
0.523973
0.524208
0.524411
0.524635
0.524825
0.525001
0.525111
0.525318
0.525207
0.525555
0.524007
0.524127
0.523955
0.52322
0.52211
0.520672
0.519378
0.518207
0.517657
0.517904
0.518595
0.519509
0.520496
0.521426
0.522228
0.52289
0.523436
0.523883
0.524237
0.524516
0.524756
0.524941
0.525071
0.525199
0.525393
0.525603
0.525811
0.526035
0.526269
0.526523
0.526785
0.527066
0.527336
0.527624
0.527883
0.528162
0.528416
0.528653
0.528795
0.529058
0.528977
0.529344
0.527665
0.527783
0.527595
0.526919
0.525529
0.52424
0.522768
0.521553
0.520709
0.520783
0.521432
0.522441
0.52353
0.524538
0.525391
0.526076
0.526653
0.527124
0.527484
0.527788
0.528058
0.528246
0.52837
0.528486
0.528682
0.528899
0.529113
0.529344
0.529589
0.529857
0.530137
0.530444
0.530748
0.531073
0.531376
0.531696
0.531992
0.532278
0.532443
0.532761
0.532712
0.533088
0.531522
0.531484
0.531274
0.530656
0.529578
0.528329
0.52661
0.525322
0.52426
0.523969
0.524508
0.525624
0.526835
0.527939
0.528856
0.529576
0.530173
0.530649
0.531008
0.531321
0.531591
0.531787
0.531897
0.531976
0.532169
0.532383
0.532599
0.532825
0.533068
0.533332
0.533612
0.533921
0.534234
0.534572
0.534895
0.535232
0.535546
0.535864
0.536044
0.536403
0.53638
0.536748
0.535588
0.535501
0.535267
0.534737
0.533618
0.532227
0.530769
0.529248
0.528103
0.527775
0.528241
0.529271
0.530497
0.531649
0.532602
0.533357
0.533963
0.534436
0.53481
0.535121
0.535376
0.535599
0.535697
0.535716
0.535896
0.536093
0.536298
0.536507
0.536729
0.536972
0.537232
0.53752
0.537814
0.538137
0.538451
0.538781
0.539089
0.53942
0.539603
0.539981
0.539978
0.540319
0.539516
0.539643
0.539519
0.538879
0.53791
0.536275
0.53485
0.533372
0.532223
0.531801
0.532251
0.533227
0.53444
0.535597
0.536568
0.537343
0.537948
0.538429
0.538813
0.539116
0.539367
0.539594
0.539693
0.539674
0.539832
0.539998
0.540179
0.540359
0.540547
0.540755
0.54098
0.541232
0.541494
0.541783
0.542069
0.542372
0.542655
0.542976
0.543148
0.543521
0.543533
0.543831
0.543825
0.543949
0.543673
0.54318
0.542117
0.540831
0.539131
0.537591
0.536578
0.536205
0.536539
0.537438
0.538601
0.53974
0.540715
0.541501
0.542111
0.5426
0.542982
0.54328
0.543522
0.543727
0.54383
0.543803
0.543912
0.544052
0.544211
0.544363
0.544519
0.544691
0.544875
0.545082
0.545298
0.545541
0.545783
0.546045
0.546286
0.546578
0.546721
0.547069
0.547087
0.547331
0.548566
0.54856
0.548256
0.547682
0.54654
0.545166
0.543638
0.542032
0.540864
0.540469
0.540764
0.541614
0.542764
0.543922
0.544925
0.54573
0.546361
0.546863
0.54725
0.547552
0.547791
0.547978
0.548091
0.54808
0.548105
0.548225
0.548359
0.548482
0.548608
0.548745
0.548891
0.549056
0.549228
0.549422
0.549615
0.549827
0.550015
0.550263
0.550366
0.550672
0.550685
0.550871
0.553092
0.553239
0.553095
0.552393
0.551421
0.549683
0.548201
0.546644
0.545353
0.544662
0.544853
0.545697
0.546899
0.548117
0.549169
0.55001
0.55067
0.551183
0.551572
0.551879
0.552117
0.552295
0.552416
0.552438
0.552398
0.552495
0.552598
0.552701
0.5528
0.552906
0.553017
0.553144
0.553274
0.553422
0.553567
0.553729
0.55386
0.554058
0.554117
0.55437
0.554366
0.554494
0.557924
0.557975
0.557668
0.557077
0.555955
0.554727
0.552762
0.551253
0.549863
0.549081
0.549106
0.549873
0.551058
0.552305
0.553402
0.554288
0.554982
0.555511
0.55592
0.556248
0.556491
0.556667
0.556794
0.556832
0.556768
0.556842
0.556913
0.557004
0.557084
0.557165
0.557248
0.557342
0.557437
0.557541
0.557638
0.557753
0.557827
0.557973
0.557991
0.558189
0.55816
0.558239
0.562838
0.562746
0.562454
0.56177
0.560699
0.559212
0.557755
0.555761
0.554505
0.553522
0.553443
0.554106
0.555251
0.556513
0.557652
0.558588
0.559322
0.559867
0.560312
0.560658
0.560903
0.561096
0.561232
0.561274
0.561205
0.561264
0.561309
0.561388
0.561453
0.561514
0.561573
0.561638
0.561699
0.561764
0.561818
0.56189
0.561916
0.562012
0.561995
0.562143
0.562085
0.562129
0.567471
0.567542
0.567335
0.566735
0.565342
0.563927
0.562295
0.560702
0.559038
0.558048
0.557844
0.558408
0.559511
0.560782
0.561966
0.562945
0.563708
0.5643
0.564771
0.565122
0.565388
0.565601
0.565736
0.565774
0.565708
0.565748
0.565775
0.56584
0.565892
0.565939
0.565978
0.566017
0.56605
0.566082
0.566099
0.566138
0.566126
0.566177
0.566129
0.566233
0.566146
0.566174
0.572136
0.57228
0.572097
0.571356
0.57039
0.568571
0.566973
0.565271
0.563759
0.562665
0.562372
0.562846
0.563896
0.565165
0.566372
0.567393
0.568173
0.568798
0.569286
0.569635
0.569941
0.570169
0.570296
0.570338
0.570295
0.570305
0.570316
0.570363
0.570401
0.570431
0.570453
0.570471
0.570481
0.570487
0.570475
0.570486
0.570446
0.57046
0.570385
0.570455
0.570339
0.570366
0.577047
0.577008
0.576829
0.576167
0.575052
0.573667
0.571713
0.569949
0.568386
0.567433
0.567069
0.567434
0.568416
0.56967
0.570895
0.571932
0.572758
0.573407
0.573896
0.574268
0.574588
0.57481
0.574935
0.574986
0.57496
0.574933
0.574934
0.574966
0.574987
0.574998
0.575002
0.575
0.574989
0.574975
0.574936
0.574923
0.574864
0.574847
0.574755
0.5748
0.574658
0.574693
0.582178
0.582037
0.581676
0.581023
0.579871
0.578485
0.576598
0.574765
0.573281
0.572071
0.571626
0.572078
0.573053
0.5743
0.575547
0.576607
0.577467
0.578142
0.578639
0.579042
0.579349
0.579543
0.579662
0.579712
0.579685
0.579623
0.579618
0.579637
0.579641
0.579634
0.579623
0.579605
0.579577
0.579546
0.579486
0.579452
0.579379
0.579339
0.579234
0.579266
0.579104
0.579152
0.586753
0.58688
0.586676
0.585944
0.58469
0.583091
0.581413
0.579667
0.578025
0.576929
0.576597
0.57695
0.577875
0.57909
0.580311
0.581376
0.582241
0.58292
0.583442
0.583844
0.584139
0.584343
0.584453
0.584482
0.58445
0.584377
0.584367
0.584365
0.584359
0.584343
0.584314
0.584281
0.584239
0.5842
0.584127
0.584075
0.583994
0.583938
0.583824
0.58385
0.583672
0.583738
0.591753
0.591896
0.591698
0.590938
0.589964
0.588073
0.586386
0.584606
0.582993
0.581815
0.581446
0.581801
0.582752
0.583959
0.585188
0.586246
0.587083
0.587768
0.5883
0.588689
0.588974
0.589205
0.589318
0.589322
0.589278
0.589201
0.58918
0.589158
0.589144
0.589124
0.589084
0.589037
0.588984
0.58894
0.588862
0.588801
0.588718
0.588652
0.58853
0.588557
0.588368
0.58845
0.597024
0.59712
0.59677
0.596035
0.594897
0.593334
0.591432
0.589594
0.587986
0.586769
0.586295
0.586615
0.587586
0.588811
0.590067
0.591149
0.591961
0.592667
0.593207
0.593578
0.593881
0.594112
0.594217
0.594219
0.594176
0.594095
0.594059
0.59402
0.594
0.593976
0.593931
0.59388
0.59382
0.593773
0.593697
0.593632
0.593552
0.593484
0.593357
0.593389
0.593192
0.593293
0.602184
0.602384
0.601949
0.601155
0.600002
0.598361
0.59647
0.594682
0.593003
0.591705
0.5912
0.591493
0.592444
0.593708
0.594974
0.59607
0.596888
0.597572
0.598101
0.598462
0.598798
0.599037
0.599141
0.599159
0.599128
0.599047
0.598999
0.598951
0.598929
0.598903
0.59886
0.598814
0.598753
0.598706
0.598634
0.59857
0.598499
0.598436
0.598308
0.598349
0.59815
0.598272
0.60736
0.607578
0.607078
0.606275
0.605189
0.60344
0.601644
0.599768
0.598089
0.596783
0.596079
0.596296
0.597272
0.598588
0.599881
0.600976
0.601833
0.602498
0.602991
0.603366
0.603733
0.603981
0.604095
0.604138
0.604122
0.604044
0.60399
0.603943
0.603922
0.6039
0.603867
0.60383
0.603774
0.603733
0.603672
0.603614
0.603558
0.60351
0.603391
0.603445
0.603248
0.603391
0.612429
0.612362
0.612079
0.611324
0.610142
0.608665
0.606737
0.604732
0.603141
0.601765
0.601076
0.601349
0.602204
0.603448
0.604756
0.605858
0.606779
0.607483
0.607982
0.608407
0.608756
0.608982
0.609108
0.609166
0.609156
0.609089
0.609033
0.608994
0.608976
0.608965
0.608944
0.608919
0.608875
0.60885
0.608809
0.608763
0.608724
0.608698
0.608596
0.608666
0.608476
0.608641
0.617377
0.617469
0.617237
0.616464
0.615254
0.613643
0.611982
0.61
0.608283
0.606773
0.606029
0.606209
0.60706
0.608332
0.609663
0.610813
0.611759
0.612494
0.613053
0.613511
0.613845
0.614062
0.614198
0.614252
0.614244
0.614194
0.61414
0.614113
0.614105
0.614109
0.614106
0.614097
0.614069
0.614061
0.614042
0.614014
0.613993
0.613993
0.613912
0.613998
0.613822
0.614007
0.622424
0.622531
0.622121
0.621466
0.620226
0.61885
0.616814
0.615038
0.613259
0.611785
0.611122
0.611309
0.612177
0.613439
0.614729
0.615876
0.616831
0.61758
0.61818
0.618638
0.618965
0.6192
0.619348
0.619402
0.6194
0.619371
0.619325
0.619315
0.619316
0.619335
0.619351
0.619363
0.619357
0.619365
0.61937
0.619362
0.61936
0.619384
0.619324
0.619424
0.61926
0.619461
0.627878
0.627696
0.627315
0.626657
0.625407
0.623969
0.622069
0.6202
0.618352
0.616962
0.616249
0.616401
0.617281
0.618554
0.619847
0.620996
0.621945
0.622708
0.623316
0.62379
0.624157
0.624422
0.624582
0.624648
0.624657
0.624643
0.624601
0.624603
0.624611
0.624646
0.62468
0.62471
0.624726
0.624748
0.624774
0.624791
0.624806
0.624854
0.624817
0.624928
0.62477
0.624984
0.632861
0.632972
0.632741
0.631932
0.630827
0.628946
0.627205
0.62532
0.623542
0.622207
0.621625
0.621772
0.622617
0.623843
0.625116
0.62624
0.627178
0.627943
0.628546
0.62904
0.629435
0.629718
0.629894
0.629982
0.630006
0.630008
0.629977
0.629986
0.630002
0.63005
0.630097
0.630141
0.630173
0.63021
0.630252
0.630289
0.630315
0.630383
0.630369
0.63049
0.630336
0.630563
0.638189
0.638372
0.637996
0.637303
0.636157
0.634737
0.632475
0.630676
0.628973
0.627649
0.627068
0.62732
0.628126
0.629272
0.630474
0.63158
0.632501
0.63326
0.633885
0.634401
0.634815
0.635127
0.635336
0.635445
0.635477
0.635485
0.635462
0.635474
0.635495
0.63555
0.635602
0.635651
0.635696
0.635742
0.635796
0.635849
0.635883
0.635964
0.635967
0.636095
0.635942
0.636183
0.644091
0.644069
0.643672
0.642969
0.6418
0.640181
0.638537
0.636347
0.634624
0.633153
0.632599
0.63272
0.633514
0.634733
0.635958
0.637058
0.637994
0.638703
0.639354
0.63987
0.640273
0.640646
0.640913
0.641034
0.641058
0.641063
0.641055
0.641054
0.641076
0.641136
0.641187
0.641242
0.641295
0.641344
0.641403
0.641467
0.641503
0.641589
0.641604
0.641734
0.641577
0.641832
0.649968
0.65007
0.649832
0.649017
0.647963
0.646031
0.644222
0.642284
0.640422
0.6389
0.638136
0.638272
0.639078
0.640275
0.641521
0.642624
0.64357
0.644264
0.644974
0.645535
0.645925
0.646319
0.646605
0.646729
0.646752
0.646761
0.646761
0.646744
0.646765
0.646816
0.646861
0.646916
0.646969
0.647017
0.647074
0.647139
0.647171
0.647252
0.647272
0.647402
0.647236
0.647504
0.656182
0.656296
0.655931
0.655146
0.653945
0.652408
0.650381
0.648399
0.646536
0.64482
0.643932
0.643849
0.64463
0.645822
0.647114
0.648312
0.649305
0.650113
0.650811
0.651371
0.651786
0.652155
0.652408
0.652522
0.652548
0.652554
0.652551
0.652527
0.652549
0.652587
0.652629
0.652678
0.652722
0.652762
0.65281
0.65287
0.652893
0.652962
0.652981
0.653108
0.652925
0.653207
0.662528
0.662604
0.662366
0.661563
0.659991
0.658452
0.656641
0.654505
0.652431
0.650829
0.649915
0.649761
0.650414
0.651574
0.652885
0.654127
0.655169
0.656042
0.656752
0.657291
0.657715
0.658075
0.658316
0.658429
0.658459
0.658458
0.65845
0.658416
0.658431
0.658451
0.658479
0.658516
0.658551
0.658581
0.658614
0.658662
0.658672
0.658725
0.658738
0.658862
0.658657
0.658957
0.668654
0.668736
0.668462
0.667724
0.666226
0.664646
0.662781
0.660897
0.658495
0.657172
0.655886
0.655718
0.65643
0.657603
0.658879
0.660118
0.661169
0.662011
0.662731
0.663295
0.663723
0.66407
0.664313
0.664425
0.664446
0.664438
0.664429
0.66439
0.664395
0.6644
0.664409
0.66443
0.664453
0.664472
0.664487
0.664522
0.664519
0.664552
0.664556
0.664679
0.664446
0.664769
0.674844
0.675076
0.674614
0.67385
0.672712
0.670897
0.668918
0.666848
0.665054
0.663327
0.662126
0.661832
0.662427
0.663577
0.664906
0.666168
0.667234
0.668054
0.668788
0.669367
0.669806
0.670162
0.670409
0.670519
0.670534
0.670511
0.670488
0.670438
0.670434
0.670423
0.670414
0.670418
0.670429
0.670437
0.670436
0.670455
0.670438
0.670448
0.67044
0.670563
0.670295
0.670648
0.681107
0.681106
0.680797
0.680062
0.678813
0.677411
0.675261
0.673224
0.671298
0.669576
0.668233
0.667934
0.668528
0.66974
0.671112
0.672339
0.673426
0.674257
0.674987
0.67555
0.675939
0.676334
0.676592
0.676694
0.676699
0.676657
0.676616
0.676555
0.676536
0.676512
0.676491
0.676481
0.676477
0.676469
0.67645
0.676455
0.676425
0.676414
0.676394
0.676518
0.676211
0.676604
0.687804
0.687703
0.687244
0.68655
0.685343
0.683759
0.681959
0.679455
0.677552
0.675759
0.67457
0.674244
0.674771
0.675959
0.677358
0.678561
0.679638
0.680438
0.68117
0.681733
0.682083
0.682487
0.682768
0.682903
0.682912
0.682872
0.682825
0.682752
0.682713
0.682675
0.682643
0.68262
0.682599
0.682576
0.682539
0.68253
0.682491
0.682463
0.682434
0.682558
0.68221
0.682653
0.694099
0.694304
0.694212
0.693347
0.691837
0.689862
0.68809
0.686151
0.683892
0.682092
0.680882
0.680615
0.681129
0.68223
0.683564
0.684772
0.685792
0.686662
0.687376
0.687906
0.688299
0.688708
0.689019
0.689163
0.689201
0.689163
0.689102
0.689022
0.688965
0.688913
0.68887
0.688834
0.688798
0.688762
0.688709
0.688686
0.68864
0.688598
0.688563
0.688683
0.688295
0.688799
0.700427
0.700552
0.700444
0.699757
0.698174
0.69654
0.694726
0.692764
0.690531
0.68864
0.687271
0.686834
0.68733
0.688479
0.689798
0.691051
0.692089
0.69295
0.693657
0.694134
0.694606
0.695002
0.695282
0.69545
0.695521
0.695476
0.695408
0.695334
0.695272
0.695209
0.695159
0.695112
0.695068
0.695025
0.694961
0.694926
0.694873
0.694821
0.694786
0.694899
0.694476
0.695045
0.707287
0.707359
0.707088
0.706237
0.704768
0.70312
0.701231
0.699073
0.696705
0.695076
0.693765
0.693242
0.69371
0.694743
0.696035
0.697291
0.698403
0.699261
0.699901
0.70044
0.70092
0.701301
0.701584
0.701802
0.701876
0.701813
0.701743
0.701681
0.701615
0.701549
0.701499
0.701448
0.701399
0.701354
0.701286
0.701245
0.701189
0.701129
0.701099
0.7012
0.700746
0.701377
0.7139
0.714111
0.713947
0.713082
0.71128
0.709773
0.70805
0.705776
0.703449
0.701645
0.700114
0.699446
0.699836
0.700835
0.702209
0.703543
0.704653
0.705546
0.706224
0.70682
0.707305
0.707666
0.707983
0.708199
0.708258
0.708206
0.708144
0.70808
0.708005
0.707941
0.707892
0.707841
0.707793
0.707745
0.707676
0.707628
0.707575
0.707515
0.707497
0.707582
0.707103
0.707785
0.720928
0.720826
0.720421
0.719528
0.71815
0.716583
0.714808
0.712165
0.710226
0.708305
0.706551
0.705814
0.706058
0.707036
0.708433
0.70981
0.711004
0.711949
0.712693
0.713294
0.713736
0.714139
0.714454
0.714638
0.714708
0.714689
0.71462
0.71454
0.714461
0.714395
0.71434
0.714288
0.714237
0.714189
0.714124
0.714075
0.714026
0.713965
0.713965
0.714034
0.713537
0.714251
0.727658
0.727499
0.726989
0.726153
0.724903
0.723397
0.721495
0.718852
0.716922
0.714965
0.713155
0.712279
0.712415
0.713361
0.714769
0.716175
0.717396
0.718405
0.7192
0.719769
0.720263
0.720674
0.720963
0.721136
0.721228
0.721217
0.721136
0.721055
0.720981
0.720912
0.720861
0.720817
0.720761
0.720711
0.720647
0.720595
0.720547
0.720475
0.720498
0.720549
0.720042
0.72077
0.734507
0.734195
0.733497
0.732807
0.731673
0.730159
0.727817
0.725621
0.723667
0.721592
0.719791
0.718854
0.718921
0.719835
0.721224
0.722645
0.723913
0.724935
0.725729
0.726356
0.726867
0.727263
0.727532
0.727738
0.727836
0.727808
0.727723
0.727654
0.727579
0.7275
0.727454
0.727416
0.727357
0.727306
0.727242
0.727182
0.727132
0.72704
0.727089
0.727124
0.726617
0.727346
0.741038
0.740959
0.74035
0.739595
0.738451
0.736872
0.734223
0.732422
0.73042
0.728176
0.726524
0.725459
0.725454
0.72641
0.727812
0.729245
0.730526
0.73158
0.732384
0.733038
0.733561
0.733934
0.734228
0.734436
0.734519
0.73449
0.734409
0.734337
0.734252
0.734168
0.734121
0.73408
0.734019
0.733964
0.733898
0.733831
0.733776
0.733663
0.733739
0.733761
0.733266
0.733992
0.747559
0.747933
0.747306
0.746567
0.745374
0.743109
0.741078
0.739287
0.737268
0.734839
0.733216
0.732086
0.732046
0.733096
0.734501
0.735981
0.737254
0.738252
0.739106
0.739753
0.740244
0.740642
0.740961
0.741146
0.741219
0.741208
0.741131
0.74105
0.740964
0.740883
0.740833
0.740787
0.740721
0.74066
0.740594
0.740525
0.740471
0.740344
0.740448
0.740461
0.739987
0.740702
0.754259
0.754605
0.754576
0.753516
0.751802
0.749673
0.748041
0.74609
0.743613
0.741571
0.739858
0.738803
0.738911
0.7399
0.741312
0.742752
0.744068
0.745074
0.745868
0.74653
0.746987
0.747439
0.747754
0.74793
0.748019
0.748015
0.747919
0.747825
0.747739
0.747654
0.747599
0.747552
0.747482
0.747414
0.747345
0.74727
0.747213
0.747073
0.747205
0.747217
0.746765
0.747468
0.761337
0.761575
0.761439
0.760538
0.758231
0.756845
0.755106
0.752847
0.750246
0.748451
0.74661
0.745539
0.745726
0.746624
0.748073
0.749617
0.750871
0.751941
0.752743
0.753373
0.753892
0.754338
0.754635
0.754804
0.754889
0.75487
0.754768
0.754672
0.754574
0.754476
0.754418
0.754367
0.754294
0.75422
0.75415
0.754069
0.754003
0.753848
0.754009
0.754023
0.753593
0.754285
0.768997
0.76885
0.768189
0.767045
0.765741
0.764218
0.762173
0.759239
0.757466
0.755506
0.75343
0.752515
0.752603
0.753518
0.75498
0.756464
0.757786
0.758835
0.759675
0.760331
0.760843
0.761232
0.761513
0.761686
0.761747
0.761727
0.761655
0.761567
0.761457
0.761354
0.761293
0.761231
0.761155
0.761079
0.761006
0.760917
0.760845
0.76067
0.760868
0.760885
0.760474
0.761152
0.775838
0.775925
0.775388
0.774545
0.77323
0.771435
0.768554
0.76664
0.764588
0.762294
0.76057
0.759666
0.759521
0.760316
0.761737
0.763284
0.764669
0.765779
0.76663
0.767286
0.767765
0.768133
0.768415
0.768579
0.768657
0.768662
0.768594
0.768494
0.768381
0.768281
0.768207
0.768139
0.768065
0.767988
0.767909
0.767812
0.767739
0.767544
0.76779
0.767808
0.767418
0.768078
0.782959
0.783346
0.782843
0.782108
0.780878
0.778226
0.77611
0.774187
0.772008
0.769426
0.767649
0.766421
0.766197
0.767043
0.768493
0.770119
0.771562
0.772734
0.773613
0.774227
0.774738
0.775083
0.775375
0.775525
0.775658
0.77569
0.775611
0.775496
0.775393
0.775295
0.775195
0.775109
0.775029
0.774948
0.774861
0.774751
0.77468
0.774468
0.774767
0.774781
0.774406
0.775047
0.790173
0.790535
0.790539
0.789578
0.78735
0.78538
0.783466
0.781241
0.778372
0.776362
0.774446
0.773332
0.773291
0.774147
0.775598
0.777208
0.778636
0.779739
0.780616
0.781262
0.781745
0.78214
0.782373
0.782581
0.782717
0.782733
0.78264
0.782535
0.782448
0.782342
0.782236
0.782144
0.782051
0.781953
0.781858
0.781737
0.781678
0.781461
0.781807
0.78181
0.781442
0.78206
0.797778
0.797663
0.797127
0.796114
0.794574
0.792593
0.79032
0.787652
0.785441
0.783145
0.781317
0.780542
0.780623
0.781568
0.782992
0.784456
0.785841
0.786927
0.787703
0.788407
0.788823
0.789202
0.789441
0.78972
0.789842
0.789836
0.789742
0.789649
0.789545
0.789424
0.789306
0.789212
0.789115
0.78901
0.78891
0.788778
0.788737
0.788518
0.788895
0.78888
0.788515
0.789109
0.8051
0.804803
0.80401
0.803201
0.801967
0.800065
0.797014
0.794984
0.792739
0.790236
0.788532
0.78769
0.787785
0.788798
0.790217
0.791663
0.79296
0.794082
0.794884
0.795514
0.795979
0.796222
0.796528
0.796773
0.796923
0.796949
0.796918
0.796827
0.796699
0.796561
0.796434
0.796327
0.796223
0.79612
0.796017
0.795882
0.795857
0.795627
0.796027
0.795991
0.795626
0.796197
0.811738
0.812248
0.811843
0.810752
0.809134
0.806744
0.804836
0.802635
0.800037
0.79763
0.795928
0.794846
0.794821
0.795794
0.797126
0.798667
0.800056
0.801172
0.802051
0.802662
0.803041
0.803359
0.803619
0.803872
0.803997
0.804098
0.80412
0.804014
0.803867
0.803731
0.803604
0.803489
0.803384
0.803281
0.803172
0.803044
0.803032
0.802778
0.803193
0.803142
0.802779
0.803329
0.819249
0.819312
0.819129
0.818051
0.81617
0.814425
0.81238
0.80988
0.80701
0.805296
0.803486
0.802073
0.801902
0.802583
0.803984
0.805624
0.807159
0.808351
0.809188
0.80981
0.810178
0.810547
0.81078
0.811024
0.811183
0.811336
0.811336
0.811223
0.811083
0.810958
0.810819
0.810702
0.810597
0.810491
0.810377
0.810247
0.810253
0.809986
0.810401
0.810333
0.809973
0.810507
0.826946
0.826847
0.82624
0.825206
0.823734
0.822096
0.82003
0.816598
0.814697
0.812868
0.810851
0.809304
0.808946
0.809502
0.810989
0.812717
0.814285
0.815517
0.81637
0.816984
0.817402
0.817769
0.818003
0.818207
0.818411
0.818574
0.81857
0.81847
0.818364
0.818255
0.818108
0.817986
0.817877
0.817757
0.817631
0.817482
0.817517
0.817263
0.817662
0.817569
0.81721
0.817727
0.834529
0.834136
0.833416
0.832575
0.831367
0.829555
0.826583
0.824256
0.822231
0.820135
0.817911
0.816637
0.816053
0.816587
0.818146
0.819937
0.821514
0.822779
0.823602
0.824219
0.824651
0.825005
0.825216
0.825434
0.825639
0.825815
0.825824
0.825753
0.825671
0.825577
0.825433
0.825297
0.825183
0.825053
0.824922
0.824763
0.824823
0.824594
0.82497
0.824861
0.824506
0.825004
0.841773
0.841832
0.841086
0.840232
0.839051
0.837024
0.834003
0.831988
0.82972
0.827154
0.825192
0.823895
0.823323
0.823847
0.825376
0.82719
0.828777
0.830084
0.830931
0.831504
0.831942
0.83225
0.832481
0.83269
0.832881
0.833059
0.833098
0.833063
0.832987
0.832915
0.832783
0.832636
0.832509
0.83237
0.832237
0.832092
0.832167
0.831954
0.832312
0.832188
0.831841
0.832314
0.848758
0.849211
0.849189
0.848117
0.846483
0.84377
0.841761
0.839526
0.836939
0.834654
0.832618
0.831032
0.830529
0.831149
0.832631
0.834487
0.836095
0.83734
0.838288
0.838858
0.83931
0.839535
0.839812
0.83996
0.840184
0.840329
0.840436
0.840416
0.840377
0.840297
0.840159
0.840014
0.839885
0.839743
0.839602
0.83947
0.839542
0.839328
0.839667
0.839527
0.839185
0.839635
0.856574
0.856802
0.856774
0.855923
0.853466
0.85176
0.849733
0.847281
0.844365
0.842229
0.840032
0.838229
0.837803
0.838455
0.839939
0.841733
0.843366
0.844622
0.845589
0.846281
0.846693
0.847022
0.847173
0.84738
0.84758
0.847754
0.847812
0.84783
0.847804
0.847694
0.847558
0.84742
0.847299
0.847163
0.847025
0.846887
0.846951
0.84673
0.847042
0.846882
0.846544
0.84697
0.864894
0.86466
0.864067
0.862958
0.861425
0.859695
0.857571
0.854322
0.851873
0.849606
0.8473
0.845725
0.845345
0.845848
0.847243
0.848961
0.850577
0.851931
0.852923
0.853688
0.854126
0.854427
0.854639
0.85486
0.85505
0.85516
0.855236
0.855286
0.855222
0.855099
0.854966
0.854844
0.854723
0.854592
0.854465
0.854308
0.854376
0.854159
0.85444
0.854264
0.85394
0.854343
0.872509
0.872453
0.871718
0.870689
0.869271
0.867501
0.864839
0.862046
0.859775
0.857231
0.854756
0.853432
0.852792
0.853192
0.854559
0.856291
0.857883
0.859267
0.86031
0.861049
0.861566
0.861885
0.862157
0.862346
0.862503
0.862584
0.862695
0.862722
0.862651
0.862523
0.862403
0.862287
0.862153
0.862017
0.8619
0.861723
0.861801
0.861595
0.861852
0.861672
0.861367
0.861751
0.879612
0.879901
0.879513
0.87853
0.87711
0.874657
0.87197
0.869909
0.867527
0.864589
0.862595
0.860898
0.860211
0.860744
0.862108
0.863797
0.865307
0.866668
0.867736
0.868432
0.868966
0.86936
0.869666
0.869868
0.869969
0.870072
0.870182
0.870189
0.870113
0.869986
0.869874
0.869754
0.869607
0.869457
0.869346
0.869154
0.869237
0.869043
0.869278
0.869105
0.868819
0.869183
0.886902
0.887201
0.887124
0.886086
0.884516
0.881821
0.879903
0.877667
0.874995
0.872143
0.870391
0.868617
0.867592
0.868293
0.869581
0.871224
0.872815
0.874135
0.875263
0.875895
0.87644
0.876815
0.87713
0.877311
0.877428
0.877548
0.877674
0.877688
0.87761
0.877483
0.877362
0.877237
0.877084
0.876924
0.87682
0.876622
0.876704
0.876515
0.876727
0.876561
0.876294
0.876642
0.894541
0.894871
0.894929
0.893921
0.891725
0.889748
0.88775
0.885486
0.882315
0.880163
0.878054
0.876011
0.874997
0.875639
0.876903
0.878576
0.880322
0.881703
0.882809
0.883532
0.883995
0.884311
0.884567
0.884754
0.884894
0.885001
0.885136
0.88521
0.885148
0.885006
0.884862
0.884732
0.884581
0.884419
0.884316
0.884117
0.884195
0.884015
0.884204
0.884036
0.883784
0.884112
0.902426
0.902324
0.901907
0.900952
0.89939
0.897453
0.895052
0.892318
0.890054
0.887639
0.885214
0.883533
0.883002
0.883262
0.884484
0.886253
0.887986
0.889388
0.890441
0.891167
0.891563
0.891866
0.89207
0.892293
0.892413
0.892528
0.892642
0.892741
0.892691
0.892541
0.892391
0.892258
0.892105
0.891943
0.891835
0.891631
0.891702
0.891524
0.891691
0.891517
0.891279
0.891583
0.910255
0.910084
0.909466
0.90851
0.907127
0.905278
0.902532
0.899834
0.897451
0.894925
0.892263
0.890875
0.890365
0.890852
0.892265
0.894052
0.895745
0.897087
0.898102
0.898787
0.899163
0.89946
0.89964
0.899881
0.900038
0.900141
0.900255
0.90031
0.900239
0.9001
0.899957
0.899816
0.89966
0.899496
0.899379
0.899163
0.899221
0.899035
0.899174
0.898989
0.898766
0.899047
0.918079
0.917822
0.917088
0.916212
0.914836
0.913021
0.910281
0.907396
0.905052
0.902539
0.899901
0.898321
0.897832
0.898454
0.899941
0.901698
0.903414
0.90466
0.905644
0.906354
0.906699
0.907036
0.907253
0.907538
0.907737
0.907853
0.907936
0.907926
0.907821
0.907694
0.907558
0.907408
0.907246
0.907068
0.906935
0.906697
0.906736
0.906537
0.906651
0.906464
0.906257
0.906525
0.925855
0.925534
0.924742
0.923967
0.922705
0.920901
0.917578
0.915145
0.912919
0.910243
0.907497
0.905853
0.905357
0.906078
0.907578
0.909333
0.911025
0.912291
0.913208
0.913963
0.914266
0.91465
0.91491
0.915194
0.915419
0.915559
0.915626
0.915586
0.915465
0.915322
0.915168
0.915004
0.914832
0.914629
0.914476
0.914223
0.914249
0.914046
0.914139
0.91396
0.913769
0.914027
0.933475
0.933396
0.932629
0.931689
0.930549
0.928568
0.925049
0.923048
0.920668
0.917652
0.915148
0.913456
0.912894
0.91369
0.915211
0.917023
0.918695
0.920024
0.920933
0.921651
0.922018
0.922351
0.922652
0.922837
0.923043
0.923183
0.923266
0.923238
0.923125
0.922972
0.922784
0.922586
0.922395
0.922177
0.92202
0.921763
0.921775
0.921574
0.921647
0.921478
0.921301
0.921543
0.940944
0.941215
0.940377
0.939713
0.938396
0.935615
0.933143
0.931074
0.928517
0.92531
0.922878
0.921086
0.920488
0.921239
0.92279
0.924723
0.926406
0.92777
0.928767
0.929321
0.929806
0.930048
0.930325
0.930466
0.930623
0.930778
0.930869
0.930859
0.930765
0.930605
0.930397
0.930186
0.929977
0.929742
0.929577
0.929325
0.929327
0.929131
0.929185
0.929023
0.928864
0.929086
0.948407
0.948787
0.948538
0.947594
0.946056
0.943063
0.941313
0.939186
0.9362
0.933285
0.930727
0.928825
0.928207
0.928811
0.930379
0.932397
0.934149
0.935509
0.93653
0.937032
0.937478
0.937775
0.937938
0.938113
0.938213
0.938359
0.938438
0.938451
0.938387
0.938232
0.938014
0.937802
0.937591
0.937348
0.937172
0.936916
0.936901
0.936708
0.936735
0.936573
0.936432
0.936634
0.956093
0.956495
0.956547
0.955684
0.952761
0.951253
0.949531
0.947115
0.943644
0.941221
0.93866
0.936654
0.935944
0.936426
0.938079
0.940087
0.94188
0.943275
0.944173
0.944792
0.945152
0.945492
0.94559
0.945779
0.945878
0.945974
0.94604
0.946068
0.946021
0.945867
0.945636
0.945417
0.945201
0.944953
0.944774
0.94452
0.944483
0.944283
0.944278
0.944122
0.943999
0.944183
0.964453
0.964343
0.964191
0.962744
0.960891
0.959474
0.957475
0.954129
0.95162
0.949089
0.946302
0.944473
0.943691
0.944186
0.9459
0.947819
0.949584
0.951001
0.951847
0.952509
0.952892
0.953189
0.953238
0.953367
0.953468
0.953587
0.953689
0.953728
0.953674
0.953508
0.953264
0.953038
0.952807
0.952542
0.952364
0.952114
0.952054
0.951848
0.951814
0.951678
0.951573
0.951739
0.972883
0.972531
0.971646
0.970417
0.969134
0.967627
0.965089
0.961725
0.959297
0.956698
0.953942
0.952103
0.951375
0.951982
0.953598
0.955445
0.95723
0.958663
0.959539
0.960167
0.960511
0.960777
0.960797
0.960924
0.961087
0.961246
0.961349
0.961361
0.961292
0.961122
0.960885
0.960662
0.960415
0.960139
0.959956
0.959708
0.959624
0.959417
0.959362
0.959249
0.959159
0.959308
0.980725
0.980427
0.979186
0.978532
0.977424
0.97563
0.972458
0.969943
0.967429
0.964563
0.961813
0.959916
0.959063
0.959575
0.961087
0.962927
0.964746
0.966202
0.967045
0.967646
0.967997
0.968272
0.968377
0.968587
0.968794
0.968936
0.968997
0.968968
0.968877
0.968709
0.968486
0.968262
0.96801
0.967739
0.967554
0.96732
0.96721
0.967011
0.96693
0.966842
0.966757
0.966889
0.987988
0.988017
0.987203
0.986583
0.985479
0.983205
0.980166
0.97808
0.975615
0.972303
0.96991
0.967836
0.966639
0.967092
0.96854
0.970359
0.972176
0.97364
0.974449
0.9751
0.975499
0.975806
0.976007
0.976264
0.976484
0.976592
0.976621
0.976576
0.976472
0.976301
0.976086
0.975854
0.975606
0.975338
0.975151
0.974933
0.974802
0.974635
0.974521
0.974451
0.974386
0.974466
0.995245
0.995665
0.99543
0.994598
0.993128
0.990093
0.988228
0.986115
0.983201
0.980088
0.977716
0.975564
0.974188
0.974661
0.975996
0.977838
0.979684
0.981177
0.982056
0.982708
0.983135
0.983421
0.98363
0.983865
0.984082
0.984182
0.984214
0.984181
0.984076
0.983918
0.983714
0.983479
0.983227
0.982971
0.982755
0.982558
0.982419
0.982278
0.982131
0.982083
0.982025
0.982031
1.00298
1.00328
1.00333
1.00251
0.999743
0.998151
0.996288
0.993837
0.990353
0.988014
0.985399
0.98294
0.981931
0.982201
0.983492
0.985371
0.987269
0.988815
0.989787
0.990445
0.990867
0.991091
0.991262
0.99144
0.99164
0.991758
0.991815
0.991796
0.991697
0.99154
0.991345
0.991117
0.990866
0.990611
0.990388
0.990212
0.990056
0.98991
0.989761
0.989712
0.989639
0.989605
1.01131
1.01123
1.01067
1.00932
1.00787
1.0063
1.0041
1.00062
0.998403
0.995943
0.992803
0.990438
0.989525
0.989667
0.991004
0.992886
0.994811
0.996383
0.997417
0.998109
0.998561
0.998765
0.998936
0.999087
0.999264
0.99938
0.999442
0.999426
0.999333
0.999172
0.998962
0.998741
0.998509
0.998267
0.998046
0.997858
0.997689
0.997531
0.997399
0.997323
0.997251
0.997238
1.01906
1.01889
1.01812
1.01733
1.01615
1.01429
1.01079
1.00872
1.00649
1.00352
1.00008
0.998133
0.996933
0.997093
0.998455
1.00032
1.00225
1.00385
1.00494
1.00569
1.0062
1.00644
1.00664
1.0068
1.00694
1.00702
1.00707
1.00704
1.00694
1.00678
1.00657
1.00635
1.00613
1.00589
1.00567
1.00547
1.00529
1.00512
1.005
1.00491
1.00486
1.00485
1.02624
1.02674
1.02635
1.02556
1.02407
1.02107
1.01895
1.01693
1.01417
1.01059
1.00809
1.00581
1.00434
1.00462
1.0059
1.00776
1.00971
1.01133
1.01247
1.01327
1.01383
1.01412
1.01434
1.01451
1.01462
1.01468
1.01471
1.01467
1.01457
1.01441
1.01421
1.01399
1.01376
1.01353
1.0133
1.0131
1.01291
1.01275
1.01263
1.01253
1.01247
1.01246
1.03403
1.03447
1.03451
1.03353
1.03095
1.02912
1.02729
1.02484
1.02124
1.01861
1.01588
1.01331
1.01212
1.01225
1.01346
1.01537
1.01731
1.01891
1.02006
1.02088
1.02145
1.02176
1.022
1.02219
1.02231
1.02237
1.0224
1.02236
1.02226
1.02211
1.02191
1.02169
1.02146
1.02123
1.021
1.0208
1.02062
1.02046
1.02033
1.02023
1.02014
1.02015
1.04235
1.04231
1.04178
1.04053
1.03891
1.03736
1.03527
1.032
1.0292
1.02666
1.02371
1.02105
1.01995
1.01991
1.02116
1.02312
1.02503
1.02659
1.02772
1.02852
1.02906
1.02938
1.02966
1.02988
1.03002
1.0301
1.03014
1.03011
1.03002
1.02987
1.02968
1.02947
1.02924
1.029
1.02878
1.02858
1.0284
1.02824
1.0281
1.02799
1.0279
1.02792
1.05032
1.05
1.04908
1.04822
1.04707
1.0455
1.04284
1.0395
1.03732
1.03465
1.03128
1.02915
1.02771
1.0276
1.02899
1.03092
1.03278
1.0343
1.03542
1.0362
1.03672
1.03706
1.03737
1.03761
1.03777
1.03789
1.03794
1.03792
1.03783
1.03769
1.03751
1.03731
1.03709
1.03685
1.03663
1.03642
1.03624
1.03607
1.03593
1.03582
1.03572
1.03576
1.05787
1.05789
1.05717
1.05648
1.05536
1.05343
1.04987
1.04793
1.04539
1.04217
1.03918
1.03691
1.03536
1.03538
1.03684
1.03869
1.04053
1.04204
1.04315
1.04393
1.04445
1.04485
1.04517
1.04544
1.04563
1.04576
1.04581
1.0458
1.04572
1.04558
1.0454
1.04521
1.04499
1.04476
1.04454
1.04433
1.04414
1.04397
1.04382
1.04371
1.0436
1.04366
1.06538
1.06589
1.06587
1.06484
1.06319
1.06021
1.05832
1.05614
1.05312
1.04962
1.04707
1.04458
1.04302
1.04331
1.04463
1.04654
1.04842
1.04996
1.05107
1.05181
1.05237
1.05278
1.05309
1.05336
1.05357
1.0537
1.05376
1.05375
1.05367
1.05352
1.05335
1.05317
1.05294
1.05273
1.0525
1.05229
1.0521
1.05192
1.05177
1.05165
1.05154
1.05162
1.07392
1.07421
1.07411
1.0732
1.07047
1.06881
1.06688
1.0641
1.06039
1.05775
1.05478
1.05213
1.05116
1.05136
1.05266
1.05449
1.05632
1.05785
1.05896
1.05975
1.06036
1.06079
1.06109
1.06136
1.06155
1.06168
1.06174
1.06174
1.06166
1.06152
1.06134
1.06117
1.06095
1.06074
1.06051
1.06031
1.06011
1.05993
1.05978
1.05965
1.05954
1.05965
1.08258
1.08246
1.08194
1.08029
1.07883
1.07736
1.07497
1.07118
1.06857
1.06585
1.06253
1.06025
1.05939
1.05958
1.06089
1.06258
1.06434
1.06586
1.06697
1.06782
1.06846
1.06889
1.06921
1.06947
1.06964
1.06974
1.06979
1.06978
1.0697
1.06956
1.06939
1.06922
1.069
1.0688
1.06857
1.06837
1.06818
1.06799
1.06784
1.06771
1.0676
1.06773
1.09103
1.09055
1.08947
1.08867
1.08751
1.08552
1.08207
1.07936
1.07699
1.07391
1.07023
1.0683
1.0673
1.06763
1.06902
1.07074
1.07251
1.07405
1.07519
1.07606
1.07668
1.07709
1.07741
1.07764
1.07779
1.07788
1.07792
1.07789
1.0778
1.07766
1.07749
1.07732
1.07711
1.07691
1.07669
1.07649
1.0763
1.07611
1.07596
1.07582
1.07572
1.07587
1.09844
1.09882
1.09805
1.09726
1.09574
1.09319
1.08993
1.08771
1.08488
1.08125
1.07861
1.07657
1.07555
1.07597
1.07724
1.0789
1.08068
1.08223
1.08343
1.08432
1.08493
1.08534
1.08565
1.08586
1.086
1.08609
1.08611
1.08607
1.08599
1.08584
1.08566
1.08549
1.08527
1.08508
1.08485
1.08466
1.08447
1.08428
1.08413
1.08399
1.0839
1.08406
1.10737
1.10722
1.10662
1.10529
1.10349
1.10138
1.09862
1.09559
1.09264
1.08956
1.08692
1.0849
1.08399
1.08437
1.08554
1.08719
1.08895
1.09047
1.09168
1.09258
1.09318
1.0936
1.0939
1.0941
1.09424
1.09433
1.09436
1.09433
1.09425
1.0941
1.09392
1.09373
1.0935
1.0933
1.09307
1.09288
1.09269
1.0925
1.09236
1.09221
1.09211
1.0923
1.11618
1.11571
1.11481
1.11372
1.11222
1.11011
1.107
1.1037
1.10094
1.09779
1.09469
1.09291
1.09209
1.09248
1.09379
1.0955
1.09726
1.09878
1.10001
1.10091
1.10151
1.10194
1.10223
1.10242
1.10255
1.10263
1.10266
1.10264
1.10256
1.10241
1.10222
1.10203
1.10179
1.10159
1.10135
1.10116
1.10096
1.10077
1.10063
1.10047
1.10038
1.10058
1.12413
1.1243
1.12334
1.12243
1.12105
1.11857
1.11498
1.11262
1.10977
1.10616
1.10309
1.10103
1.1
1.10049
1.10195
1.10378
1.10559
1.10715
1.10838
1.10928
1.10989
1.11033
1.11062
1.1108
1.11093
1.11099
1.11102
1.11099
1.1109
1.11075
1.11057
1.11038
1.11013
1.10993
1.10969
1.10948
1.10927
1.10908
1.10895
1.10877
1.10868
1.1089
1.13228
1.13278
1.13251
1.13136
1.12949
1.12627
1.124
1.12151
1.11822
1.11439
1.11168
1.10926
1.10808
1.10863
1.11007
1.112
1.11388
1.1155
1.11677
1.11769
1.11835
1.1188
1.11908
1.11926
1.11939
1.11944
1.11945
1.1194
1.11929
1.11914
1.11895
1.11876
1.11851
1.11831
1.11806
1.11784
1.11763
1.11744
1.11731
1.11712
1.11703
1.11728
1.14099
1.14134
1.14122
1.14003
1.1373
1.13521
1.13294
1.12996
1.12596
1.12327
1.12024
1.11748
1.11654
1.11691
1.11832
1.12028
1.12219
1.12384
1.12514
1.12611
1.12682
1.1273
1.12759
1.12778
1.1279
1.12795
1.12794
1.12787
1.12775
1.12758
1.12738
1.12718
1.12693
1.12673
1.12648
1.12626
1.12604
1.12584
1.12571
1.12552
1.12543
1.1257
1.15012
1.14998
1.14928
1.14778
1.14607
1.14416
1.14145
1.13754
1.13487
1.13204
1.12855
1.12595
1.12505
1.12528
1.12678
1.12871
1.13062
1.13227
1.13358
1.13458
1.13531
1.13581
1.13613
1.13633
1.13644
1.13649
1.13647
1.13639
1.13626
1.13608
1.13586
1.13567
1.1354
1.13521
1.13495
1.13473
1.1345
1.1343
1.13417
1.13395
1.13387
1.13416
1.15851
1.15834
1.15737
1.15635
1.15504
1.15282
1.14902
1.14643
1.14393
1.14065
1.13675
1.13468
1.13346
1.13379
1.13535
1.13726
1.13917
1.14079
1.14209
1.1431
1.14383
1.14434
1.14468
1.1449
1.14501
1.14505
1.14503
1.14496
1.14482
1.14463
1.1444
1.1442
1.14393
1.14373
1.14347
1.14325
1.14301
1.1428
1.14267
1.14244
1.14236
1.14266
1.1664
1.1669
1.16663
1.16563
1.16376
1.16048
1.15808
1.15572
1.15257
1.14846
1.14582
1.14325
1.14191
1.14248
1.14393
1.14586
1.14776
1.14936
1.15065
1.15165
1.15237
1.15288
1.15324
1.15347
1.1536
1.15365
1.15364
1.15356
1.15341
1.15322
1.15298
1.15277
1.1525
1.1523
1.15204
1.1518
1.15156
1.15135
1.15122
1.15097
1.1509
1.15122
1.17553
1.17582
1.17565
1.17449
1.17205
1.16993
1.16745
1.16425
1.16037
1.15751
1.15431
1.15164
1.1508
1.15117
1.15252
1.15444
1.15631
1.15792
1.15923
1.16023
1.16095
1.16147
1.16184
1.16207
1.16221
1.16228
1.16227
1.1622
1.16204
1.16184
1.16161
1.16137
1.16112
1.1609
1.16064
1.1604
1.16015
1.15994
1.15982
1.15956
1.1595
1.15983
1.18515
1.18494
1.18446
1.18307
1.18155
1.17916
1.17577
1.17253
1.16956
1.16598
1.16266
1.16066
1.15963
1.15983
1.16114
1.16297
1.16487
1.16653
1.16784
1.16884
1.16957
1.17011
1.17048
1.17072
1.17087
1.17094
1.17093
1.17087
1.1707
1.17049
1.17026
1.17002
1.16978
1.16955
1.16929
1.16904
1.16879
1.16857
1.16846
1.16819
1.16814
1.16848
1.1938
1.1942
1.19378
1.19248
1.19041
1.18736
1.18473
1.18204
1.17849
1.17433
1.17166
1.16938
1.16821
1.16843
1.16963
1.17151
1.17347
1.17515
1.17649
1.1775
1.17826
1.1788
1.17917
1.17942
1.17958
1.17965
1.17963
1.17957
1.1794
1.17916
1.17894
1.17869
1.17845
1.17823
1.17797
1.17771
1.17747
1.17725
1.17715
1.17686
1.17682
1.17718
1.20308
1.2032
1.20281
1.20145
1.19894
1.19679
1.19434
1.19099
1.18669
1.18367
1.18049
1.17795
1.17688
1.17689
1.17813
1.1801
1.18205
1.18377
1.18515
1.1862
1.18698
1.18753
1.1879
1.18816
1.18831
1.18838
1.18836
1.18828
1.18812
1.18784
1.18764
1.18737
1.18715
1.18693
1.18667
1.18642
1.18618
1.18596
1.18587
1.18556
1.18553
1.18591
1.21248
1.21225
1.21143
1.21029
1.20872
1.20634
1.20308
1.19912
1.19618
1.19274
1.18913
1.18681
1.18539
1.18536
1.18677
1.18865
1.19063
1.19242
1.19384
1.19492
1.19571
1.19626
1.19665
1.19691
1.19707
1.19713
1.19711
1.19699
1.19688
1.19653
1.19636
1.19608
1.19587
1.19567
1.1954
1.19517
1.19492
1.1947
1.19461
1.1943
1.19427
1.19467
1.22086
1.22134
1.22069
1.21975
1.21777
1.21475
1.21143
1.20878
1.20536
1.20133
1.19822
1.19552
1.19388
1.19408
1.19535
1.19722
1.19929
1.20112
1.20256
1.20365
1.20445
1.20501
1.20541
1.20567
1.20583
1.2059
1.20589
1.20571
1.20567
1.20526
1.20512
1.20483
1.20462
1.20441
1.20415
1.20392
1.20368
1.20346
1.20338
1.20306
1.20302
1.20345
1.22951
1.22988
1.22983
1.22855
1.22568
1.22318
1.22096
1.21773
1.21364
1.21034
1.20707
1.20409
1.20271
1.20279
1.20397
1.20597
1.20807
1.20989
1.21133
1.21241
1.21321
1.21377
1.21417
1.21444
1.2146
1.21469
1.21469
1.21447
1.21447
1.21403
1.21392
1.2136
1.21341
1.21318
1.21293
1.2127
1.21245
1.21223
1.21216
1.21182
1.21179
1.21224
1.23888
1.23856
1.2378
1.23662
1.23478
1.23264
1.22965
1.22558
1.22252
1.21923
1.21552
1.21287
1.21153
1.21147
1.21285
1.21485
1.21689
1.2187
1.22011
1.22118
1.22197
1.22254
1.22294
1.22321
1.22338
1.22346
1.22348
1.22326
1.22327
1.22284
1.22271
1.22239
1.22222
1.22197
1.22173
1.22148
1.22123
1.22099
1.22093
1.22058
1.22055
1.22102
1.24659
1.247
1.24659
1.24542
1.24392
1.24166
1.23788
1.23457
1.23138
1.2277
1.22418
1.22179
1.2204
1.22046
1.22172
1.22361
1.22567
1.22746
1.22885
1.22992
1.23073
1.2313
1.23171
1.23199
1.23216
1.23223
1.23226
1.23209
1.23198
1.23167
1.23147
1.23119
1.23101
1.23077
1.23052
1.23026
1.23001
1.22975
1.2297
1.22932
1.22931
1.2298
1.25514
1.25567
1.25575
1.2546
1.25261
1.2495
1.24675
1.24383
1.24011
1.23587
1.23298
1.23056
1.22935
1.22946
1.23057
1.23246
1.23445
1.23616
1.23755
1.23865
1.23946
1.24004
1.24046
1.24075
1.24092
1.24099
1.24096
1.24092
1.24061
1.24045
1.24017
1.23995
1.23973
1.23953
1.23924
1.23901
1.23874
1.23847
1.23845
1.23803
1.23804
1.23853
1.26383
1.26438
1.26461
1.26342
1.26051
1.2579
1.2556
1.25251
1.24834
1.24478
1.24162
1.23915
1.23811
1.23826
1.23937
1.24121
1.24312
1.24483
1.24625
1.24734
1.24813
1.24872
1.24914
1.24943
1.24961
1.24969
1.24959
1.24963
1.24924
1.24913
1.24881
1.24864
1.24839
1.24823
1.24791
1.24771
1.24742
1.24716
1.24715
1.2467
1.24672
1.24722
1.27308
1.27317
1.27306
1.27155
1.26905
1.26694
1.26426
1.26063
1.25654
1.25337
1.25005
1.24757
1.24675
1.24684
1.24804
1.24985
1.25172
1.25346
1.25488
1.25594
1.25673
1.25731
1.25773
1.25801
1.25819
1.25829
1.25814
1.25816
1.25784
1.25764
1.25739
1.2572
1.25696
1.25679
1.25649
1.2563
1.25599
1.25574
1.25573
1.25526
1.25529
1.2558
1.28232
1.28204
1.28112
1.27986
1.27835
1.2758
1.27218
1.2685
1.26537
1.26179
1.25803
1.2561
1.25504
1.25523
1.2566
1.25834
1.26021
1.26195
1.26335
1.2644
1.2652
1.26577
1.26618
1.26646
1.26665
1.26675
1.26663
1.26649
1.26636
1.26599
1.26585
1.2656
1.2654
1.26518
1.26494
1.26472
1.26442
1.26417
1.26416
1.26367
1.2637
1.26423
1.2902
1.2907
1.29028
1.28907
1.28689
1.28366
1.28049
1.27748
1.27376
1.26951
1.26664
1.26429
1.26317
1.26371
1.265
1.26672
1.26861
1.27032
1.2717
1.27276
1.27354
1.27409
1.27449
1.27476
1.27494
1.27504
1.27496
1.27466
1.27465
1.27417
1.2741
1.27377
1.27363
1.27332
1.27317
1.27287
1.27261
1.27234
1.27234
1.27184
1.27187
1.27244
1.29889
1.29906
1.2987
1.29724
1.29483
1.29224
1.28929
1.28557
1.28129
1.27803
1.27473
1.27226
1.27156
1.27195
1.27318
1.27498
1.27687
1.27854
1.2799
1.28094
1.28169
1.28222
1.28259
1.28283
1.28298
1.28306
1.28302
1.2826
1.28264
1.28212
1.28205
1.28168
1.28158
1.2812
1.28111
1.28074
1.28052
1.28022
1.28024
1.27974
1.27976
1.28037
1.30759
1.30737
1.30669
1.30529
1.30364
1.30088
1.29707
1.29325
1.28986
1.28603
1.28255
1.28059
1.27968
1.27996
1.2813
1.28311
1.28496
1.28659
1.2879
1.28888
1.28958
1.29006
1.29039
1.29058
1.29068
1.2907
1.29068
1.29019
1.29025
1.28969
1.28961
1.28921
1.28913
1.28873
1.28866
1.28826
1.28807
1.28772
1.28779
1.28726
1.28729
1.28794
1.31498
1.31556
1.31527
1.31392
1.31161
1.30829
1.30504
1.30176
1.29777
1.29354
1.29061
1.28834
1.28735
1.28778
1.28908
1.29085
1.29267
1.29427
1.29553
1.29644
1.29708
1.29751
1.29779
1.29794
1.29799
1.29791
1.29794
1.29739
1.29744
1.2969
1.29679
1.29639
1.29629
1.29593
1.29579
1.29544
1.29523
1.29483
1.29495
1.29438
1.2944
1.29509
1.32345
1.32364
1.32317
1.32165
1.31907
1.31654
1.31339
1.30945
1.30515
1.30158
1.29819
1.29579
1.29493
1.29518
1.29645
1.29821
1.29999
1.30154
1.30273
1.30357
1.30415
1.30452
1.30473
1.30483
1.30483
1.30465
1.30471
1.30414
1.30409
1.30364
1.30345
1.30311
1.30291
1.30267
1.30238
1.30216
1.30188
1.30149
1.30165
1.30105
1.30108
1.30179
1.33135
1.33121
1.33041
1.32902
1.32725
1.32437
1.32037
1.31657
1.31294
1.30893
1.30537
1.30308
1.30179
1.30199
1.30328
1.30498
1.30674
1.30824
1.30936
1.31015
1.31067
1.31098
1.31113
1.31117
1.31115
1.31089
1.31091
1.31046
1.31023
1.30995
1.30963
1.30939
1.30906
1.30895
1.30848
1.30838
1.30799
1.30762
1.30779
1.30714
1.30719
1.30791
1.33784
1.33849
1.33813
1.33677
1.33441
1.33078
1.32752
1.3241
1.32012
1.31577
1.31243
1.30965
1.30822
1.30847
1.30958
1.31128
1.31305
1.3145
1.31556
1.31629
1.31674
1.31697
1.31707
1.31704
1.317
1.31663
1.31649
1.31624
1.31579
1.31565
1.31525
1.31512
1.31469
1.3147
1.31412
1.31414
1.31365
1.31333
1.31351
1.31284
1.31291
1.31364
1.34458
1.34494
1.34472
1.34311
1.34007
1.33744
1.33445
1.33061
1.32617
1.32252
1.31873
1.31567
1.31442
1.31434
1.3154
1.31719
1.31891
1.32028
1.32125
1.32186
1.3222
1.32234
1.32229
1.32214
1.32209
1.32168
1.32142
1.32126
1.32065
1.32055
1.32007
1.31997
1.31949
1.31954
1.31893
1.319
1.31844
1.31816
1.31833
1.31764
1.31775
1.3185
1.35067
1.3503
1.34944
1.34802
1.34611
1.34343
1.33981
1.33556
1.33212
1.32818
1.32398
1.32139
1.31994
1.31983
1.32109
1.32281
1.3244
1.3256
1.3264
1.32689
1.32714
1.32716
1.32688
1.32667
1.32654
1.32613
1.32576
1.32561
1.325
1.32489
1.32435
1.32429
1.32376
1.32378
1.32321
1.32323
1.32267
1.32239
1.32254
1.32185
1.32197
1.32275
1.3545
1.35505
1.35423
1.35302
1.35097
1.34752
1.3438
1.34066
1.3368
1.33239
1.32891
1.32634
1.32494
1.32525
1.3265
1.32801
1.32936
1.33035
1.33101
1.33135
1.33141
1.33113
1.33089
1.33049
1.33021
1.32984
1.32932
1.32913
1.32857
1.3284
1.32782
1.32774
1.32721
1.32714
1.32668
1.32656
1.3261
1.32577
1.32594
1.32522
1.32535
1.32617
1.35823
1.35881
1.35885
1.3572
1.35431
1.35134
1.34854
1.34485
1.34038
1.33654
1.33308
1.33045
1.32961
1.33011
1.33129
1.33269
1.33378
1.33453
1.33494
1.33499
1.33466
1.33431
1.33402
1.33333
1.33282
1.3325
1.3318
1.3315
1.33101
1.33072
1.33014
1.33001
1.32955
1.32932
1.32905
1.32874
1.32843
1.328
1.32824
1.32749
1.32763
1.3285
1.36276
1.36265
1.36172
1.36031
1.35809
1.35554
1.35218
1.34774
1.34399
1.34028
1.33661
1.33434
1.33375
1.3342
1.33545
1.3367
1.33744
1.33779
1.33785
1.33752
1.33721
1.33665
1.33597
1.33506
1.33427
1.33378
1.33301
1.33256
1.33205
1.33161
1.33109
1.33083
1.33049
1.33007
1.32998
1.32948
1.3293
1.32877
1.32912
1.32831
1.32849
1.3294
1.36561
1.36569
1.36485
1.36353
1.36156
1.35871
1.35444
1.35094
1.34721
1.34293
1.33931
1.3371
1.3362
1.33692
1.33835
1.33947
1.33984
1.33967
1.33933
1.33907
1.33855
1.33752
1.33639
1.33527
1.33419
1.33328
1.33251
1.33201
1.33141
1.33085
1.33037
1.32992
1.32969
1.32911
1.32913
1.32854
1.32841
1.32781
1.32828
1.32741
1.32762
1.32857
1.36724
1.3677
1.36776
1.3662
1.36359
1.36016
1.35688
1.35319
1.34894
1.34469
1.34135
1.3389
1.33823
1.3391
1.34014
1.34066
1.34066
1.3403
1.33984
1.33914
1.33811
1.33674
1.33526
1.3338
1.33241
1.33116
1.33022
1.32965
1.32896
1.3283
1.32777
1.32715
1.32694
1.32625
1.32623
1.32565
1.32546
1.32482
1.32541
1.32447
1.32473
1.32573
1.36726
1.36731
1.36693
1.36561
1.36341
1.36041
1.3566
1.35244
1.34833
1.34437
1.34093
1.33881
1.33831
1.33883
1.33932
1.33959
1.33931
1.3389
1.33829
1.3372
1.33561
1.33387
1.33199
1.33023
1.32862
1.32714
1.32591
1.32528
1.32476
1.32397
1.32335
1.32261
1.32234
1.32155
1.32137
1.32085
1.32042
1.31977
1.32039
1.31935
1.31964
1.32069
1.36505
1.36545
1.36541
1.36419
1.36192
1.35847
1.35475
1.35072
1.3463
1.34236
1.33928
1.33745
1.33693
1.33699
1.33654
1.33607
1.33565
1.33525
1.33444
1.33278
1.33069
1.32842
1.32623
1.3242
1.32241
1.32081
1.31949
1.31873
1.31839
1.31769
1.31705
1.31631
1.31599
1.3152
1.31481
1.31443
1.31362
1.31299
1.31354
1.31233
1.31258
1.31365
1.36114
1.36186
1.3621
1.3608
1.358
1.35464
1.35108
1.34717
1.34254
1.33867
1.33578
1.33417
1.33362
1.33314
1.33255
1.3321
1.33142
1.33021
1.3285
1.32632
1.32374
1.32102
1.31852
1.31627
1.31431
1.31264
1.31125
1.31033
1.3101
1.30963
1.30898
1.30829
1.30795
1.30729
1.30677
1.30659
1.30548
1.30493
1.30541
1.30404
1.30424
1.30535
1.35576
1.35627
1.35633
1.35498
1.35225
1.34926
1.34578
1.34159
1.33714
1.33349
1.33079
1.3293
1.32844
1.32765
1.32691
1.32626
1.3252
1.32346
1.32094
1.31806
1.31492
1.31195
1.30922
1.30686
1.30484
1.30317
1.30179
1.30085
1.30057
1.30033
1.29976
1.29913
1.29878
1.29828
1.29773
1.29778
1.29652
1.29616
1.29667
1.29528
1.2955
1.29673
1.34897
1.34946
1.34942
1.3484
1.3461
1.34269
1.33876
1.33482
1.33075
1.32725
1.32473
1.32302
1.32176
1.321
1.32032
1.31927
1.31736
1.31466
1.31135
1.30785
1.3044
1.30121
1.29843
1.29612
1.29419
1.29265
1.29144
1.29066
1.29035
1.29035
1.29012
1.28967
1.28936
1.28905
1.28861
1.28888
1.28763
1.28746
1.2881
1.28679
1.28712
1.2885
1.34235
1.34293
1.34289
1.34154
1.33918
1.33594
1.33202
1.32806
1.32373
1.31983
1.31731
1.31562
1.31442
1.31377
1.31293
1.31112
1.30834
1.30473
1.30084
1.2968
1.29301
1.28975
1.28705
1.28485
1.28308
1.28172
1.28074
1.28018
1.28011
1.28036
1.28037
1.28028
1.28024
1.28017
1.27999
1.28055
1.27949
1.27954
1.28042
1.27925
1.27974
1.28126
1.33609
1.33643
1.33613
1.3348
1.33245
1.32921
1.3256
1.32113
1.3169
1.31317
1.31062
1.30871
1.30767
1.30668
1.30534
1.30293
1.29922
1.29479
1.29029
1.28581
1.28185
1.27868
1.2761
1.27405
1.27249
1.27136
1.27064
1.27032
1.27048
1.27104
1.27134
1.27161
1.27194
1.27216
1.27233
1.2733
1.27253
1.27281
1.27402
1.27304
1.27372
1.27531
1.33184
1.33173
1.33114
1.32993
1.32775
1.32503
1.32058
1.3162
1.31173
1.30726
1.30371
1.3021
1.30134
1.29993
1.2984
1.29568
1.29122
1.28587
1.28066
1.27583
1.27202
1.26898
1.26655
1.26469
1.26336
1.26247
1.26197
1.26186
1.26224
1.26307
1.26363
1.26418
1.26487
1.26543
1.26595
1.2673
1.26692
1.26743
1.26894
1.26813
1.26907
1.27069
1.32868
1.32894
1.32819
1.32694
1.32511
1.32149
1.31653
1.31208
1.30707
1.30253
1.29984
1.29888
1.29797
1.29666
1.29445
1.29067
1.2851
1.27875
1.27305
1.26824
1.26459
1.26165
1.25936
1.25772
1.25657
1.25581
1.25545
1.25549
1.25598
1.25694
1.25761
1.25834
1.25923
1.26003
1.26078
1.2624
1.26243
1.26317
1.265
1.26448
1.26568
1.26729
1.3283
1.32924
1.32839
1.32722
1.32496
1.32071
1.31621
1.31158
1.30628
1.30182
1.29952
1.29819
1.29699
1.29539
1.29256
1.28782
1.28115
1.27418
1.26796
1.26361
1.26004
1.25721
1.25507
1.2536
1.25255
1.25186
1.25155
1.25162
1.25211
1.25308
1.25373
1.25443
1.25537
1.25627
1.25708
1.2588
1.25908
1.2599
1.26192
1.2617
1.26307
1.26459
1.33
1.33093
1.33025
1.32869
1.32615
1.32222
1.31787
1.31291
1.30758
1.3034
1.30146
1.29992
1.29825
1.2961
1.29252
1.28673
1.27905
1.2719
1.26556
1.26156
1.25817
1.25543
1.25349
1.25213
1.25113
1.25045
1.25014
1.25019
1.25061
1.25151
1.2521
1.25266
1.25349
1.25434
1.25503
1.25663
1.2569
1.25761
1.25954
1.25948
1.26088
1.26213
1.33371
1.33425
1.33419
1.33276
1.32934
1.32584
1.32204
1.3167
1.31119
1.30744
1.30503
1.30379
1.30207
1.29881
1.29396
1.28712
1.27885
1.27155
1.2656
1.26176
1.25865
1.25599
1.25422
1.25294
1.25195
1.25125
1.2509
1.25088
1.25118
1.2519
1.25241
1.2528
1.25338
1.25404
1.25448
1.25582
1.25586
1.25626
1.25786
1.25772
1.25896
1.25979
1.33943
1.33983
1.34005
1.33856
1.33577
1.33188
1.32701
1.32157
1.31684
1.3132
1.31135
1.30991
1.30756
1.30322
1.2968
1.28909
1.28049
1.27311
1.26757
1.26393
1.26104
1.25847
1.25677
1.25559
1.25457
1.25383
1.2534
1.25326
1.2534
1.25387
1.25422
1.25437
1.25462
1.25499
1.25508
1.25606
1.25574
1.2558
1.25698
1.25665
1.25766
1.25806
1.34719
1.34753
1.3469
1.34532
1.34231
1.33776
1.33252
1.32755
1.32298
1.32004
1.31904
1.31727
1.3139
1.30802
1.30005
1.29157
1.28285
1.2761
1.27088
1.26759
1.26497
1.26246
1.26075
1.25953
1.25845
1.25765
1.25708
1.25674
1.25667
1.25687
1.25702
1.25686
1.25679
1.25686
1.2566
1.25722
1.25657
1.25634
1.25714
1.25665
1.25742
1.25751
1.35562
1.35561
1.35482
1.3522
1.34858
1.34266
1.33718
1.33288
1.32992
1.32852
1.32684
1.32441
1.31994
1.31235
1.30337
1.29422
1.28601
1.27956
1.27505
1.2719
1.26926
1.26697
1.2653
1.26397
1.26288
1.26206
1.26136
1.26086
1.26065
1.26063
1.26056
1.26014
1.25979
1.25957
1.259
1.25935
1.25839
1.25792
1.25845
1.25784
1.25843
1.25832
1.36139
1.36175
1.36116
1.35903
1.35478
1.34926
1.34393
1.33936
1.33748
1.33643
1.33382
1.33054
1.32514
1.31715
1.3073
1.2972
1.28896
1.28292
1.27866
1.27578
1.27339
1.27144
1.26991
1.26861
1.26761
1.26676
1.26598
1.26533
1.26496
1.2648
1.26462
1.26401
1.26349
1.26308
1.26225
1.26242
1.26127
1.26068
1.26096
1.26025
1.26072
1.26051
1.3664
1.36681
1.36632
1.36373
1.35972
1.35517
1.35027
1.34572
1.34348
1.34152
1.33891
1.33535
1.3293
1.3208
1.31017
1.2995
1.29087
1.28614
1.28258
1.27956
1.27734
1.27566
1.27426
1.27313
1.27223
1.27138
1.27053
1.26985
1.26947
1.26927
1.26904
1.2683
1.26773
1.26727
1.26635
1.26643
1.26515
1.2645
1.26463
1.26385
1.26423
1.26401
1.37208
1.37181
1.37051
1.36805
1.3646
1.35989
1.35476
1.3513
1.34963
1.34758
1.34486
1.34019
1.3323
1.32236
1.31156
1.30134
1.29345
1.28852
1.28512
1.28249
1.2806
1.27923
1.27815
1.27726
1.27641
1.27564
1.27487
1.27422
1.27393
1.27389
1.27368
1.27297
1.27243
1.272
1.27107
1.27114
1.26982
1.26921
1.26929
1.26849
1.26883
1.26867
1.37584
1.37625
1.37503
1.37218
1.36825
1.36325
1.35924
1.35683
1.35437
1.35254
1.34942
1.34326
1.33472
1.32359
1.31209
1.30238
1.29508
1.29037
1.28725
1.28512
1.28365
1.2826
1.28186
1.2811
1.28038
1.27978
1.27908
1.27851
1.27836
1.27847
1.27827
1.27774
1.27731
1.27698
1.27615
1.27633
1.27507
1.27459
1.27471
1.27395
1.27428
1.27427
1.37872
1.37911
1.37878
1.37631
1.37235
1.36809
1.36481
1.36145
1.35787
1.35535
1.35196
1.34646
1.33631
1.32441
1.31288
1.30321
1.29628
1.29232
1.28959
1.28804
1.28682
1.28598
1.28534
1.28466
1.28414
1.28365
1.28309
1.28265
1.28258
1.28284
1.28274
1.28247
1.2822
1.28206
1.28141
1.28175
1.28066
1.28035
1.2806
1.27993
1.28026
1.28044
1.38171
1.38211
1.38127
1.37915
1.37594
1.3731
1.37003
1.36596
1.36144
1.35886
1.35432
1.34722
1.33654
1.32516
1.31387
1.30442
1.29864
1.29488
1.29222
1.2911
1.28996
1.28919
1.2887
1.2883
1.2878
1.28736
1.287
1.28675
1.2868
1.28715
1.28725
1.28716
1.28704
1.28708
1.28662
1.28721
1.28632
1.28619
1.28666
1.28617
1.28658
1.28697
1.3847
1.38473
1.38374
1.38175
1.37958
1.37771
1.37396
1.36949
1.36637
1.36323
1.35799
1.34851
1.33684
1.32504
1.31441
1.30499
1.30138
1.29799
1.29601
1.29468
1.29372
1.29293
1.2925
1.29213
1.2917
1.29138
1.29112
1.29097
1.29108
1.29146
1.29184
1.29181
1.29188
1.29213
1.29187
1.29257
1.29182
1.29191
1.29259
1.29225
1.29275
1.29327
1.38613
1.38669
1.38669
1.38517
1.3837
1.38189
1.37843
1.37433
1.37093
1.36669
1.36049
1.34906
1.33686
1.32458
1.31532
1.30719
1.30488
1.30181
1.29997
1.29889
1.29782
1.29702
1.29658
1.2963
1.29591
1.29561
1.2954
1.29531
1.29548
1.29585
1.29648
1.29642
1.29663
1.29707
1.29695
1.29777
1.29718
1.29742
1.29825
1.29803
1.29858
1.29915
1.39047
1.39043
1.39069
1.39034
1.38894
1.38682
1.38319
1.37979
1.37633
1.37113
1.36306
1.35114
1.33917
1.32601
1.3169
1.31187
1.30835
1.30594
1.30384
1.30251
1.30155
1.30086
1.30048
1.30068
1.30032
1.29998
1.29988
1.29992
1.30013
1.30044
1.30116
1.30104
1.30138
1.3019
1.30187
1.30278
1.30233
1.30262
1.30354
1.30343
1.30406
1.3046
1.39494
1.39521
1.39549
1.39526
1.39402
1.39193
1.3883
1.385
1.38174
1.37603
1.36692
1.35637
1.34332
1.32999
1.32024
1.31592
1.3116
1.30905
1.30734
1.30618
1.30549
1.30515
1.30501
1.3054
1.30516
1.30471
1.30454
1.30469
1.305
1.30526
1.30607
1.3059
1.3063
1.30673
1.30669
1.30758
1.30719
1.30743
1.30837
1.30829
1.30896
1.3094
1.40027
1.40122
1.4012
1.39987
1.39687
1.3951
1.3937
1.39074
1.38628
1.37976
1.37069
1.35951
1.34667
1.33312
1.32557
1.32017
1.31579
1.31302
1.31155
1.3106
1.31002
1.30984
1.30996
1.31047
1.3103
1.30983
1.30952
1.30966
1.30997
1.31018
1.31103
1.31082
1.31119
1.31151
1.31141
1.31222
1.31178
1.31195
1.31285
1.31273
1.31338
1.31366
1.4052
1.4059
1.40607
1.40469
1.40228
1.40098
1.39982
1.39632
1.39175
1.38471
1.37486
1.36247
1.34863
1.33598
1.32967
1.32461
1.32042
1.31793
1.31639
1.31544
1.31489
1.31478
1.31504
1.31553
1.31548
1.31499
1.31457
1.31465
1.31487
1.31499
1.31584
1.31561
1.31587
1.31615
1.31599
1.31673
1.3162
1.31628
1.31711
1.31695
1.31758
1.31768
1.40916
1.40995
1.41062
1.4102
1.4091
1.40775
1.40474
1.40107
1.39605
1.38908
1.37828
1.36554
1.35183
1.34008
1.33239
1.3281
1.3247
1.32299
1.32161
1.32068
1.32011
1.31998
1.32023
1.32064
1.32067
1.32017
1.31966
1.31967
1.31981
1.31982
1.32055
1.32027
1.32038
1.32069
1.32043
1.32109
1.32046
1.32045
1.32116
1.32097
1.32157
1.32152
1.41548
1.41574
1.41542
1.41421
1.41278
1.4111
1.40894
1.40678
1.40191
1.39445
1.38195
1.36764
1.35432
1.34382
1.33614
1.33198
1.32959
1.32791
1.32662
1.32569
1.32519
1.32507
1.32542
1.32548
1.32572
1.3253
1.32474
1.32467
1.32478
1.32466
1.32523
1.32485
1.32482
1.32516
1.32479
1.32535
1.32463
1.32454
1.32511
1.32488
1.32546
1.32524
1.42044
1.42045
1.41994
1.4182
1.41605
1.41514
1.41428
1.41168
1.40668
1.39823
1.38527
1.3713
1.35789
1.34799
1.34071
1.33623
1.3338
1.3319
1.33074
1.33
1.32976
1.33003
1.3304
1.33003
1.33029
1.33008
1.32955
1.32944
1.32961
1.32944
1.32989
1.3294
1.3293
1.3296
1.32912
1.32959
1.32884
1.32868
1.32912
1.32885
1.32944
1.32907
1.42397
1.4237
1.42323
1.42267
1.42138
1.42081
1.41908
1.41518
1.40991
1.40086
1.38855
1.37472
1.36049
1.3511
1.34472
1.33994
1.33754
1.33576
1.33503
1.33416
1.33413
1.33463
1.33503
1.33459
1.33477
1.33473
1.33421
1.33405
1.33422
1.33404
1.3345
1.33393
1.33377
1.33399
1.33344
1.3338
1.33306
1.33284
1.3332
1.3329
1.33354
1.33304
1.42671
1.42627
1.42621
1.42685
1.42666
1.42552
1.42305
1.41881
1.41203
1.40262
1.39019
1.37621
1.36301
1.35361
1.34795
1.34397
1.34136
1.34012
1.33934
1.33862
1.33874
1.33909
1.33923
1.33908
1.33942
1.33925
1.33872
1.33852
1.33873
1.33847
1.33889
1.33832
1.33812
1.33821
1.33765
1.33792
1.33719
1.33699
1.33734
1.33704
1.3377
1.33712
1.42881
1.42962
1.42987
1.4303
1.42963
1.42828
1.42618
1.42202
1.41575
1.40451
1.39064
1.37737
1.36546
1.35646
1.35081
1.34728
1.34522
1.34389
1.34319
1.34297
1.3432
1.34326
1.34321
1.34324
1.34343
1.34337
1.34283
1.34258
1.34283
1.34257
1.34296
1.3425
1.34234
1.34226
1.34179
1.3421
1.34138
1.34125
1.34166
1.34137
1.34206
1.34143
1.43292
1.43325
1.43284
1.43235
1.43184
1.43057
1.42856
1.42545
1.41889
1.40647
1.39133
1.3784
1.36779
1.35892
1.3542
1.35054
1.34852
1.34739
1.34676
1.3467
1.34685
1.34681
1.34687
1.34695
1.34704
1.34717
1.34666
1.34635
1.34652
1.34635
1.34673
1.34649
1.34644
1.3462
1.34584
1.34629
1.34558
1.34558
1.34608
1.34579
1.34651
1.34589
1.43658
1.43625
1.43605
1.43499
1.43426
1.43344
1.43179
1.42762
1.42049
1.40881
1.39515
1.38074
1.3695
1.36233
1.35674
1.35367
1.35175
1.35072
1.35013
1.35005
1.35004
1.35018
1.3502
1.3504
1.35041
1.35064
1.35034
1.3501
1.35019
1.35014
1.35053
1.35038
1.35055
1.35011
1.3498
1.35039
1.3497
1.3498
1.35038
1.35008
1.35081
1.35026
1.43793
1.43885
1.43878
1.43789
1.43682
1.43636
1.43405
1.42936
1.42161
1.41134
1.39756
1.38261
1.37077
1.3651
1.35959
1.35619
1.35449
1.35351
1.35315
1.35291
1.3529
1.35323
1.35334
1.35363
1.35363
1.35389
1.35381
1.35368
1.35372
1.35376
1.35421
1.35404
1.35446
1.35394
1.35381
1.35442
1.35386
1.35397
1.35471
1.35436
1.35508
1.35468
1.43973
1.44052
1.44128
1.44094
1.44085
1.43913
1.43554
1.43031
1.42381
1.41292
1.3992
1.38517
1.37369
1.36688
1.36215
1.35885
1.3571
1.35631
1.35605
1.35573
1.35594
1.35615
1.35635
1.35671
1.35681
1.35713
1.35713
1.35701
1.35706
1.35712
1.35765
1.35746
1.35803
1.35757
1.35765
1.35827
1.35781
1.35796
1.35891
1.35857
1.35927
1.35905
1.44221
1.44319
1.44383
1.44385
1.44358
1.44132
1.43773
1.43274
1.42601
1.41434
1.40117
1.38759
1.37634
1.36906
1.36419
1.36162
1.35988
1.35934
1.35877
1.35887
1.35914
1.35918
1.3594
1.3598
1.36004
1.36036
1.36041
1.36031
1.36042
1.3605
1.36102
1.36089
1.36155
1.36118
1.36134
1.36191
1.36151
1.36165
1.36272
1.36238
1.36309
1.36295
1.44522
1.44617
1.44638
1.44575
1.44464
1.44296
1.44009
1.43526
1.42893
1.41645
1.40217
1.38967
1.37906
1.3708
1.36711
1.36404
1.36264
1.36184
1.36161
1.36195
1.36217
1.36217
1.36239
1.36276
1.36317
1.36351
1.36349
1.36348
1.36364
1.36374
1.36424
1.36421
1.36498
1.36479
1.36492
1.36564
1.36516
1.36532
1.36638
1.36601
1.3667
1.3665
1.44878
1.44913
1.44856
1.44747
1.44641
1.44454
1.44201
1.43855
1.43077
1.41802
1.40327
1.39107
1.38168
1.37357
1.3696
1.36658
1.36517
1.36451
1.36441
1.36479
1.36495
1.36497
1.36528
1.36557
1.36611
1.36642
1.36633
1.3664
1.36653
1.36667
1.36717
1.36727
1.36812
1.36805
1.36818
1.36909
1.36863
1.36884
1.36998
1.36963
1.37036
1.36998
1.45188
1.45144
1.45063
1.44906
1.44791
1.44662
1.4444
1.44008
1.43205
1.41996
1.40615
1.39353
1.38353
1.37661
1.3718
1.36934
1.36776
1.36727
1.36734
1.36767
1.36779
1.36798
1.3683
1.36862
1.36913
1.3694
1.36927
1.36944
1.36954
1.36968
1.37021
1.3704
1.37128
1.37131
1.37135
1.37219
1.37176
1.37195
1.37313
1.37283
1.37361
1.37301
1.45351
1.45316
1.45281
1.45138
1.45017
1.44882
1.44559
1.44055
1.43276
1.42172
1.40853
1.3958
1.38597
1.37917
1.37439
1.37193
1.3705
1.36998
1.37015
1.37055
1.37068
1.37096
1.37134
1.37184
1.3721
1.37236
1.37233
1.37255
1.37265
1.37283
1.37336
1.37359
1.37447
1.37449
1.37447
1.37525
1.37484
1.37491
1.37596
1.37562
1.37637
1.37554
1.45378
1.45438
1.45442
1.45385
1.45292
1.45081
1.4466
1.44111
1.4329
1.42231
1.41003
1.3976
1.38828
1.38142
1.37739
1.37486
1.37329
1.37283
1.37307
1.37346
1.37361
1.37377
1.3741
1.37467
1.37492
1.37527
1.37528
1.37549
1.3756
1.37575
1.37623
1.37647
1.37735
1.37732
1.37726
1.37807
1.37772
1.37781
1.37887
1.37842
1.37889
1.37792
1.45508
1.4556
1.45602
1.45578
1.4552
1.45269
1.44788
1.4414
1.43315
1.42324
1.41085
1.39848
1.38915
1.38473
1.38028
1.37791
1.37662
1.37623
1.37642
1.37661
1.37657
1.37671
1.377
1.37746
1.37778
1.37809
1.37812
1.3783
1.37844
1.37851
1.37884
1.37906
1.37991
1.37986
1.37977
1.38056
1.38025
1.38039
1.38138
1.38098
1.38117
1.38036
1.45605
1.45698
1.45743
1.45702
1.45646
1.45388
1.44866
1.44186
1.43314
1.42302
1.41068
1.39981
1.39149
1.38769
1.38359
1.38086
1.37959
1.37913
1.37928
1.37941
1.37948
1.37966
1.37995
1.38042
1.38063
1.38086
1.38092
1.38099
1.3812
1.38127
1.38145
1.38162
1.3824
1.38232
1.38219
1.38287
1.3826
1.38273
1.38346
1.38321
1.38328
1.38267
1.45748
1.45862
1.45848
1.45797
1.457
1.45496
1.45018
1.44337
1.4344
1.42366
1.41237
1.40205
1.39416
1.38891
1.38545
1.38308
1.38174
1.38134
1.38157
1.38185
1.38192
1.38211
1.38248
1.38297
1.38311
1.3833
1.38339
1.38338
1.38367
1.38373
1.38385
1.384
1.38473
1.38463
1.3845
1.3851
1.3849
1.38503
1.38544
1.38535
1.38543
1.38496
1.4602
1.46
1.45968
1.45877
1.45707
1.45579
1.45242
1.44645
1.43643
1.42406
1.41363
1.40424
1.39624
1.39086
1.38702
1.38473
1.3837
1.38338
1.38362
1.38392
1.38409
1.3844
1.38484
1.38512
1.38547
1.38563
1.38551
1.38553
1.38591
1.38594
1.38606
1.3862
1.38686
1.38676
1.38665
1.38722
1.38707
1.38721
1.38738
1.38739
1.3875
1.38712
1.46202
1.46161
1.46037
1.45894
1.4575
1.45626
1.45354
1.4476
1.43726
1.42533
1.41437
1.40519
1.39786
1.39305
1.38915
1.3869
1.38573
1.3856
1.38579
1.38592
1.38603
1.38643
1.38693
1.38737
1.38771
1.38784
1.38769
1.38768
1.38799
1.38802
1.38812
1.38824
1.38873
1.3887
1.38865
1.38922
1.38912
1.38922
1.38919
1.38927
1.38941
1.38911
1.46308
1.4621
1.46093
1.45949
1.45817
1.45652
1.45305
1.44688
1.43673
1.42571
1.41443
1.4057
1.39878
1.39474
1.39124
1.3888
1.38777
1.38768
1.38775
1.38774
1.38782
1.38817
1.38865
1.38914
1.38955
1.38978
1.38967
1.38966
1.38996
1.39001
1.39011
1.39025
1.3906
1.39067
1.39068
1.39124
1.39112
1.39116
1.39093
1.39103
1.39117
1.39088
1.46193
1.46233
1.46141
1.45993
1.4591
1.45726
1.45289
1.44638
1.43748
1.42647
1.41516
1.40612
1.40022
1.39561
1.3922
1.39032
1.38949
1.38933
1.38932
1.38933
1.38944
1.38973
1.39019
1.39072
1.39116
1.39133
1.39124
1.39124
1.39152
1.39164
1.39178
1.39197
1.39225
1.39237
1.39244
1.39305
1.39294
1.39297
1.39268
1.39283
1.39299
1.39279
1.4609
1.46075
1.46107
1.46072
1.45925
1.45687
1.4522
1.44581
1.43741
1.42729
1.41662
1.40781
1.40136
1.39625
1.39295
1.39122
1.39053
1.39053
1.39059
1.39066
1.3908
1.39108
1.39158
1.3921
1.39239
1.39269
1.39275
1.39271
1.39288
1.3931
1.39326
1.39344
1.39368
1.3938
1.39394
1.3946
1.39453
1.39464
1.39439
1.39461
1.39478
1.39458
1.4604
1.46011
1.46062
1.46021
1.45861
1.45614
1.45164
1.44496
1.43721
1.42745
1.41701
1.40867
1.40204
1.39688
1.39369
1.3921
1.3915
1.39152
1.39157
1.39164
1.39188
1.39223
1.39271
1.39322
1.39359
1.39392
1.39411
1.39408
1.3942
1.39442
1.39458
1.39475
1.39492
1.39502
1.39518
1.39586
1.39587
1.39605
1.39587
1.39615
1.39633
1.39616
1.45999
1.45967
1.46007
1.45968
1.45809
1.45573
1.45132
1.44465
1.43665
1.42669
1.4162
1.4079
1.40298
1.39819
1.39471
1.39314
1.39264
1.39253
1.3924
1.39242
1.39263
1.39301
1.39356
1.39417
1.39463
1.39493
1.39518
1.3952
1.39538
1.39561
1.39583
1.39603
1.39621
1.39631
1.39649
1.39722
1.39726
1.39736
1.39722
1.3975
1.39767
1.39751
1.45875
1.45871
1.45933
1.45919
1.45773
1.45566
1.45112
1.44411
1.43541
1.42561
1.41562
1.4075
1.40268
1.39871
1.39547
1.39396
1.39344
1.39326
1.3931
1.39313
1.39331
1.39369
1.39425
1.39484
1.3953
1.39566
1.3958
1.39587
1.39605
1.39625
1.3965
1.39675
1.39702
1.39717
1.39741
1.39817
1.39832
1.39847
1.39851
1.39883
1.399
1.39891
1.45721
1.45814
1.45843
1.45787
1.45682
1.45476
1.45019
1.44411
1.4346
1.42447
1.4149
1.40762
1.40162
1.3984
1.39616
1.39496
1.39442
1.39416
1.3939
1.39385
1.39397
1.39433
1.39496
1.39555
1.39598
1.39639
1.39651
1.3966
1.39679
1.39697
1.39723
1.3975
1.39785
1.39808
1.3984
1.39919
1.39942
1.39954
1.39961
1.39985
1.39997
1.39986
1.45727
1.45684
1.4564
1.45571
1.45456
1.45244
1.4498
1.4438
1.43407
1.42357
1.41442
1.40668
1.40181
1.39833
1.39677
1.3955
1.39505
1.39472
1.39465
1.39462
1.39465
1.39501
1.39559
1.39617
1.39662
1.39699
1.3971
1.39716
1.39728
1.39742
1.39763
1.39786
1.39815
1.39847
1.39884
1.39961
1.3999
1.40016
1.40036
1.40058
1.40076
1.40073
1.45551
1.45502
1.45389
1.45314
1.45209
1.45067
1.44789
1.44216
1.43264
1.42244
1.4142
1.40638
1.40153
1.39834
1.397
1.39561
1.39511
1.39493
1.39498
1.395
1.39505
1.39546
1.39595
1.39654
1.39701
1.39739
1.39756
1.39766
1.39781
1.39802
1.39826
1.39854
1.39884
1.3992
1.39956
1.4001
1.40041
1.40069
1.40094
1.40105
1.40127
1.40127
1.45359
1.45276
1.45172
1.45086
1.44971
1.44831
1.44506
1.4402
1.4313
1.4217
1.41428
1.40643
1.40159
1.39856
1.39699
1.39567
1.39518
1.39529
1.39542
1.39541
1.39552
1.3959
1.39637
1.39693
1.39739
1.39772
1.39785
1.39787
1.39794
1.39809
1.3983
1.39857
1.39888
1.39924
1.3996
1.40002
1.40036
1.40068
1.40087
1.40102
1.40136
1.40151
1.4524
1.45148
1.45013
1.44934
1.44809
1.4463
1.44355
1.43874
1.43045
1.42091
1.41364
1.40621
1.40095
1.39819
1.3963
1.39525
1.3951
1.39529
1.39533
1.39532
1.39555
1.39595
1.39648
1.39708
1.39756
1.39788
1.39804
1.3981
1.39819
1.39833
1.39852
1.39878
1.39906
1.39939
1.39975
1.40018
1.40057
1.40093
1.40119
1.40134
1.40162
1.40164
1.45122
1.45049
1.44921
1.44842
1.44712
1.4452
1.44275
1.43749
1.42909
1.4201
1.4123
1.40507
1.40036
1.39766
1.39599
1.39525
1.39531
1.39536
1.39525
1.39521
1.39533
1.39567
1.39627
1.39689
1.39738
1.39766
1.39777
1.3978
1.39789
1.39804
1.39823
1.39846
1.39873
1.39906
1.39942
1.39983
1.40021
1.40048
1.40062
1.40081
1.4011
1.40121
1.44953
1.44896
1.44812
1.44726
1.44607
1.44435
1.44167
1.43645
1.42797
1.41862
1.40991
1.40399
1.39949
1.39729
1.39611
1.39581
1.3957
1.39543
1.3951
1.39503
1.39513
1.39541
1.3959
1.39638
1.39679
1.39708
1.39716
1.39719
1.39728
1.39741
1.3976
1.39783
1.3981
1.39841
1.39878
1.39918
1.39954
1.39982
1.4
1.40019
1.40033
1.40041
)
;

boundaryField
{
    lateral_sides
    {
        type            empty;
    }
    outerwall
    {
        type            calculated;
        value           nonuniform List<scalar> 
214
(
0.472426
0.470688
0.470106
0.469753
0.469442
0.469266
0.469446
0.470225
0.471452
0.472746
0.47451
0.476392
0.478515
0.480946
0.483455
0.485665
0.488446
0.4918
0.494038
0.496814
0.499539
0.502233
0.505156
0.507734
0.509719
0.511797
0.514383
0.516178
0.518474
0.520985
0.524007
0.527665
0.531521
0.535588
0.539516
0.543825
0.548566
0.553092
0.557924
0.562838
0.56747
0.572136
0.577047
0.582178
0.586753
0.591753
0.597024
0.602184
0.607359
0.612429
0.617377
0.622424
0.627878
0.63286
0.638189
0.644091
0.649968
0.656182
0.662528
0.668654
0.674844
0.681107
0.687804
0.694098
0.700427
0.707287
0.7139
0.720927
0.727658
0.734506
0.741038
0.747558
0.754259
0.761337
0.768997
0.775838
0.782958
0.790173
0.797778
0.8051
0.811737
0.819249
0.826945
0.834529
0.841773
0.848757
0.856574
0.864894
0.872509
0.879611
0.886902
0.89454
0.902426
0.910255
0.918079
0.925855
0.933475
0.940944
0.948406
0.956093
0.964453
0.972883
0.980725
0.987988
0.995244
1.00298
1.01131
1.01906
1.02624
1.03403
1.04235
1.05032
1.05787
1.06538
1.07392
1.08258
1.09103
1.09844
1.10737
1.11618
1.12413
1.13228
1.14099
1.15012
1.15851
1.1664
1.17553
1.18515
1.1938
1.20308
1.21248
1.22086
1.22951
1.23888
1.24659
1.25514
1.26383
1.27308
1.28232
1.2902
1.29889
1.30759
1.31498
1.32345
1.33135
1.33783
1.34458
1.35067
1.3545
1.35823
1.36276
1.36561
1.36724
1.36726
1.36505
1.36114
1.35576
1.34897
1.34235
1.33609
1.33184
1.32868
1.3283
1.33
1.33371
1.33943
1.34719
1.35561
1.36139
1.3664
1.37208
1.37584
1.37872
1.38171
1.3847
1.38613
1.39047
1.39494
1.40027
1.40519
1.40916
1.41548
1.42044
1.42397
1.42671
1.42881
1.43292
1.43658
1.43793
1.43973
1.44221
1.44522
1.44878
1.45188
1.45351
1.45378
1.45508
1.45605
1.45748
1.4602
1.46202
1.46308
1.46193
1.4609
1.4604
1.45999
1.45874
1.45721
1.45727
1.45551
1.45359
1.4524
1.45122
1.44953
)
;
    }
    longitudinal_symmetry
    {
        type            symmetryPlane;
    }
    inlet
    {
        type            calculated;
        value           nonuniform List<scalar> 
42
(
0.473625
0.473606
0.473323
0.473103
0.472982
0.47298
0.472981
0.472995
0.472992
0.472993
0.473008
0.473014
0.473014
0.473007
0.473007
0.473007
0.473001
0.472989
0.472973
0.472954
0.472931
0.4729
0.472852
0.472789
0.47271
0.472623
0.472531
0.472429
0.472314
0.472186
0.472047
0.471892
0.47172
0.471531
0.471329
0.471113
0.470887
0.470651
0.470418
0.470213
0.470078
0.469998
)
;
    }
    outlet
    {
        type            calculated;
        value           nonuniform List<scalar> 
42
(
1.44953
1.44896
1.44812
1.44726
1.44607
1.44435
1.44167
1.43645
1.42797
1.41862
1.40991
1.40399
1.39949
1.39729
1.39611
1.39581
1.3957
1.39543
1.3951
1.39503
1.39513
1.39541
1.3959
1.39638
1.39679
1.39708
1.39716
1.39719
1.39728
1.39741
1.3976
1.39783
1.3981
1.39841
1.39878
1.39918
1.39954
1.39982
1.4
1.40019
1.40033
1.40041
)
;
    }
}


// ************************************************************************* //
