/*--------------------------------*- C++ -*----------------------------------*\
| =========                 |                                                 |
| \\      /  F ield         | OpenFOAM: The Open Source CFD Toolbox           |
|  \\    /   O peration     | Version:  2406                                  |
|   \\  /    A nd           | Website:  www.openfoam.com                      |
|    \\/     M anipulation  |                                                 |
\*---------------------------------------------------------------------------*/
FoamFile
{
    version     2.0;
    format      ascii;
    arch        "LSB;label=32;scalar=64";
    class       volScalarField;
    location    "0.109";
    object      p;
}
// * * * * * * * * * * * * * * * * * * * * * * * * * * * * * * * * * * * * * //

dimensions      [1 -1 -2 0 0 0 0];

internalField   nonuniform List<scalar> 
8988
(
527.807
527.785
527.74
527.756
527.822
527.802
527.779
527.756
527.772
527.804
527.808
527.807
527.815
527.834
527.856
527.873
527.888
527.903
527.92
527.939
527.958
527.982
528.008
528.036
528.067
528.1
528.138
528.179
528.223
528.27
528.322
528.379
528.438
528.5
528.567
528.637
528.707
528.778
528.846
528.9
528.936
528.992
528.568
528.374
528.321
528.252
528.491
528.469
528.239
528.259
528.404
528.378
528.256
528.248
528.277
528.261
528.233
528.221
528.207
528.19
528.175
528.162
528.153
528.15
528.15
528.152
528.155
528.164
528.179
528.196
528.21
528.223
528.248
528.277
528.3
528.319
528.338
528.359
528.377
528.392
528.399
528.398
528.384
528.396
528.81
528.781
528.976
528.612
528.47
528.91
528.964
528.609
528.541
528.745
528.774
528.629
528.616
528.641
528.62
528.594
528.575
528.555
528.533
528.509
528.486
528.464
528.443
528.419
528.393
528.369
528.351
528.335
528.317
528.297
528.281
528.266
528.246
528.219
528.182
528.142
528.094
528.04
527.982
527.929
527.88
527.867
529.398
529.335
529.519
529.166
528.982
529.44
529.539
529.276
529.025
529.243
529.379
529.213
529.131
529.161
529.152
529.106
529.074
529.043
529.007
528.967
528.924
528.875
528.82
528.761
528.698
528.634
528.565
528.489
528.401
528.311
528.22
528.127
528.028
527.924
527.816
527.703
527.583
527.462
527.348
527.251
527.175
527.134
529.812
530
530.118
530.171
529.936
529.696
529.954
530.102
529.879
529.803
529.881
529.857
529.798
529.77
529.731
529.688
529.64
529.587
529.528
529.465
529.395
529.315
529.224
529.126
529.024
528.912
528.781
528.633
528.477
528.318
528.148
527.966
527.773
527.574
527.372
527.174
526.986
526.812
526.657
526.524
526.426
526.348
530.612
530.635
530.51
530.676
530.873
530.604
530.329
530.492
530.681
530.543
530.412
530.439
530.423
530.35
530.303
530.249
530.181
530.104
530.014
529.92
529.821
529.705
529.565
529.414
529.254
529.076
528.87
528.641
528.402
528.152
527.891
527.621
527.348
527.076
526.807
526.55
526.319
526.112
525.931
525.777
525.657
525.55
531.328
530.99
530.938
530.859
530.97
531.213
531.082
530.805
530.887
530.997
530.892
530.815
530.787
530.718
530.651
530.593
530.52
530.439
530.328
530.208
530.084
529.943
529.773
529.584
529.385
529.162
528.906
528.624
528.326
528.013
527.683
527.342
526.995
526.649
526.312
525.992
525.701
525.445
525.228
525.047
524.905
524.767
531.029
531.111
531.3
531.194
530.956
530.914
531.182
531.17
530.96
530.951
531.004
530.93
530.905
530.824
530.746
530.698
530.628
530.544
530.424
530.293
530.16
530.007
529.825
529.623
529.404
529.157
528.878
528.572
528.245
527.895
527.521
527.129
526.726
526.316
525.91
525.519
525.158
524.841
524.57
524.345
524.177
524.053
530.755
530.824
530.701
530.89
531.06
530.721
530.569
530.799
530.857
530.703
530.622
530.666
530.631
530.567
530.518
530.475
530.405
530.328
530.24
530.126
529.995
529.853
529.696
529.506
529.282
529.027
528.744
528.438
528.107
527.748
527.362
526.951
526.519
526.07
525.61
525.153
524.717
524.323
523.986
523.717
523.527
523.417
530.28
530.176
530.337
530.133
529.976
530.255
530.309
530.126
530.066
530.108
530.08
530.06
530.012
529.967
529.945
529.872
529.81
529.753
529.691
529.607
529.497
529.382
529.258
529.107
528.922
528.709
528.471
528.206
527.907
527.57
527.199
526.795
526.359
525.893
525.402
524.901
524.41
523.955
523.557
523.237
523.009
522.877
529.155
529.374
529.384
529.499
529.445
529.13
529.134
529.421
529.333
529.172
529.175
529.206
529.156
529.085
529.068
529.014
528.959
528.905
528.846
528.777
528.692
528.609
528.52
528.41
528.279
528.138
527.977
527.786
527.556
527.283
526.963
526.597
526.186
525.734
525.248
524.744
524.243
523.765
523.33
522.963
522.691
522.526
528.534
528.233
528.034
528.081
528.403
528.471
528.155
528.061
528.23
528.208
528.095
528.109
528.086
528.016
528.015
527.981
527.922
527.889
527.839
527.775
527.707
527.642
527.579
527.497
527.402
527.309
527.209
527.089
526.942
526.76
526.537
526.263
525.934
525.552
525.125
524.669
524.2
523.734
523.296
522.918
522.624
522.432
527.011
527.077
527.248
526.937
526.733
527.074
527.222
526.962
526.852
526.954
526.921
526.924
526.893
526.798
526.833
526.826
526.761
526.738
526.713
526.66
526.604
526.558
526.513
526.455
526.388
526.317
526.242
526.157
526.063
525.956
525.833
525.683
525.497
525.262
524.97
524.624
524.235
523.824
523.414
523.045
522.753
522.569
525.454
525.771
525.932
525.939
525.601
525.404
525.756
525.819
525.642
525.568
525.596
525.651
525.611
525.503
525.549
525.553
525.499
525.484
525.467
525.436
525.402
525.37
525.34
525.306
525.266
525.218
525.163
525.104
525.04
524.975
524.913
524.856
524.8
524.734
524.64
524.492
524.271
523.99
523.672
523.362
523.104
522.93
524.325
524.343
524.148
524.498
524.671
524.25
524.094
524.356
524.419
524.252
524.205
524.303
524.256
524.191
524.229
524.211
524.173
524.177
524.165
524.139
524.126
524.109
524.09
524.076
524.057
524.031
524.008
523.987
523.967
523.95
523.945
523.956
523.987
524.039
524.102
524.152
524.163
524.112
523.998
523.828
523.655
523.522
523.281
522.906
522.78
522.836
523.063
523.166
522.907
522.828
522.994
522.928
522.873
522.909
522.835
522.866
522.893
522.822
522.809
522.824
522.817
522.801
522.79
522.793
522.8
522.803
522.802
522.808
522.828
522.853
522.881
522.918
522.972
523.049
523.151
523.284
523.453
523.653
523.869
524.066
524.202
524.287
524.306
524.285
521.437
521.592
521.808
521.603
521.364
521.464
521.653
521.562
521.462
521.469
521.533
521.467
521.411
521.495
521.461
521.416
521.45
521.451
521.444
521.455
521.463
521.479
521.504
521.531
521.563
521.606
521.664
521.736
521.818
521.914
522.031
522.173
522.343
522.55
522.801
523.105
523.461
523.852
524.237
524.574
524.827
524.973
520.057
520.132
520.049
520.328
520.384
520.004
519.95
520.216
520.169
520.065
520.116
520.077
520.079
520.122
520.07
520.078
520.134
520.112
520.099
520.137
520.173
520.198
520.238
520.296
520.366
520.448
520.545
520.659
520.793
520.947
521.127
521.337
521.58
521.862
522.192
522.579
523.026
523.53
524.07
524.578
524.982
525.26
519.071
518.749
518.683
518.807
518.865
518.856
518.781
518.776
518.809
518.778
518.778
518.778
518.771
518.816
518.798
518.788
518.845
518.856
518.853
518.902
518.961
519.01
519.073
519.159
519.263
519.379
519.51
519.662
519.842
520.052
520.294
520.57
520.884
521.241
521.645
522.101
522.609
523.16
523.741
524.321
524.801
525.154
517.452
517.632
517.839
517.615
517.36
517.487
517.725
517.611
517.515
517.569
517.584
517.58
517.56
517.597
517.62
517.613
517.65
517.687
517.721
517.781
517.852
517.928
518.017
518.127
518.255
518.401
518.569
518.764
518.989
519.248
519.544
519.877
520.25
520.666
521.126
521.627
522.163
522.723
523.288
523.824
524.245
524.61
516.237
516.583
516.66
516.65
516.586
516.331
516.487
516.622
516.501
516.488
516.525
516.527
516.53
516.542
516.574
516.611
516.63
516.672
516.745
516.814
516.877
516.964
517.08
517.215
517.364
517.536
517.74
517.976
518.239
518.533
518.865
519.238
519.651
520.102
520.588
521.102
521.634
522.163
522.659
523.081
523.341
523.631
515.698
515.647
515.84
515.485
515.334
515.67
515.869
515.596
515.502
515.66
515.658
515.622
515.665
515.67
515.693
515.75
515.77
515.811
515.894
515.975
516.048
516.148
516.28
516.432
516.596
516.786
517.013
517.272
517.556
517.872
518.227
518.618
519.043
519.499
519.981
520.473
520.958
521.406
521.781
522.068
522.188
522.395
514.734
514.99
515.057
515.009
514.839
514.78
514.982
514.977
514.867
514.932
514.944
514.939
514.98
514.986
515.021
515.08
515.102
515.14
515.219
515.304
515.383
515.482
515.611
515.769
515.946
516.149
516.379
516.635
516.916
517.233
517.589
517.975
518.384
518.811
519.245
519.668
520.058
520.39
520.64
520.816
520.873
521.03
514.031
514.501
514.698
514.627
514.355
514.098
514.403
514.582
514.43
514.381
514.464
514.472
514.448
514.479
514.524
514.551
514.586
514.638
514.704
514.785
514.878
514.977
515.09
515.228
515.391
515.58
515.796
516.035
516.301
516.595
516.918
517.262
517.616
517.969
518.311
518.628
518.909
519.139
519.306
519.42
519.45
519.586
513.808
514.252
514.474
514.194
513.743
513.871
514.277
514.225
514.015
514.081
514.183
514.131
514.094
514.158
514.198
514.185
514.209
514.264
514.321
514.383
514.459
514.546
514.647
514.771
514.914
515.072
515.248
515.446
515.668
515.908
516.162
516.422
516.68
516.933
517.172
517.392
517.586
517.748
517.868
517.948
517.957
518.077
514.014
513.835
513.715
513.824
513.96
513.898
513.824
513.865
513.884
513.845
513.868
513.87
513.851
513.912
513.939
513.933
513.965
514.006
514.039
514.08
514.132
514.19
514.262
514.354
514.458
514.568
514.683
514.814
514.959
515.117
515.279
515.442
515.603
515.761
515.911
516.05
516.175
516.285
516.369
516.423
516.417
516.519
514.2
513.573
513.3
513.618
513.968
513.999
513.528
513.591
513.814
513.738
513.724
513.729
513.711
513.736
513.741
513.741
513.754
513.767
513.786
513.811
513.831
513.849
513.879
513.923
513.967
514.012
514.062
514.118
514.178
514.241
514.306
514.373
514.444
514.517
514.589
514.656
514.72
514.78
514.829
514.86
514.846
514.93
513.627
513.582
513.721
513.507
513.394
513.557
513.689
513.595
513.493
513.571
513.582
513.541
513.546
513.543
513.53
513.525
513.512
513.499
513.496
513.488
513.47
513.45
513.437
513.425
513.407
513.386
513.368
513.353
513.338
513.316
513.294
513.276
513.262
513.253
513.248
513.247
513.251
513.262
513.275
513.283
513.261
513.33
513.327
513.245
513.185
513.404
513.545
513.214
513.112
513.303
513.382
513.25
513.234
513.249
513.226
513.197
513.179
513.157
513.122
513.091
513.063
513.022
512.969
512.917
512.872
512.82
512.755
512.685
512.612
512.534
512.447
512.353
512.261
512.172
512.086
512.002
511.923
511.853
511.8
511.763
511.737
511.713
511.674
511.732
512.508
512.944
513.117
513.04
512.611
512.575
512.902
512.901
512.736
512.754
512.765
512.723
512.698
512.669
512.634
512.595
512.549
512.505
512.463
512.411
512.343
512.272
512.197
512.107
512.006
511.896
511.779
511.653
511.516
511.37
511.219
511.069
510.921
510.776
510.633
510.501
510.39
510.301
510.229
510.168
510.106
510.148
512.425
512.06
512.155
511.721
511.767
512.249
512.441
511.901
511.854
512.075
512.018
511.964
511.938
511.898
511.889
511.849
511.783
511.741
511.695
511.621
511.544
511.467
511.375
511.266
511.147
511.02
510.879
510.72
510.548
510.367
510.174
509.973
509.77
509.573
509.379
509.195
509.03
508.886
508.763
508.665
508.577
508.595
511.592
511.038
510.982
510.733
511.057
511.419
511.312
510.848
510.977
511.179
511.025
511.016
511.001
510.938
510.946
510.895
510.825
510.804
510.75
510.655
510.582
510.505
510.398
510.275
510.148
510.018
509.87
509.699
509.514
509.318
509.102
508.871
508.633
508.396
508.161
507.935
507.724
507.528
507.355
507.217
507.1
507.087
509.662
510.034
510.247
510.258
509.944
509.569
509.835
510.177
509.983
509.79
509.852
509.913
509.83
509.8
509.805
509.733
509.687
509.668
509.592
509.506
509.45
509.378
509.274
509.154
509.032
508.901
508.752
508.584
508.4
508.2
507.978
507.739
507.488
507.231
506.97
506.713
506.463
506.224
506.007
505.834
505.693
505.645
508.598
508.569
508.514
508.775
508.919
508.502
508.342
508.618
508.726
508.543
508.519
508.548
508.496
508.482
508.458
508.409
508.377
508.337
508.276
508.212
508.144
508.066
507.983
507.883
507.779
507.657
507.517
507.362
507.188
506.994
506.78
506.549
506.306
506.049
505.78
505.506
505.233
504.968
504.724
504.524
504.367
504.286
507.456
507.168
507.27
506.897
506.893
507.332
507.433
507.081
506.959
507.146
507.158
507.057
507.052
507.039
506.999
506.981
506.934
506.881
506.846
506.796
506.723
506.65
506.576
506.484
506.391
506.283
506.163
506.026
505.87
505.696
505.505
505.296
505.07
504.826
504.565
504.293
504.018
503.749
503.499
503.287
503.12
503.018
505.4
505.643
505.76
505.664
505.415
505.392
505.624
505.647
505.49
505.472
505.536
505.485
505.466
505.446
505.43
505.413
505.355
505.311
505.287
505.244
505.19
505.137
505.073
504.991
504.905
504.811
504.708
504.589
504.452
504.301
504.137
503.956
503.758
503.54
503.305
503.056
502.801
502.55
502.313
502.108
501.945
501.837
504.171
503.751
503.565
503.868
504.167
504.205
503.692
503.636
503.914
503.971
503.82
503.8
503.817
503.773
503.764
503.757
503.709
503.686
503.666
503.619
503.567
503.52
503.465
503.402
503.331
503.255
503.17
503.069
502.954
502.829
502.692
502.54
502.373
502.191
501.994
501.784
501.566
501.35
501.145
500.966
500.826
500.726
502.296
502.159
502.359
501.93
501.863
502.282
502.388
502.04
501.972
502.164
502.172
502.083
502.08
502.063
502.062
502.028
501.989
501.981
501.952
501.913
501.883
501.843
501.788
501.737
501.686
501.628
501.556
501.474
501.385
501.288
501.181
501.062
500.932
500.791
500.637
500.473
500.303
500.134
499.974
499.837
499.732
499.654
500.017
500.467
500.675
500.649
500.181
499.998
500.403
500.614
500.312
500.222
500.353
500.345
500.282
500.293
500.297
500.243
500.241
500.229
500.177
500.161
500.151
500.108
500.06
500.029
499.995
499.945
499.885
499.826
499.765
499.695
499.617
499.534
499.443
499.343
499.236
499.122
499.005
498.89
498.781
498.692
498.629
498.579
498.595
498.448
498.344
498.703
498.811
498.585
498.255
498.485
498.673
498.572
498.452
498.52
498.486
498.498
498.465
498.442
498.468
498.415
498.382
498.401
498.381
498.33
498.31
498.3
498.267
498.222
498.183
498.148
498.107
498.061
498.016
497.969
497.915
497.855
497.791
497.727
497.665
497.606
497.549
497.506
497.482
497.459
497.189
496.616
496.39
496.417
496.891
497.065
496.717
496.426
496.675
496.838
496.692
496.652
496.681
496.678
496.633
496.661
496.649
496.592
496.609
496.613
496.566
496.548
496.556
496.543
496.506
496.49
496.479
496.456
496.428
496.406
496.39
496.372
496.351
496.33
496.31
496.291
496.276
496.266
496.257
496.255
496.262
496.263
494.958
494.935
495.163
494.683
494.575
495.019
495.161
494.852
494.726
494.9
494.953
494.846
494.863
494.851
494.835
494.87
494.803
494.801
494.851
494.808
494.755
494.773
494.789
494.764
494.741
494.754
494.763
494.75
494.743
494.746
494.75
494.753
494.76
494.773
494.791
494.81
494.83
494.857
494.887
494.92
494.951
494.967
492.673
493.072
493.336
493.355
493.192
492.722
492.834
493.183
493.158
493.01
492.996
493.017
493.049
493.006
493.025
493.048
492.984
493.02
493.058
493.008
492.996
493.02
493.018
493
493.006
493.024
493.027
493.031
493.05
493.072
493.091
493.113
493.145
493.186
493.233
493.282
493.328
493.379
493.433
493.489
493.537
493.565
490.893
491.244
491.532
491.584
491.444
490.844
490.947
491.505
491.507
491.135
491.168
491.287
491.263
491.242
491.249
491.217
491.22
491.253
491.226
491.205
491.233
491.25
491.242
491.244
491.265
491.281
491.287
491.311
491.349
491.383
491.414
491.453
491.504
491.564
491.63
491.697
491.762
491.828
491.896
491.962
492.018
492.053
489.728
489.425
489.547
489.254
489.321
489.622
489.693
489.348
489.37
489.524
489.493
489.445
489.461
489.485
489.446
489.46
489.462
489.426
489.456
489.491
489.469
489.458
489.491
489.525
489.53
489.531
489.56
489.599
489.633
489.671
489.719
489.775
489.836
489.902
489.975
490.053
490.13
490.205
490.278
490.344
490.4
490.438
487.724
487.684
487.972
487.453
487.297
487.781
487.987
487.691
487.499
487.669
487.755
487.684
487.695
487.678
487.625
487.73
487.731
487.616
487.685
487.768
487.709
487.673
487.731
487.789
487.786
487.785
487.833
487.881
487.906
487.941
487.998
488.067
488.134
488.2
488.269
488.349
488.432
488.511
488.581
488.641
488.692
488.73
485.574
486.046
486.226
486.081
485.653
485.659
486.022
486.089
485.812
485.864
485.946
485.91
485.955
485.904
485.896
485.998
485.929
485.866
485.961
485.997
485.921
485.929
485.993
486.025
486.016
486.039
486.093
486.132
486.156
486.193
486.25
486.317
486.385
486.45
486.514
486.588
486.669
486.746
486.809
486.861
486.904
486.939
483.892
484.268
484.465
484.257
483.851
483.864
484.308
484.435
484.009
484.043
484.206
484.164
484.172
484.163
484.197
484.22
484.104
484.136
484.246
484.218
484.141
484.178
484.241
484.251
484.248
484.283
484.326
484.352
484.38
484.419
484.467
484.526
484.59
484.65
484.708
484.773
484.845
484.913
484.969
485.013
485.044
485.073
482.122
482.559
482.733
482.403
482.046
482.235
482.593
482.493
482.262
482.369
482.441
482.394
482.442
482.388
482.432
482.447
482.329
482.404
482.501
482.419
482.378
482.437
482.473
482.454
482.461
482.501
482.531
482.55
482.578
482.613
482.652
482.698
482.749
482.799
482.851
482.908
482.964
483.017
483.063
483.097
483.117
483.14
480.316
480.639
480.865
480.851
480.671
480.206
480.36
480.837
480.96
480.482
480.463
480.667
480.629
480.549
480.654
480.623
480.553
480.619
480.622
480.583
480.626
480.668
480.653
480.64
480.666
480.696
480.706
480.718
480.741
480.77
480.802
480.837
480.871
480.907
480.949
480.993
481.033
481.069
481.101
481.124
481.134
481.152
479.197
478.683
478.464
478.79
478.917
478.766
478.588
478.765
478.981
478.766
478.686
478.862
478.802
478.777
478.839
478.794
478.802
478.827
478.796
478.8
478.822
478.814
478.801
478.814
478.832
478.839
478.844
478.854
478.87
478.889
478.911
478.932
478.952
478.976
479.005
479.032
479.055
479.076
479.094
479.105
479.106
479.119
476.738
477.067
477.118
477.064
476.777
476.68
477.03
477.187
476.852
476.819
477.025
477.002
476.931
476.948
476.935
476.955
476.982
476.94
476.919
476.941
476.943
476.932
476.937
476.953
476.962
476.96
476.956
476.953
476.959
476.969
476.978
476.985
476.994
477.005
477.017
477.027
477.036
477.044
477.048
477.049
477.045
477.053
474.964
474.979
474.94
475.175
475.413
474.862
474.86
475.169
475.091
474.98
475.087
475.103
475.06
475.053
475.073
475.073
475.064
475.078
475.068
475.03
475.024
475.045
475.051
475.034
475.022
475.024
475.023
475.014
475.008
475.006
475.004
475.004
475.002
475
474.995
474.99
474.986
474.98
474.972
474.963
474.954
474.96
473.244
473.157
473.36
472.897
472.76
473.225
473.451
473.189
472.95
473.08
473.155
473.152
473.134
473.13
473.141
473.112
473.098
473.111
473.097
473.085
473.103
473.111
473.087
473.06
473.056
473.062
473.05
473.029
473.017
473.01
472.999
472.987
472.974
472.959
472.944
472.927
472.911
472.893
472.874
472.855
472.838
472.839
470.861
471.315
471.424
471.262
470.802
470.695
471.255
471.517
471.064
470.9
471.117
471.184
471.103
471.167
471.125
471.046
471.101
471.138
471.122
471.115
471.098
471.069
471.055
471.057
471.056
471.044
471.022
471.003
470.986
470.968
470.949
470.932
470.914
470.892
470.866
470.839
470.813
470.786
470.757
470.73
470.704
470.699
469.227
468.915
468.793
469.172
469.339
469.104
468.763
468.996
469.265
469.119
469.022
469.023
469.056
469.153
469.068
469.074
469.142
469.011
468.934
469.04
469.088
468.991
468.969
469.003
469.004
468.969
468.954
468.946
468.92
468.888
468.863
468.843
468.821
468.793
468.759
468.724
468.691
468.657
468.623
468.589
468.557
468.549
466.98
466.985
467.223
466.783
466.65
466.998
467.177
466.911
466.765
466.973
467.065
466.911
466.949
466.984
466.859
466.971
467.07
466.873
466.808
466.941
466.985
466.878
466.87
466.901
466.879
466.837
466.83
466.825
466.791
466.758
466.738
466.719
466.693
466.658
466.621
466.583
466.547
466.511
466.474
466.438
466.401
466.391
464.456
464.899
465.009
464.853
464.536
464.615
464.912
464.907
464.528
464.652
464.919
464.803
464.707
464.753
464.737
464.804
464.787
464.663
464.72
464.796
464.734
464.686
464.712
464.728
464.697
464.671
464.67
464.659
464.625
464.594
464.572
464.55
464.52
464.486
464.453
464.418
464.381
464.345
464.309
464.273
464.235
464.225
462.919
462.361
462.156
462.22
462.675
462.855
462.438
462.209
462.518
462.61
462.506
462.509
462.51
462.529
462.551
462.541
462.507
462.486
462.532
462.549
462.501
462.483
462.501
462.5
462.465
462.442
462.447
462.441
462.411
462.384
462.365
462.342
462.311
462.281
462.255
462.226
462.193
462.16
462.128
462.093
462.056
462.047
460.608
460.063
459.834
459.923
460.444
460.575
460.196
459.832
460.232
460.524
460.196
460.101
460.23
460.269
460.243
460.187
460.256
460.251
460.181
460.215
460.242
460.214
460.209
460.219
460.208
460.192
460.193
460.185
460.158
460.136
460.12
460.097
460.068
460.047
460.03
460.007
459.98
459.954
459.927
459.895
459.858
459.853
457.531
457.989
458.191
457.97
457.546
457.645
457.999
457.988
457.858
457.855
457.839
457.881
457.906
457.941
457.896
457.886
457.992
457.918
457.841
457.92
457.942
457.895
457.902
457.928
457.921
457.902
457.898
457.887
457.867
457.85
457.836
457.819
457.801
457.788
457.774
457.757
457.738
457.721
457.7
457.673
457.638
457.639
455.136
455.518
455.742
455.716
455.569
455.129
455.387
455.725
455.63
455.301
455.48
455.683
455.555
455.553
455.463
455.533
455.645
455.48
455.454
455.587
455.59
455.503
455.541
455.593
455.575
455.546
455.552
455.558
455.546
455.531
455.52
455.512
455.508
455.502
455.491
455.479
455.469
455.461
455.449
455.427
455.393
455.403
452.993
452.975
452.976
453.311
453.434
452.919
452.61
453.084
453.468
453.11
452.993
453.054
453.125
453.162
453.029
453.163
453.231
453.007
453.069
453.22
453.178
453.06
453.138
453.228
453.202
453.146
453.171
453.202
453.19
453.175
453.172
453.176
453.18
453.179
453.174
453.171
453.171
453.171
453.167
453.15
453.113
453.136
450.686
450.62
450.925
450.288
450.244
450.786
450.928
450.46
450.461
450.713
450.713
450.606
450.681
450.713
450.601
450.71
450.752
450.629
450.726
450.798
450.67
450.675
450.774
450.797
450.717
450.717
450.774
450.795
450.782
450.783
450.791
450.799
450.809
450.818
450.823
450.83
450.84
450.848
450.85
450.838
450.795
450.835
448.609
448.07
447.909
447.765
448.084
448.52
448.54
447.841
447.842
448.327
448.367
448.138
448.195
448.278
448.212
448.237
448.197
448.239
448.322
448.235
448.173
448.279
448.347
448.28
448.258
448.311
448.344
448.335
448.341
448.359
448.372
448.385
448.403
448.418
448.433
448.452
448.473
448.489
448.496
448.486
448.433
448.494
446.028
445.475
445.211
445.391
445.892
446.114
445.526
445.273
445.757
445.91
445.627
445.577
445.718
445.717
445.771
445.727
445.67
445.811
445.803
445.656
445.738
445.848
445.8
445.765
445.819
445.867
445.858
445.862
445.891
445.91
445.923
445.946
445.972
445.993
446.014
446.039
446.066
446.09
446.105
446.099
446.03
446.116
443.644
442.852
442.563
442.819
443.469
443.632
442.868
442.757
443.372
443.288
443.01
443.145
443.202
443.195
443.243
443.142
443.199
443.282
443.196
443.213
443.282
443.257
443.253
443.306
443.341
443.335
443.348
443.388
443.416
443.431
443.453
443.48
443.505
443.531
443.561
443.594
443.625
443.651
443.675
443.675
443.586
443.699
441.04
440.211
439.869
440.593
441.115
440.796
440.039
440.414
440.926
440.529
440.456
440.691
440.614
440.615
440.616
440.609
440.667
440.654
440.689
440.726
440.657
440.67
440.767
440.806
440.772
440.778
440.834
440.877
440.889
440.913
440.951
440.984
441.014
441.046
441.082
441.118
441.151
441.181
441.212
441.216
441.105
441.248
438.336
437.716
437.268
438.122
438.654
437.979
437.424
437.999
438.305
437.866
437.921
438.133
438.022
438.035
438.018
438.067
438.084
438.071
438.137
438.114
438.073
438.155
438.222
438.202
438.194
438.24
438.29
438.312
438.336
438.374
438.41
438.442
438.481
438.524
438.566
438.604
438.64
438.675
438.713
438.718
438.587
438.76
435.212
435.207
435.075
435.662
436.022
434.989
434.95
435.665
435.536
435.172
435.412
435.528
435.366
435.418
435.465
435.457
435.444
435.531
435.538
435.47
435.537
435.619
435.604
435.592
435.637
435.686
435.707
435.731
435.772
435.807
435.836
435.874
435.922
435.97
436.014
436.055
436.095
436.135
436.175
436.18
436.032
436.233
432.141
432.763
433.05
433.059
432.734
432.176
432.686
433.141
432.657
432.567
432.871
432.849
432.725
432.823
432.864
432.837
432.87
432.912
432.858
432.889
432.982
432.991
432.969
432.995
433.032
433.054
433.083
433.129
433.168
433.196
433.234
433.283
433.333
433.38
433.424
433.467
433.512
433.555
433.597
433.601
433.437
433.658
429.579
430.409
430.695
430.158
429.423
429.695
430.62
430.486
429.805
430.03
430.28
430.164
430.164
430.265
430.201
430.174
430.325
430.285
430.202
430.323
430.367
430.3
430.329
430.393
430.412
430.424
430.473
430.525
430.552
430.578
430.62
430.671
430.723
430.77
430.811
430.85
430.894
430.934
430.977
430.981
430.802
431.039
427.553
427.385
427.722
427.029
426.809
427.855
428.211
427.272
427.156
427.691
427.556
427.394
427.557
427.558
427.464
427.621
427.714
427.524
427.584
427.733
427.644
427.616
427.728
427.794
427.78
427.797
427.853
427.896
427.919
427.947
427.983
428.027
428.079
428.128
428.165
428.204
428.247
428.282
428.323
428.325
428.134
428.381
425.305
424.456
424.2
424.306
425.115
425.547
424.758
424.281
424.897
424.979
424.703
424.826
424.924
424.829
424.879
425.03
424.921
424.853
425.042
425.073
424.955
424.998
425.105
425.144
425.134
425.135
425.166
425.223
425.274
425.294
425.314
425.358
425.412
425.454
425.487
425.527
425.569
425.598
425.638
425.641
425.439
425.694
422.354
421.732
421.362
422.387
423.048
422.368
421.45
422.072
422.561
422.013
422.015
422.36
422.196
422.11
422.287
422.267
422.177
422.314
422.372
422.308
422.301
422.344
422.405
422.452
422.455
422.433
422.466
422.545
422.597
422.597
422.62
422.677
422.726
422.755
422.785
422.823
422.861
422.887
422.927
422.93
422.721
422.985
418.822
419.376
419.633
419.681
419.35
418.817
419.306
419.874
419.378
419.19
419.484
419.522
419.422
419.459
419.526
419.495
419.53
419.58
419.582
419.588
419.59
419.641
419.722
419.748
419.701
419.705
419.788
419.865
419.878
419.886
419.938
419.989
420.011
420.032
420.064
420.097
420.127
420.146
420.186
420.19
419.973
420.245
416.063
416.907
417.304
416.738
415.926
416.139
417.224
417.059
416.33
416.559
416.806
416.69
416.707
416.787
416.777
416.854
416.834
416.823
416.922
416.878
416.81
416.943
417.052
417.007
416.936
417.004
417.107
417.139
417.117
417.155
417.228
417.267
417.277
417.292
417.318
417.348
417.374
417.384
417.426
417.43
417.204
417.479
414.24
413.866
413.999
413.353
413.488
414.448
414.351
413.631
413.806
414.1
413.988
413.916
414.039
414.062
414.098
414.096
414.07
414.203
414.197
414.051
414.137
414.293
414.289
414.19
414.248
414.357
414.403
414.363
414.378
414.446
414.489
414.492
414.503
414.528
414.555
414.58
414.604
414.605
414.648
414.651
414.414
414.691
411.65
410.923
410.533
411.081
411.576
411.198
410.882
411.198
411.368
411.151
411.177
411.323
411.278
411.252
411.396
411.357
411.301
411.462
411.385
411.281
411.478
411.582
411.419
411.402
411.533
411.625
411.594
411.584
411.65
411.708
411.711
411.701
411.714
411.742
411.77
411.794
411.817
411.813
411.855
411.856
411.611
411.89
407.86
408.405
408.72
408.784
408.363
407.902
408.463
408.771
408.262
408.258
408.574
408.529
408.487
408.55
408.607
408.489
408.548
408.673
408.54
408.583
408.728
408.677
408.601
408.701
408.788
408.76
408.742
408.819
408.894
408.898
408.885
408.896
408.92
408.944
408.97
408.993
409.011
408.999
409.045
409.047
408.801
409.08
405.308
405.607
406.012
405.393
405.013
405.776
406.209
405.446
405.206
405.834
405.839
405.585
405.675
405.776
405.691
405.635
405.804
405.811
405.762
405.863
405.839
405.733
405.838
405.963
405.97
405.88
405.94
406.048
406.079
406.044
406.052
406.088
406.11
406.131
406.156
406.178
406.191
406.166
406.219
406.224
405.985
406.264
403.027
402.415
402.196
402.383
403.004
403.22
402.48
402.232
402.97
403.169
402.625
402.619
402.91
402.892
402.764
402.868
402.995
402.896
402.956
403.011
402.87
402.878
403.078
403.173
403.061
403.03
403.136
403.224
403.204
403.188
403.227
403.264
403.285
403.311
403.332
403.343
403.348
403.32
403.383
403.394
403.164
403.442
400.213
399.554
399.112
399.948
400.432
399.88
399.076
399.809
400.627
399.938
399.484
399.811
400.092
399.996
399.878
400.049
400.163
400.038
400.097
400.118
399.979
400.04
400.241
400.312
400.178
400.195
400.304
400.365
400.328
400.333
400.382
400.413
400.434
400.466
400.485
400.486
400.492
400.473
400.537
400.555
400.334
400.612
396.716
396.933
396.93
397.184
397.113
396.248
396.491
397.536
397.482
396.722
396.74
397.125
397.185
397.066
397.016
397.212
397.244
397.123
397.248
397.266
397.097
397.159
397.381
397.458
397.304
397.31
397.433
397.512
397.479
397.468
397.52
397.566
397.584
397.604
397.618
397.62
397.633
397.627
397.684
397.704
397.486
397.761
393.381
394.344
394.673
394.41
393.579
393.21
394.294
394.825
394.023
393.875
394.201
394.238
394.199
394.175
394.186
394.376
394.324
394.242
394.399
394.355
394.203
394.316
394.53
394.592
394.379
394.419
394.57
394.663
394.612
394.6
394.667
394.721
394.728
394.738
394.756
394.764
394.781
394.778
394.825
394.841
394.62
394.891
391.064
391.305
391.61
390.751
390.443
391.167
391.604
391.189
391.093
391.24
391.175
391.246
391.37
391.237
391.306
391.41
391.322
391.39
391.48
391.337
391.332
391.577
391.671
391.551
391.48
391.616
391.733
391.737
391.684
391.739
391.823
391.845
391.839
391.861
391.892
391.912
391.928
391.92
391.961
391.974
391.752
392.016
388.855
388.125
387.707
387.579
388.301
388.909
388.287
387.805
388.303
388.55
388.17
388.237
388.454
388.353
388.435
388.442
388.371
388.516
388.509
388.395
388.543
388.699
388.668
388.559
388.659
388.777
388.805
388.749
388.795
388.89
388.937
388.925
388.94
388.98
389.01
389.033
389.051
389.045
389.085
389.099
388.88
389.14
385.319
384.989
384.695
385.411
385.858
385.635
384.739
384.996
385.764
385.417
385.125
385.36
385.472
385.449
385.527
385.46
385.479
385.629
385.54
385.526
385.72
385.742
385.631
385.692
385.82
385.873
385.788
385.811
385.924
386.008
386.007
386
386.044
386.09
386.113
386.134
386.153
386.152
386.192
386.207
385.997
386.251
381.623
382.008
382.549
382.933
382.836
381.892
381.679
382.559
382.69
382.207
382.277
382.544
382.517
382.526
382.566
382.49
382.603
382.708
382.617
382.66
382.75
382.718
382.741
382.862
382.923
382.872
382.836
382.922
383.028
383.078
383.061
383.08
383.14
383.184
383.206
383.226
383.246
383.248
383.287
383.306
383.106
383.35
378.85
379.368
379.717
379.65
378.968
378.852
379.671
379.775
379.142
379.237
379.641
379.535
379.375
379.553
379.573
379.49
379.749
379.762
379.577
379.681
379.831
379.822
379.838
379.896
379.916
379.877
379.907
380.003
380.097
380.137
380.126
380.148
380.206
380.256
380.286
380.311
380.338
380.347
380.384
380.402
380.21
380.446
376.112
376.326
376.67
376.042
375.851
376.573
376.919
376.284
376.049
376.735
376.826
376.276
376.304
376.638
376.509
376.511
376.899
376.736
376.491
376.713
376.918
376.851
376.819
376.892
376.939
376.919
376.943
377.039
377.143
377.198
377.189
377.2
377.26
377.319
377.358
377.388
377.425
377.446
377.482
377.498
377.31
377.536
373.549
373.272
373.367
372.994
373.208
373.923
373.734
373.016
373.315
374.027
373.62
373.232
373.532
373.671
373.489
373.618
373.867
373.698
373.565
373.714
373.867
373.855
373.81
373.879
373.989
374.037
374
374.045
374.153
374.237
374.244
374.26
374.322
374.386
374.433
374.47
374.511
374.537
374.572
374.589
374.406
374.622
370.304
370.311
370.235
370.355
370.526
370.199
370.128
370.658
370.813
370.437
370.299
370.574
370.679
370.528
370.511
370.703
370.773
370.719
370.703
370.728
370.853
370.909
370.847
370.874
371.014
371.101
371.06
371.087
371.184
371.26
371.281
371.324
371.392
371.454
371.507
371.552
371.596
371.622
371.655
371.671
371.497
371.702
367.102
367.255
367.258
367.609
367.758
367.049
367.052
367.826
367.698
367.222
367.45
367.707
367.529
367.494
367.654
367.766
367.668
367.703
367.775
367.716
367.829
367.955
367.901
367.907
368.028
368.097
368.094
368.148
368.224
368.277
368.328
368.395
368.463
368.524
368.582
368.63
368.671
368.697
368.73
368.748
368.588
368.783
364.123
364.233
364.216
364.687
364.967
364.063
363.891
364.866
364.763
364.259
364.505
364.672
364.475
364.548
364.736
364.733
364.627
364.79
364.81
364.667
364.823
365.007
364.932
364.928
365.035
365.089
365.131
365.202
365.269
365.319
365.384
365.463
365.535
365.595
365.647
365.687
365.734
365.765
365.803
365.825
365.684
365.87
361.187
361.395
361.413
361.621
361.699
360.863
361.084
362.108
361.738
361.207
361.5
361.669
361.545
361.603
361.673
361.674
361.679
361.867
361.784
361.662
361.903
362.05
361.929
361.956
362.074
362.12
362.171
362.247
362.319
362.383
362.454
362.525
362.588
362.647
362.699
362.735
362.79
362.831
362.875
362.903
362.782
362.961
357.949
358.503
358.779
358.727
358.157
357.706
358.571
359.1
358.429
358.301
358.607
358.6
358.607
358.665
358.701
358.702
358.735
358.86
358.747
358.744
359.018
359.046
358.915
359.015
359.153
359.173
359.228
359.308
359.37
359.429
359.502
359.572
359.629
359.686
359.745
359.789
359.852
359.901
359.95
359.985
359.883
360.055
354.787
355.724
356.063
355.564
354.822
354.943
356.022
355.85
355.21
355.494
355.688
355.577
355.684
355.715
355.729
355.719
355.796
355.833
355.75
355.943
356.117
355.986
355.958
356.126
356.202
356.201
356.271
356.354
356.417
356.479
356.545
356.607
356.671
356.742
356.807
356.851
356.921
356.978
357.03
357.066
356.975
357.137
352.066
352.689
353.138
352.214
351.748
352.626
353.226
352.429
352.172
352.721
352.727
352.622
352.777
352.749
352.77
352.762
352.859
352.833
352.824
353.089
353.11
352.953
353.035
353.22
353.232
353.253
353.334
353.402
353.46
353.529
353.596
353.657
353.726
353.803
353.874
353.924
353.998
354.058
354.108
354.144
354.063
354.212
349.982
349.467
349.369
348.96
349.282
350.32
349.856
349.112
349.591
349.793
349.654
349.777
349.85
349.756
349.817
349.856
349.892
349.845
349.994
350.175
350.048
349.984
350.169
350.284
350.232
350.29
350.41
350.473
350.521
350.588
350.658
350.723
350.796
350.875
350.947
351.001
351.073
351.133
351.182
351.218
351.154
351.288
347.399
346.294
345.766
346.187
347.243
347.138
346.21
346.396
346.981
346.692
346.661
346.943
346.835
346.813
346.901
346.914
346.925
346.91
347.106
347.194
347.034
347.03
347.263
347.352
347.295
347.352
347.47
347.531
347.586
347.656
347.728
347.798
347.87
347.943
348.017
348.077
348.145
348.201
348.256
348.297
348.252
348.372
343.847
343.337
342.861
343.937
344.433
343.488
343.069
343.871
343.945
343.616
343.813
343.959
343.804
343.926
343.977
343.948
343.973
343.949
344.131
344.266
344.121
344.097
344.308
344.392
344.37
344.433
344.532
344.586
344.644
344.72
344.803
344.88
344.947
345.005
345.083
345.158
345.227
345.275
345.338
345.386
345.358
345.462
340.212
340.481
340.748
341.281
341.144
340.164
340.327
341.132
340.868
340.596
340.924
340.99
340.856
340.997
341.026
341.007
341.028
340.99
341.208
341.362
341.198
341.164
341.366
341.447
341.439
341.511
341.596
341.642
341.703
341.788
341.879
341.96
342.023
342.078
342.157
342.239
342.311
342.358
342.43
342.483
342.475
342.564
337.067
337.898
338.365
338.234
337.407
337.11
337.964
338.248
337.658
337.773
338.136
337.985
337.872
338.067
338.08
338.062
338.076
338.063
338.307
338.408
338.244
338.243
338.458
338.517
338.509
338.584
338.656
338.7
338.774
338.866
338.955
339.031
339.099
339.171
339.248
339.309
339.39
339.463
339.547
339.6
339.597
339.675
334.535
335.08
335.488
334.614
334.086
334.764
335.414
334.82
334.633
335.265
335.211
334.856
334.935
335.199
335.149
335.102
335.159
335.192
335.386
335.434
335.305
335.352
335.574
335.602
335.589
335.667
335.735
335.787
335.869
335.954
336.032
336.106
336.185
336.268
336.345
336.408
336.502
336.597
336.68
336.725
336.725
336.791
332.485
331.885
331.607
331.378
331.804
332.463
332.003
331.555
332.158
332.557
332.01
331.855
332.163
332.316
332.211
332.166
332.307
332.342
332.451
332.487
332.403
332.485
332.686
332.692
332.683
332.765
332.844
332.906
332.982
333.058
333.132
333.211
333.296
333.383
333.458
333.547
333.645
333.732
333.795
333.843
333.86
333.917
329.482
328.786
328.306
329.058
329.635
329.154
328.555
329.079
329.696
329.145
328.928
329.24
329.346
329.366
329.288
329.311
329.483
329.473
329.535
329.581
329.532
329.636
329.8
329.791
329.794
329.888
329.979
330.045
330.114
330.191
330.272
330.35
330.433
330.517
330.604
330.694
330.785
330.863
330.921
330.974
331.005
331.044
325.688
326.095
326.347
326.508
326.244
325.7
326.031
326.808
326.417
325.9
326.313
326.518
326.397
326.446
326.433
326.503
326.633
326.591
326.653
326.715
326.688
326.801
326.926
326.916
326.941
327.046
327.133
327.193
327.261
327.344
327.43
327.506
327.583
327.666
327.754
327.846
327.931
328.002
328.058
328.106
328.138
328.169
322.914
323.412
323.758
323.134
322.702
323.092
323.904
323.62
322.979
323.373
323.649
323.475
323.435
323.59
323.592
323.655
323.736
323.702
323.782
323.842
323.831
323.949
324.049
324.05
324.096
324.204
324.279
324.334
324.402
324.488
324.572
324.65
324.728
324.81
324.899
324.991
325.072
325.139
325.194
325.243
325.284
325.315
320.687
320.262
320.09
319.978
320.249
320.953
320.772
320.01
320.311
320.86
320.607
320.462
320.656
320.704
320.693
320.761
320.815
320.811
320.903
320.941
320.944
321.072
321.16
321.17
321.231
321.337
321.403
321.458
321.532
321.618
321.699
321.777
321.856
321.939
322.029
322.118
322.195
322.259
322.317
322.369
322.414
322.444
317.725
317.229
316.919
317.41
318.061
318.025
317.144
317.115
317.915
317.768
317.488
317.721
317.846
317.721
317.776
317.881
317.899
317.923
318.008
318.016
318.043
318.189
318.261
318.27
318.337
318.443
318.507
318.566
318.645
318.731
318.809
318.886
318.967
319.055
319.145
319.228
319.301
319.366
319.428
319.483
319.527
319.555
314.399
314.445
314.266
314.966
315.217
314.319
313.998
314.9
315.082
314.516
314.622
314.973
314.846
314.736
314.92
314.983
314.974
315.037
315.087
315.074
315.14
315.291
315.339
315.347
315.424
315.529
315.593
315.656
315.741
315.826
315.903
315.98
316.065
316.156
316.245
316.322
316.393
316.461
316.526
316.583
316.625
316.649
311.151
311.783
312.081
311.96
311.337
311.018
311.745
312.26
311.715
311.526
312.049
311.949
311.748
311.883
312.053
312.017
312.038
312.13
312.15
312.167
312.268
312.373
312.396
312.419
312.502
312.595
312.66
312.732
312.821
312.907
312.985
313.064
313.152
313.246
313.331
313.405
313.475
313.545
313.613
313.669
313.708
313.729
308.521
308.821
309.153
308.441
308.073
308.766
309.269
308.73
308.482
309.098
309.111
308.821
308.855
309.049
309.062
309.053
309.144
309.173
309.176
309.269
309.357
309.403
309.45
309.506
309.577
309.652
309.724
309.801
309.887
309.971
310.054
310.139
310.23
310.323
310.406
310.478
310.548
310.62
310.688
310.741
310.778
310.799
306.165
305.566
305.264
305.294
305.89
306.323
305.806
305.323
305.931
306.222
305.89
305.85
306.054
306.068
306.069
306.146
306.234
306.204
306.259
306.392
306.401
306.414
306.511
306.589
306.647
306.726
306.805
306.874
306.947
307.029
307.116
307.205
307.297
307.389
307.47
307.543
307.614
307.685
307.75
307.799
307.836
307.858
303.116
302.543
302.126
302.834
303.449
303.031
302.286
302.755
303.376
302.93
302.79
303.086
303.099
303.064
303.099
303.197
303.244
303.217
303.341
303.457
303.434
303.472
303.583
303.644
303.703
303.797
303.876
303.934
304.003
304.089
304.176
304.262
304.352
304.443
304.525
304.599
304.671
304.741
304.801
304.846
304.884
304.908
299.546
299.738
299.784
300.223
300.23
299.443
299.481
300.428
300.23
299.669
299.984
300.248
300.103
300.108
300.148
300.231
300.245
300.241
300.375
300.449
300.46
300.555
300.645
300.685
300.758
300.855
300.919
300.975
301.055
301.149
301.232
301.312
301.399
301.489
301.57
301.647
301.721
301.789
301.844
301.887
301.925
301.951
296.324
297.053
297.337
297.041
296.47
296.442
297.281
297.387
296.773
296.782
297.258
297.18
297.047
297.194
297.237
297.287
297.305
297.328
297.424
297.46
297.51
297.625
297.684
297.723
297.805
297.885
297.938
298.006
298.106
298.198
298.274
298.352
298.44
298.526
298.606
298.685
298.761
298.827
298.88
298.924
298.963
298.988
293.861
293.846
293.669
293.921
294.073
293.947
293.995
294.073
294.038
294.157
294.209
294.108
294.151
294.283
294.301
294.34
294.367
294.412
294.473
294.496
294.572
294.673
294.718
294.77
294.848
294.906
294.962
295.049
295.152
295.23
295.3
295.382
295.47
295.553
295.633
295.715
295.791
295.855
295.91
295.957
295.997
296.019
290.744
290.831
290.765
291.269
291.322
290.762
290.608
291.275
291.311
291.063
291.108
291.258
291.25
291.294
291.336
291.377
291.412
291.475
291.512
291.538
291.628
291.7
291.737
291.8
291.875
291.934
292.005
292.103
292.188
292.251
292.319
292.403
292.49
292.573
292.656
292.738
292.811
292.876
292.935
292.984
293.023
293.043
287.407
288.083
288.417
288.3
287.815
287.568
288.23
288.519
288.019
287.917
288.354
288.342
288.217
288.311
288.363
288.383
288.427
288.503
288.535
288.582
288.671
288.72
288.76
288.831
288.903
288.971
289.054
289.146
289.212
289.269
289.338
289.42
289.504
289.59
289.676
289.755
289.827
289.894
289.955
290.005
290.042
290.057
284.687
285.103
285.48
284.894
284.58
285.163
285.592
285.08
284.766
285.36
285.43
285.215
285.244
285.378
285.38
285.386
285.449
285.52
285.558
285.626
285.686
285.717
285.78
285.865
285.934
286
286.081
286.161
286.225
286.289
286.361
286.438
286.522
286.612
286.695
286.772
286.844
286.911
286.972
287.019
287.052
287.065
282.353
281.924
281.744
281.77
282.152
282.556
282.157
281.732
282.247
282.576
282.231
282.128
282.371
282.404
282.38
282.401
282.481
282.541
282.595
282.664
282.689
282.721
282.807
282.897
282.959
283.019
283.088
283.159
283.231
283.307
283.382
283.459
283.546
283.635
283.714
283.789
283.86
283.926
283.985
284.03
284.061
284.074
279.277
278.924
278.601
279.162
279.547
279.165
278.718
279.12
279.679
279.234
279.064
279.347
279.425
279.377
279.39
279.434
279.506
279.558
279.623
279.675
279.698
279.752
279.84
279.916
279.976
280.034
280.093
280.16
280.24
280.323
280.402
280.484
280.572
280.656
280.733
280.807
280.877
280.941
280.998
281.041
281.074
281.091
275.67
276.077
276.321
276.416
276.164
275.696
275.974
276.726
276.358
275.901
276.299
276.502
276.339
276.369
276.432
276.483
276.526
276.573
276.638
276.674
276.72
276.797
276.865
276.925
276.989
277.052
277.109
277.176
277.258
277.344
277.427
277.513
277.598
277.68
277.755
277.828
277.894
277.957
278.012
278.057
278.093
278.115
272.868
273.233
273.549
272.961
272.565
273.057
273.674
273.326
272.909
273.323
273.515
273.314
273.285
273.439
273.476
273.511
273.529
273.591
273.654
273.688
273.752
273.831
273.885
273.94
274.008
274.074
274.134
274.201
274.283
274.371
274.46
274.547
274.628
274.71
274.785
274.853
274.916
274.977
275.032
275.079
275.119
275.145
270.525
269.969
269.709
269.804
270.241
270.473
270.153
269.948
270.43
270.527
270.25
270.198
270.456
270.498
270.492
270.506
270.549
270.633
270.681
270.715
270.783
270.853
270.907
270.966
271.037
271.105
271.169
271.239
271.319
271.411
271.501
271.585
271.664
271.744
271.817
271.883
271.944
272.004
272.059
272.107
272.15
272.178
266.94
267.119
267.097
267.252
267.242
266.987
267.066
267.525
267.47
267.191
267.195
267.447
267.531
267.502
267.464
267.514
267.612
267.666
267.698
267.752
267.821
267.881
267.937
268.002
268.074
268.144
268.212
268.287
268.37
268.462
268.548
268.627
268.704
268.78
268.851
268.918
268.98
269.04
269.096
269.146
269.189
269.217
263.933
264.165
264.492
264.141
263.837
264.335
264.628
264.335
264.013
264.321
264.545
264.492
264.528
264.486
264.474
264.612
264.672
264.679
264.73
264.806
264.868
264.921
264.983
265.054
265.125
265.193
265.265
265.346
265.432
265.52
265.599
265.673
265.745
265.818
265.891
265.959
266.023
266.086
266.144
266.192
266.233
266.258
261.412
261.051
260.912
261.092
261.606
261.714
261.261
260.904
261.406
261.614
261.516
261.534
261.553
261.473
261.593
261.719
261.703
261.721
261.802
261.873
261.922
261.976
262.045
262.117
262.185
262.254
262.331
262.417
262.499
262.579
262.654
262.723
262.79
262.863
262.937
263.008
263.076
263.142
263.203
263.248
263.285
263.306
258.096
258.244
258.268
258.602
258.692
258.186
257.976
258.611
258.702
258.472
258.531
258.685
258.556
258.583
258.746
258.766
258.758
258.813
258.889
258.947
258.993
259.052
259.123
259.191
259.256
259.329
259.41
259.492
259.568
259.64
259.712
259.78
259.847
259.919
259.993
260.065
260.136
260.204
260.266
260.31
260.345
260.364
255.121
255.547
255.784
255.472
255.081
255.137
255.813
255.788
255.458
255.528
255.775
255.673
255.617
255.774
255.809
255.822
255.87
255.918
255.973
256.029
256.081
256.142
256.208
256.271
256.336
256.413
256.491
256.565
256.643
256.709
256.78
256.848
256.916
256.99
257.064
257.138
257.21
257.276
257.336
257.382
257.419
257.437
252.801
252.453
252.273
252.234
252.487
253.008
252.822
252.362
252.522
252.948
252.791
252.66
252.838
252.874
252.859
252.931
252.986
253.02
253.069
253.127
253.184
253.244
253.305
253.365
253.431
253.504
253.573
253.643
253.729
253.79
253.86
253.93
254.002
254.077
254.153
254.228
254.296
254.359
254.417
254.465
254.504
254.526
249.573
249.593
249.413
249.823
249.998
249.72
249.386
249.759
250.099
249.888
249.77
249.943
249.967
249.934
249.987
250.048
250.095
250.128
250.176
250.239
250.296
250.355
250.416
250.479
250.543
250.608
250.673
250.739
250.829
250.889
250.962
251.034
251.11
251.188
251.266
251.338
251.401
251.461
251.517
251.568
251.611
251.637
246.516
246.859
246.972
246.978
246.709
246.466
246.775
247.289
247.069
246.834
246.908
247.107
247.139
247.147
247.152
247.222
247.264
247.267
247.32
247.385
247.431
247.485
247.551
247.614
247.673
247.734
247.803
247.867
247.951
248.016
248.092
248.166
248.247
248.324
248.402
248.47
248.529
248.587
248.643
248.695
248.739
248.769
243.878
243.984
244.181
243.802
243.536
244.13
244.437
244.129
243.858
244.115
244.266
244.227
244.284
244.279
244.296
244.381
244.385
244.418
244.512
244.559
244.588
244.643
244.708
244.766
244.825
244.887
244.96
245.032
245.107
245.177
245.253
245.33
245.415
245.494
245.568
245.632
245.692
245.749
245.806
245.857
245.899
245.93
241.321
241.085
241.08
240.927
240.971
241.661
241.535
240.975
241.006
241.532
241.462
241.317
241.413
241.421
241.471
241.526
241.535
241.625
241.706
241.73
241.775
241.84
241.898
241.955
242.018
242.081
242.151
242.235
242.299
242.375
242.45
242.533
242.616
242.694
242.764
242.83
242.893
242.951
243.009
243.054
243.092
243.12
238.718
238.141
237.909
238.156
238.805
238.779
238.249
238.06
238.689
238.677
238.5
238.568
238.634
238.591
238.668
238.719
238.765
238.848
238.885
238.928
239.005
239.067
239.118
239.182
239.254
239.319
239.383
239.471
239.535
239.618
239.692
239.777
239.856
239.933
240.003
240.076
240.144
240.206
240.263
240.301
240.334
240.355
235.381
235.544
235.556
235.871
235.876
235.471
235.396
235.969
235.88
235.641
235.796
235.966
235.828
235.852
235.965
235.993
236.047
236.09
236.126
236.206
236.285
236.336
236.393
236.464
236.535
236.604
236.67
236.759
236.832
236.911
236.985
237.067
237.142
237.22
237.293
237.375
237.447
237.512
237.569
237.601
237.629
237.642
232.707
232.971
233.267
232.918
232.619
232.943
233.332
233.131
232.848
233.098
233.295
233.16
233.112
233.257
233.287
233.316
233.373
233.403
233.462
233.545
233.604
233.66
233.73
233.8
233.866
233.941
234.018
234.106
234.188
234.262
234.339
234.419
234.495
234.578
234.656
234.741
234.816
234.885
234.942
234.973
234.999
235.006
230.576
230.242
230.086
230.197
230.562
230.644
230.382
230.18
230.601
230.706
230.528
230.482
230.649
230.667
230.669
230.74
230.784
230.82
230.889
230.95
231.001
231.069
231.142
231.208
231.276
231.359
231.442
231.526
231.615
231.685
231.764
231.843
231.923
232.01
232.095
232.179
232.254
232.326
232.386
232.421
232.449
232.454
227.614
227.832
227.886
228.028
227.97
227.668
227.67
228.174
228.14
227.95
227.953
228.126
228.12
228.111
228.175
228.229
228.262
228.313
228.373
228.424
228.486
228.558
228.626
228.697
228.778
228.865
228.949
229.033
229.131
229.202
229.281
229.363
229.451
229.539
229.629
229.708
229.786
229.859
229.923
229.964
229.996
230.004
225.294
225.481
225.718
225.368
225.11
225.495
225.799
225.63
225.424
225.593
225.734
225.68
225.689
225.739
225.771
225.817
225.867
225.912
225.957
226.017
226.087
226.154
226.219
226.296
226.38
226.468
226.561
226.639
226.737
226.81
226.893
226.98
227.079
227.163
227.255
227.331
227.412
227.488
227.558
227.606
227.645
227.662
223.335
222.986
222.836
223.021
223.403
223.399
223.131
223.001
223.378
223.408
223.295
223.342
223.421
223.415
223.453
223.519
223.569
223.602
223.65
223.719
223.789
223.858
223.929
224.005
224.08
224.166
224.275
224.353
224.449
224.526
224.624
224.722
224.829
224.908
225
225.076
225.157
225.229
225.301
225.351
225.393
225.417
220.789
220.998
221.051
221.14
221.097
220.823
220.865
221.284
221.221
221.097
221.176
221.249
221.209
221.253
221.319
221.367
221.406
221.445
221.509
221.574
221.635
221.704
221.778
221.852
221.922
222.003
222.112
222.191
222.286
222.367
222.476
222.584
222.69
222.776
222.872
222.955
223.036
223.109
223.185
223.236
223.283
223.314
218.846
219.025
219.22
218.852
218.565
218.936
219.286
219.123
218.94
219.165
219.223
219.101
219.145
219.249
219.266
219.316
219.357
219.406
219.477
219.536
219.592
219.657
219.725
219.796
219.877
219.965
220.069
220.15
220.245
220.335
220.44
220.542
220.642
220.736
220.828
220.915
220.991
221.063
221.139
221.188
221.236
221.268
217.342
216.905
216.711
216.796
217.214
217.366
217.101
216.928
217.262
217.32
217.181
217.183
217.337
217.336
217.366
217.436
217.468
217.528
217.602
217.662
217.725
217.798
217.865
217.938
218.028
218.115
218.216
218.309
218.412
218.517
218.625
218.726
218.824
218.923
219.014
219.106
219.178
219.252
219.328
219.374
219.419
219.447
215.159
215.232
215.164
215.56
215.659
215.312
215.105
215.543
215.593
215.38
215.42
215.639
215.593
215.578
215.674
215.715
215.738
215.81
215.886
215.942
216.003
216.073
216.149
216.237
216.324
216.405
216.501
216.599
216.701
216.806
216.91
217.009
217.105
217.205
217.293
217.393
217.47
217.555
217.636
217.685
217.728
217.752
213.423
213.876
214.123
213.899
213.574
213.647
214.157
214.087
213.8
213.81
214.085
214.048
213.977
214.073
214.148
214.161
214.206
214.28
214.327
214.383
214.459
214.531
214.614
214.692
214.778
214.868
214.968
215.061
215.158
215.264
215.366
215.468
215.562
215.662
215.745
215.851
215.935
216.03
216.115
216.167
216.209
216.23
212.629
212.376
212.304
212.248
212.389
212.73
212.629
212.32
212.405
212.728
212.673
212.574
212.673
212.732
212.752
212.767
212.842
212.922
212.96
213.019
213.109
213.202
213.285
213.36
213.458
213.57
213.671
213.756
213.851
213.958
214.059
214.164
214.255
214.357
214.439
214.547
214.634
214.733
214.821
214.874
214.916
214.937
211.394
211.18
210.968
211.369
211.607
211.377
211.055
211.316
211.63
211.478
211.35
211.493
211.544
211.542
211.605
211.628
211.731
211.802
211.814
211.869
212.052
212.107
212.178
212.267
212.39
212.513
212.615
212.71
212.817
212.931
213.036
213.147
213.241
213.347
213.439
213.544
213.634
213.732
213.821
213.872
213.915
213.937
210.09
210.479
210.588
210.561
210.33
210.182
210.511
210.715
210.5
210.43
210.636
210.692
210.625
210.686
210.761
210.75
210.864
210.996
211.037
211.085
211.171
211.284
211.384
211.495
211.623
211.745
211.863
211.984
212.106
212.228
212.345
212.47
212.575
212.689
212.796
212.896
212.99
213.087
213.179
213.224
213.267
213.291
209.926
209.923
210.075
209.78
209.693
210.083
210.171
209.943
209.833
210.076
210.134
210.078
210.143
210.2
210.243
210.298
210.332
210.371
210.503
210.62
210.696
210.812
210.918
211.037
211.165
211.3
211.44
211.584
211.727
211.871
212.013
212.158
212.29
212.42
212.549
212.652
212.759
212.858
212.959
212.994
213.034
213.056
209.849
209.973
210.012
210.015
210.018
209.964
209.979
210.085
210.08
210.048
210.078
210.153
210.185
210.151
210.311
210.383
210.355
210.386
210.503
210.604
210.704
210.764
210.888
211.006
211.124
211.253
211.394
211.541
211.699
211.859
212.019
212.187
212.353
212.51
212.672
212.797
212.93
213.051
213.179
213.214
213.254
213.276
210.445
210.342
210.402
210.327
210.331
210.532
210.582
210.461
210.465
210.595
210.616
210.645
210.629
210.63
210.821
210.825
210.843
210.96
211.008
211.139
211.19
211.266
211.381
211.489
211.587
211.7
211.823
211.954
212.098
212.246
212.399
212.567
212.745
212.917
213.104
213.262
213.428
213.584
213.758
213.816
213.877
213.912
211.586
211.312
211.279
211.166
211.337
211.663
211.613
211.357
211.448
211.627
211.592
211.604
211.601
211.644
211.733
211.761
211.806
211.882
211.997
212.033
212.08
212.197
212.287
212.361
212.448
212.552
212.659
212.771
212.887
213.019
213.157
213.309
213.474
213.639
213.828
214.005
214.18
214.359
214.565
214.652
214.745
214.802
213.271
212.891
212.696
212.733
213.09
213.198
212.964
212.814
212.987
213.078
213.05
213.127
213.09
213.109
213.129
213.193
213.225
213.23
213.323
213.307
213.39
213.464
213.504
213.548
213.619
213.695
213.77
213.85
213.939
214.054
214.174
214.306
214.45
214.595
214.767
214.944
215.096
215.262
215.461
215.551
215.651
215.719
214.935
214.756
214.843
214.766
214.787
214.967
214.973
214.868
214.888
214.967
214.951
214.895
214.876
214.825
214.859
214.993
215.075
215.009
215.03
215.02
215.024
215.052
215.061
215.061
215.081
215.106
215.119
215.135
215.171
215.236
215.316
215.401
215.494
215.596
215.728
215.88
215.986
216.115
216.28
216.35
216.435
216.496
216.811
216.804
217.007
216.771
216.804
217.033
216.978
216.886
217.042
217.071
216.943
216.918
216.883
216.86
216.83
216.876
217.039
216.963
216.842
216.807
216.831
216.838
216.771
216.711
216.692
216.654
216.592
216.544
216.517
216.506
216.502
216.502
216.517
216.547
216.603
216.685
216.712
216.772
216.875
216.898
216.946
216.986
219.228
218.982
218.8
218.944
218.991
218.796
218.647
218.765
218.85
218.677
218.686
218.954
218.952
218.961
218.768
218.646
218.828
218.786
218.527
218.556
218.625
218.487
218.351
218.309
218.232
218.107
217.997
217.901
217.802
217.699
217.598
217.5
217.412
217.333
217.273
217.25
217.173
217.15
217.19
217.146
217.137
217.138
220.644
220.664
220.656
220.637
220.467
220.14
220.208
220.375
220.158
219.992
220.271
220.586
220.614
220.66
220.322
220.045
220.214
220.164
220.032
220.151
219.996
219.745
219.703
219.624
219.444
219.29
219.156
218.997
218.819
218.635
218.455
218.266
218.075
217.88
217.705
217.574
217.39
217.27
217.225
217.097
217.024
216.984
221.468
221.842
221.839
221.566
221.041
220.725
220.99
220.937
220.706
220.79
221.421
221.571
221.614
221.545
221.012
220.736
220.944
220.953
221.042
220.988
220.613
220.523
220.524
220.357
220.166
220.012
219.847
219.654
219.437
219.206
218.969
218.718
218.457
218.187
217.931
217.711
217.422
217.192
217.038
216.812
216.661
216.575
221.659
221.939
221.927
221.454
220.899
220.805
220.91
220.629
220.534
221.052
221.636
221.761
221.806
221.511
220.903
220.73
220.895
221.038
221.266
220.861
220.514
220.636
220.602
220.389
220.22
220.074
219.909
219.72
219.507
219.279
219.038
218.773
218.489
218.194
217.899
217.622
217.272
216.969
216.738
216.444
216.227
216.095
221.26
221.365
221.313
220.779
220.233
220.277
220.107
219.78
219.84
220.531
220.992
221.169
221.246
220.673
220.105
220.094
220.164
220.478
220.669
219.997
219.861
220.096
219.97
219.736
219.628
219.522
219.368
219.187
218.992
218.788
218.571
218.331
218.073
217.808
217.532
217.264
216.925
216.621
216.373
216.08
215.849
215.702
220.195
219.859
219.528
219.189
219.344
219.091
218.703
218.192
218.468
219.358
219.884
219.957
219.792
219.211
218.87
218.825
218.737
219.321
219.415
218.659
218.733
218.926
218.71
218.553
218.521
218.421
218.276
218.136
217.992
217.831
217.655
217.462
217.255
217.042
216.824
216.617
216.353
216.123
215.936
215.719
215.542
215.42
217.683
217.634
217.607
217.663
217.497
217.275
216.814
216.739
216.936
217.192
217.881
217.943
217.625
217.447
217.375
216.979
216.798
217.609
217.621
216.907
217.08
217.221
217.045
216.983
216.968
216.877
216.78
216.699
216.609
216.504
216.395
216.277
216.146
216.014
215.89
215.785
215.623
215.496
215.4
215.283
215.184
215.104
214.815
215.115
215.421
215.395
215.207
215.226
215.241
215.152
215.099
215.308
215.301
215.058
215.168
215.582
215.591
214.894
214.654
215.551
215.508
214.88
215.089
215.205
215.094
215.084
215.074
215.033
215.013
214.998
214.971
214.943
214.925
214.897
214.857
214.819
214.793
214.785
214.72
214.689
214.678
214.645
214.616
214.579
212.148
212.264
212.626
212.813
212.916
213.583
213.773
213.46
213.145
212.861
212.363
212.248
212.857
213.548
213.421
212.894
212.588
213.236
213.078
212.797
213.042
213.062
213.024
213.071
213.083
213.103
213.147
213.183
213.211
213.249
213.298
213.343
213.39
213.446
213.515
213.605
213.608
213.653
213.712
213.742
213.762
213.757
210.972
210.488
210.203
210.451
210.931
211.253
211.156
210.974
211.021
210.769
210.374
210.542
210.99
210.961
210.942
210.889
210.882
210.915
210.766
210.948
211.02
210.961
211.02
211.08
211.122
211.187
211.249
211.314
211.394
211.488
211.583
211.673
211.777
211.899
212.038
212.2
212.259
212.36
212.467
212.542
212.598
212.62
209.56
209.104
208.756
208.875
208.898
208.52
208.242
208.417
208.944
209.059
209.149
209.416
208.969
208.572
208.63
209.013
209.381
208.797
208.785
209.115
209.05
209.028
209.114
209.175
209.243
209.31
209.374
209.455
209.556
209.668
209.79
209.913
210.054
210.204
210.371
210.567
210.665
210.801
210.938
211.041
211.121
211.163
207.295
207.343
207.305
207.381
207.172
206.853
206.848
207.34
207.301
207.153
207.301
207.443
207.32
207.037
206.87
207.363
207.51
207.158
207.229
207.34
207.337
207.344
207.375
207.434
207.482
207.53
207.611
207.701
207.785
207.87
207.979
208.107
208.253
208.402
208.569
208.768
208.876
209.019
209.163
209.276
209.368
209.423
205.494
205.782
205.968
205.817
205.542
205.408
205.776
205.835
205.688
205.717
205.889
205.635
205.566
205.819
205.655
205.683
205.826
205.729
205.683
205.78
205.79
205.768
205.804
205.824
205.823
205.867
205.951
206.012
206.056
206.112
206.201
206.31
206.426
206.544
206.685
206.856
206.94
207.061
207.189
207.292
207.376
207.429
204.842
204.748
204.464
204.131
203.928
204.094
204.285
204.031
204.243
204.749
204.77
204.099
204.316
204.415
204.077
204.256
204.569
204.255
204.126
204.37
204.371
204.258
204.24
204.283
204.306
204.33
204.349
204.365
204.393
204.444
204.505
204.564
204.624
204.691
204.779
204.895
204.941
205.022
205.115
205.188
205.25
205.292
204.094
203.703
203.189
202.754
202.578
202.554
201.876
202.145
203.197
203.952
203.707
203.021
203.048
202.49
202.495
203.283
203.176
202.742
202.74
202.955
202.964
202.833
202.77
202.813
202.861
202.857
202.82
202.799
202.808
202.823
202.825
202.84
202.859
202.876
202.907
202.963
202.954
202.978
203.012
203.031
203.048
203.063
202.402
202.282
202.054
201.803
201.316
200.587
200.33
201.023
202.255
202.595
202.084
201.83
201.535
200.645
201.283
202.362
201.59
201.052
201.583
201.615
201.431
201.366
201.358
201.369
201.36
201.32
201.272
201.245
201.233
201.208
201.173
201.148
201.119
201.084
201.062
201.067
201.003
200.971
200.954
200.921
200.895
200.882
200.984
200.536
200.233
200.102
199.99
199.163
199.006
199.597
200.767
200.995
200.547
200.576
199.734
198.851
200.278
201.068
199.835
199.495
200.147
200.123
199.866
199.819
199.814
199.793
199.761
199.727
199.702
199.683
199.655
199.604
199.549
199.479
199.405
199.335
199.274
199.236
199.126
199.045
198.985
198.917
198.865
198.836
199.842
199.683
199.033
198.161
197.424
197.055
197.563
198.275
199.362
199.862
199.192
198.585
197.562
197.665
199.168
198.919
197.919
198.309
198.614
198.398
198.284
198.289
198.277
198.267
198.182
198.125
198.084
198.053
198.013
197.966
197.924
197.827
197.729
197.643
197.548
197.468
197.328
197.216
197.127
197.038
196.966
196.926
198.236
198.318
197.823
196.449
195.177
194.91
196.224
197.298
197.95
198.413
197.393
195.838
195.87
197.148
197.659
196.555
196.463
196.981
196.924
196.727
196.681
196.668
196.645
196.656
196.532
196.485
196.452
196.413
196.358
196.294
196.24
196.134
196.04
195.959
195.854
195.754
195.614
195.498
195.405
195.317
195.245
195.202
196.532
195.85
195.796
194.511
193.753
194.547
195.062
195.541
196.339
196.377
194.995
193.664
194.589
196.147
195.607
194.607
195.037
195.312
195.155
195.02
194.989
194.972
194.952
194.943
194.835
194.798
194.767
194.726
194.667
194.604
194.563
194.448
194.36
194.284
194.195
194.113
193.992
193.891
193.814
193.744
193.687
193.651
194.688
193.787
193.362
192.976
192.527
193.471
193.404
193.789
194.459
194.285
193.115
192.185
193.335
194.416
193.438
193.042
193.328
193.44
193.397
193.303
193.267
193.251
193.247
193.239
193.166
193.123
193.084
193.044
192.993
192.942
192.91
192.797
192.717
192.647
192.585
192.537
192.444
192.371
192.315
192.264
192.224
192.198
192.553
192.374
191.962
191.491
190.929
190.875
191.383
192.2
192.716
192.044
191.569
191.252
191.557
191.995
191.957
191.478
191.378
191.785
191.771
191.583
191.506
191.494
191.55
191.545
191.468
191.429
191.408
191.376
191.332
191.291
191.266
191.182
191.121
191.073
191.042
191.03
190.963
190.917
190.883
190.851
190.829
190.812
190.278
190.152
190.121
190.003
190.021
190.047
190.099
190.162
190.085
189.946
190.303
190.088
189.691
190.065
190.162
189.711
189.938
190.08
189.916
189.806
189.8
189.844
189.883
189.828
189.794
189.764
189.753
189.724
189.692
189.668
189.655
189.61
189.583
189.571
189.566
189.58
189.534
189.51
189.494
189.484
189.481
189.475
187.542
188.068
188.44
188.748
189.077
189.114
188.841
188.216
187.85
188.209
188.609
188.567
188.486
188.147
188.276
188.449
188.341
188.215
188.237
188.266
188.265
188.234
188.197
188.151
188.2
188.18
188.16
188.13
188.11
188.098
188.098
188.083
188.09
188.11
188.122
188.153
188.123
188.115
188.113
188.121
188.135
188.134
186.869
186.6
186.613
186.985
187.469
187.289
186.929
186.884
187.1
186.903
186.373
186.706
187.199
186.596
186.794
187.071
186.686
186.609
186.75
186.814
186.777
186.674
186.591
186.585
186.75
186.655
186.62
186.606
186.599
186.602
186.624
186.611
186.628
186.669
186.694
186.732
186.716
186.715
186.723
186.745
186.772
186.769
186.001
186.039
185.861
185.342
184.891
184.777
185.329
185.962
186.101
185.578
185.002
185.067
185.565
185.367
185.504
185.403
185.151
185.191
185.412
185.379
185.282
185.174
185.136
185.19
185.294
185.183
185.157
185.144
185.138
185.159
185.214
185.198
185.21
185.252
185.285
185.324
185.319
185.323
185.338
185.365
185.399
185.387
184.546
184.335
184.406
184.297
184.232
183.86
184.063
184.201
184.072
184.393
184.447
183.91
183.816
184.315
184.166
183.74
183.867
184.189
184.079
183.935
183.809
183.764
183.893
183.92
183.862
183.829
183.811
183.788
183.773
183.789
183.837
183.823
183.825
183.859
183.89
183.921
183.917
183.923
183.943
183.965
183.994
183.974
182.425
182.79
183.284
183.459
183.532
183.448
182.957
182.242
182.401
183.185
183.444
182.828
182.554
183.034
182.54
182.521
182.998
182.944
182.706
182.597
182.556
182.686
182.74
182.618
182.526
182.571
182.529
182.508
182.504
182.508
182.515
182.491
182.479
182.496
182.515
182.534
182.523
182.526
182.54
182.549
182.562
182.533
181.364
181.677
181.898
182.262
182.516
182.326
181.653
181.403
181.661
181.808
181.781
181.914
181.925
181.445
181.311
181.812
181.862
181.532
181.427
181.396
181.504
181.619
181.515
181.393
181.332
181.406
181.319
181.288
181.273
181.249
181.219
181.191
181.173
181.168
181.178
181.222
181.174
181.163
181.167
181.159
181.152
181.117
181.385
180.875
180.681
180.636
181.02
180.598
180.773
181.23
181.196
180.484
180.175
180.842
181.043
180.153
180.516
180.891
180.609
180.382
180.35
180.44
180.546
180.428
180.278
180.229
180.244
180.305
180.181
180.131
180.078
180.027
179.978
179.945
179.923
179.886
179.881
179.981
179.843
179.815
179.809
179.782
179.757
179.723
180.834
180.27
179.806
179.285
178.822
179.426
180.001
180.694
180.322
179.505
178.976
179.646
179.8
179.265
179.769
179.759
179.38
179.331
179.406
179.558
179.481
179.295
179.149
179.179
179.176
179.199
179.08
179.017
178.937
178.872
178.818
178.777
178.752
178.681
178.649
178.756
178.554
178.5
178.475
178.426
178.385
178.354
179.707
179.318
178.778
178.187
178.016
178.383
179.05
179.606
178.968
178.769
178.321
178.435
178.491
178.782
178.865
178.33
178.269
178.371
178.521
178.493
178.341
178.187
178.156
178.177
178.107
178.116
177.978
177.903
177.822
177.757
177.705
177.65
177.609
177.515
177.469
177.561
177.328
177.255
177.216
177.152
177.103
177.074
178
177.939
177.848
177.819
177.852
177.647
177.828
177.683
177.578
178.127
177.965
177.129
177.51
178.105
177.522
177.222
177.346
177.598
177.506
177.341
177.205
177.167
177.276
177.173
177.054
177.07
176.932
176.843
176.765
176.698
176.638
176.57
176.511
176.403
176.335
176.351
176.149
176.074
176.042
175.974
175.927
175.901
176.414
176.521
176.948
177.299
177.46
177.278
176.677
175.933
176.379
177.209
177.207
176.285
176.591
176.996
176.289
176.275
176.641
176.635
176.461
176.289
176.201
176.316
176.328
176.173
176.057
176.073
175.948
175.842
175.767
175.697
175.622
175.54
175.462
175.351
175.255
175.197
175.024
174.944
174.912
174.841
174.799
174.769
175.253
175.543
175.885
176.44
176.632
176.388
175.747
175.227
175.432
175.794
176.092
175.861
175.729
175.519
175.328
175.645
175.717
175.495
175.382
175.293
175.322
175.395
175.287
175.163
175.118
175.066
174.952
174.845
174.774
174.695
174.607
174.516
174.425
174.316
174.22
174.153
173.998
173.912
173.864
173.795
173.76
173.722
174.828
174.72
174.891
175.196
175.546
175.061
174.928
175.092
174.802
174.313
174.848
175.096
174.79
174.514
174.506
174.737
174.655
174.494
174.402
174.37
174.437
174.43
174.287
174.161
174.092
174.101
173.975
173.891
173.81
173.712
173.608
173.518
173.437
173.33
173.243
173.189
173.05
172.975
172.933
172.86
172.827
172.775
174.598
174.208
174.007
173.813
173.815
173.922
174.23
174.766
174.17
173.147
173.663
174.077
173.962
173.84
173.476
173.616
173.728
173.657
173.56
173.475
173.45
173.481
173.371
173.248
173.147
173.157
173.028
172.96
172.885
172.783
172.673
172.585
172.513
172.409
172.329
172.275
172.149
172.076
172.04
171.971
171.995
171.871
174.15
173.726
173.327
172.489
172.178
172.706
173.544
174.063
173.473
172.475
172.35
173.219
173.486
172.568
172.452
172.892
172.954
172.726
172.582
172.494
172.542
172.554
172.434
172.342
172.278
172.265
172.123
172.05
171.981
171.896
171.806
171.724
171.65
171.544
171.467
171.411
171.304
171.231
171.185
171.138
171.242
171.013
173.618
173.004
172.322
171.399
171.213
171.69
172.557
173.06
172.652
171.901
171.335
172.362
172.403
171.585
171.87
172.124
171.912
171.781
171.692
171.711
171.711
171.601
171.497
171.47
171.417
171.412
171.271
171.198
171.124
171.054
170.986
170.91
170.831
170.734
170.665
170.611
170.523
170.453
170.402
170.378
170.523
170.262
172.569
171.859
171.418
170.958
170.789
171.028
171.632
171.68
171.751
171.654
170.913
171.219
171.255
171.237
171.213
171.116
171.026
170.992
170.95
170.924
170.866
170.801
170.726
170.665
170.596
170.619
170.475
170.401
170.332
170.273
170.211
170.141
170.07
169.981
169.913
169.855
169.78
169.713
169.665
169.653
169.811
169.555
170.636
170.829
170.935
171
170.926
170.744
170.517
170.255
170.688
171.163
170.455
170.245
170.623
170.519
170.379
170.401
170.316
170.258
170.188
170.15
170.119
170.09
169.991
169.898
169.88
169.861
169.749
169.66
169.591
169.535
169.48
169.411
169.338
169.258
169.199
169.15
169.083
169.02
168.972
168.964
169.128
168.886
169.444
169.895
170.305
170.649
170.814
170.523
169.767
169.441
169.739
170.22
170.146
169.626
169.946
169.764
169.553
169.733
169.721
169.638
169.519
169.467
169.506
169.446
169.312
169.223
169.193
169.163
169.07
168.996
168.933
168.872
168.808
168.735
168.666
168.603
168.549
168.498
168.429
168.367
168.321
168.313
168.473
168.234
169.049
169.208
169.499
170.107
170.259
169.829
169.418
169.156
168.916
169.344
169.608
169.391
169.378
168.963
169.076
169.236
169.112
169.005
168.903
168.894
168.941
168.841
168.716
168.645
168.643
168.551
168.454
168.36
168.285
168.229
168.172
168.101
168.031
167.968
167.915
167.867
167.802
167.748
167.713
167.707
167.861
167.645
169.274
168.913
168.914
169.226
169.111
168.993
169.229
169.252
168.601
168.463
169.048
169.182
168.513
168.544
168.806
168.698
168.506
168.44
168.403
168.41
168.36
168.266
168.205
168.151
168.076
167.994
167.902
167.825
167.759
167.692
167.612
167.528
167.454
167.393
167.335
167.283
167.215
167.164
167.137
167.13
167.265
167.061
169.33
169.044
168.651
168.019
167.863
168.47
169.169
169.136
168.325
167.841
168.478
168.679
168.193
168.261
168.342
168.164
168.072
168.006
167.971
167.929
167.873
167.834
167.779
167.676
167.573
167.499
167.445
167.387
167.293
167.191
167.103
167.024
166.947
166.867
166.794
166.734
166.666
166.621
166.59
166.575
166.698
166.505
169.197
168.797
168.193
167.309
167.401
168.088
168.941
168.811
167.848
167.395
168.137
168.239
167.825
167.847
167.867
167.744
167.698
167.638
167.582
167.509
167.453
167.421
167.38
167.273
167.155
167.059
166.998
166.928
166.816
166.714
166.634
166.558
166.468
166.376
166.308
166.265
166.182
166.129
166.085
166.06
166.177
165.982
168.878
168.465
167.872
167.029
167.045
167.72
168.548
168.388
167.491
167.039
167.843
168.022
167.232
167.4
167.65
167.479
167.351
167.276
167.264
167.213
167.113
167.039
166.998
166.879
166.749
166.715
166.628
166.541
166.428
166.332
166.247
166.159
166.062
165.97
165.898
165.844
165.749
165.691
165.646
165.62
165.721
165.546
168.634
168.211
167.58
166.679
166.811
167.309
168.057
168.065
167.493
166.868
167.424
167.623
166.961
167.135
167.371
167.166
167.04
166.972
166.975
166.906
166.787
166.701
166.657
166.576
166.515
166.459
166.355
166.242
166.138
166.046
165.948
165.838
165.724
165.624
165.541
165.475
165.375
165.301
165.238
165.197
165.276
165.1
168.123
167.612
167.245
166.894
166.848
167.178
167.476
167.377
167.458
167.054
167.166
166.95
166.781
167.102
167.136
166.803
166.741
166.72
166.773
166.695
166.57
166.497
166.409
166.315
166.288
166.176
166.067
165.947
165.849
165.752
165.644
165.528
165.417
165.323
165.234
165.157
165.052
164.97
164.903
164.863
164.925
164.775
166.909
167.144
167.378
167.467
167.499
167.26
166.654
166.79
167.252
167.365
166.952
166.506
166.929
167.13
166.741
166.574
166.559
166.639
166.61
166.463
166.359
166.313
166.239
166.158
166.098
165.976
165.861
165.746
165.646
165.546
165.442
165.332
165.217
165.114
165.011
164.912
164.801
164.703
164.625
164.572
164.599
164.446
166.484
166.922
167.353
167.61
167.715
167.189
166.629
166.577
166.832
167.253
166.914
166.406
166.845
166.918
166.481
166.456
166.488
166.531
166.416
166.252
166.174
166.131
166.084
165.993
165.896
165.779
165.67
165.568
165.467
165.363
165.256
165.144
165.027
164.921
164.813
164.706
164.605
164.512
164.43
164.367
164.356
164.228
166.596
166.726
166.962
167.487
167.478
166.994
166.789
166.49
166.406
167.024
166.835
166.389
166.734
166.64
166.361
166.402
166.479
166.432
166.267
166.134
166.087
166.042
165.999
165.886
165.78
165.677
165.576
165.479
165.371
165.265
165.154
165.034
164.91
164.797
164.681
164.567
164.469
164.376
164.289
164.217
164.184
164.06
166.25
166.635
167.002
167.549
167.543
166.994
166.514
166.245
166.538
167.09
166.617
166.385
166.614
166.382
166.392
166.439
166.395
166.293
166.155
166.082
166.028
165.969
165.919
165.798
165.7
165.607
165.505
165.41
165.308
165.212
165.108
164.994
164.878
164.767
164.649
164.532
164.425
164.315
164.215
164.109
164.047
163.949
165.888
166.572
167.183
167.521
167.618
166.978
166.19
166.223
166.82
167.057
166.514
166.458
166.419
166.447
166.511
166.417
166.291
166.212
166.154
166.119
166.014
165.929
165.862
165.76
165.667
165.574
165.464
165.366
165.264
165.166
165.056
164.943
164.83
164.719
164.603
164.49
164.389
164.289
164.214
164.142
164.104
164.047
165.803
166.369
166.854
167.245
167.368
166.863
166.195
166.173
166.569
166.73
166.608
166.2
166.284
166.501
166.438
166.249
166.16
166.128
166.168
166.122
166.005
165.936
165.884
165.815
165.738
165.654
165.56
165.472
165.378
165.281
165.172
165.066
164.963
164.859
164.753
164.65
164.555
164.458
164.375
164.305
164.267
164.232
)
;

boundaryField
{
    lateral_sides
    {
        type            empty;
    }
    outerwall
    {
        type            zeroGradient;
    }
    longitudinal_symmetry
    {
        type            symmetryPlane;
    }
    inlet
    {
        type            totalPressure;
        rho             none;
        psi             thermo:psi;
        gamma           1.333;
        p0              uniform 611.2;
        value           nonuniform List<scalar> 
42
(
527.738
527.744
527.835
527.906
527.944
527.945
527.945
527.94
527.941
527.941
527.936
527.934
527.934
527.936
527.936
527.936
527.938
527.942
527.947
527.953
527.961
527.971
527.986
528.006
528.032
528.06
528.089
528.122
528.159
528.2
528.244
528.294
528.349
528.41
528.474
528.544
528.616
528.691
528.766
528.832
528.875
528.9
)
;
    }
    outlet
    {
        type            zeroGradient;
    }
}


// ************************************************************************* //
