/*--------------------------------*- C++ -*----------------------------------*\
| =========                 |                                                 |
| \\      /  F ield         | OpenFOAM: The Open Source CFD Toolbox           |
|  \\    /   O peration     | Version:  2406                                  |
|   \\  /    A nd           | Website:  www.openfoam.com                      |
|    \\/     M anipulation  |                                                 |
\*---------------------------------------------------------------------------*/
FoamFile
{
    version     2.0;
    format      ascii;
    arch        "LSB;label=32;scalar=64";
    class       volScalarField;
    location    "0.109";
    object      S_sat;
}
// * * * * * * * * * * * * * * * * * * * * * * * * * * * * * * * * * * * * * //

dimensions      [0 0 0 0 0 0 0];

internalField   nonuniform List<scalar> 
8988
(
1.63809
1.67704
1.7316
1.7688
1.78856
1.79964
1.8063
1.81041
1.81289
1.81435
1.81534
1.81617
1.81678
1.81711
1.8171
1.81702
1.81693
1.81682
1.81665
1.81643
1.81616
1.81582
1.81543
1.815
1.81456
1.81408
1.81354
1.81295
1.81232
1.81164
1.81089
1.81008
1.80923
1.80834
1.80739
1.80639
1.80538
1.80436
1.8034
1.80263
1.80211
1.8013
1.42563
1.47103
1.55659
1.64923
1.71332
1.7545
1.78107
1.7941
1.7997
1.80419
1.80805
1.80943
1.80998
1.81077
1.81155
1.81201
1.8124
1.81271
1.81295
1.81316
1.8133
1.81336
1.81337
1.81334
1.81328
1.81316
1.81294
1.81269
1.8125
1.81231
1.81195
1.81154
1.81121
1.81094
1.81066
1.81037
1.81011
1.80989
1.80979
1.80982
1.81001
1.80984
1.28387
1.32494
1.41124
1.52782
1.62927
1.69393
1.73655
1.76765
1.78371
1.78993
1.79482
1.80014
1.80238
1.80358
1.80491
1.80601
1.80676
1.80729
1.80771
1.80809
1.80845
1.80878
1.80912
1.80948
1.80987
1.81021
1.81048
1.8107
1.81096
1.81124
1.81148
1.81169
1.81198
1.81239
1.81291
1.81349
1.81418
1.81497
1.8158
1.81656
1.81728
1.81747
1.17482
1.21267
1.2957
1.41732
1.53733
1.62498
1.68597
1.7303
1.75836
1.7703
1.7779
1.78612
1.7912
1.79355
1.79559
1.79758
1.79891
1.7999
1.80068
1.80138
1.80208
1.80285
1.80369
1.80458
1.80549
1.80642
1.80739
1.80849
1.80975
1.81105
1.81235
1.8137
1.81512
1.81663
1.81819
1.81984
1.82157
1.82333
1.82497
1.82639
1.82751
1.8281
1.09457
1.12657
1.20389
1.31847
1.44582
1.55643
1.63348
1.68625
1.72471
1.74862
1.76214
1.77176
1.77863
1.78289
1.786
1.78843
1.79034
1.79179
1.79305
1.79418
1.79532
1.79657
1.79794
1.79938
1.80085
1.80245
1.80431
1.80642
1.80865
1.81095
1.8134
1.81603
1.81881
1.8217
1.82463
1.82751
1.83025
1.83279
1.83506
1.83701
1.83845
1.83959
1.02437
1.0551
1.12931
1.23928
1.36445
1.48428
1.5806
1.64617
1.69011
1.72281
1.74506
1.75785
1.76637
1.7727
1.77678
1.77987
1.78237
1.78431
1.78607
1.78769
1.78929
1.79107
1.79313
1.79532
1.79759
1.80011
1.80303
1.8063
1.80972
1.81333
1.81711
1.82102
1.82498
1.82894
1.83286
1.83663
1.84001
1.84305
1.84572
1.848
1.84977
1.85135
0.983828
0.993254
1.0631
1.17181
1.29902
1.41985
1.52423
1.60615
1.66159
1.69944
1.72739
1.74574
1.75671
1.76449
1.76989
1.77403
1.77718
1.7795
1.78165
1.78367
1.78562
1.78775
1.79024
1.79295
1.79577
1.79891
1.80253
1.80654
1.81082
1.81534
1.82011
1.82507
1.83011
1.83517
1.84011
1.84483
1.84913
1.85291
1.85614
1.85884
1.86095
1.863
0.988886
0.982865
1.0033
1.10885
1.23921
1.36831
1.47697
1.5654
1.63389
1.68085
1.71227
1.73467
1.7487
1.75878
1.76588
1.77074
1.77461
1.7777
1.78026
1.78253
1.78464
1.78691
1.78955
1.79245
1.79555
1.79901
1.80295
1.80729
1.81198
1.81703
1.82245
1.82815
1.83404
1.84005
1.84603
1.85182
1.85717
1.8619
1.86595
1.86932
1.87184
1.87371
0.989658
0.989103
0.983443
1.05576
1.18193
1.31739
1.43836
1.53321
1.60712
1.66371
1.70311
1.72851
1.74626
1.75834
1.76628
1.7717
1.77618
1.77975
1.78247
1.78487
1.78708
1.78919
1.79145
1.79413
1.79731
1.80091
1.80488
1.80921
1.81395
1.81914
1.82476
1.83074
1.83706
1.84367
1.85046
1.85724
1.86375
1.86965
1.87472
1.87878
1.88164
1.88331
0.989087
0.989154
0.989953
1.00984
1.13814
1.2709
1.39585
1.50376
1.58792
1.64986
1.69516
1.72646
1.74771
1.76188
1.77106
1.77806
1.78317
1.78704
1.79003
1.79227
1.79417
1.79591
1.7977
1.79987
1.80249
1.8055
1.80883
1.81258
1.81685
1.82171
1.82711
1.83301
1.83941
1.84628
1.85354
1.86099
1.86833
1.87518
1.88119
1.88605
1.8895
1.89151
0.989663
0.989387
0.989778
0.983458
1.09274
1.2331
1.36447
1.47486
1.56738
1.63944
1.69057
1.72614
1.75138
1.76877
1.77984
1.78785
1.79361
1.79792
1.80122
1.80361
1.80548
1.80693
1.80831
1.80992
1.81176
1.81376
1.816
1.81867
1.82194
1.82589
1.83055
1.8359
1.84195
1.84863
1.85583
1.86333
1.87084
1.87804
1.88463
1.89019
1.89434
1.89687
0.988967
0.989006
0.989493
0.982144
1.05494
1.1932
1.33225
1.45399
1.55137
1.62893
1.6879
1.72868
1.75737
1.77759
1.79048
1.79961
1.8064
1.81097
1.81461
1.81749
1.81946
1.82086
1.82195
1.82317
1.8245
1.8258
1.82718
1.82883
1.83091
1.83351
1.83678
1.84081
1.84567
1.85133
1.85766
1.86445
1.87147
1.8785
1.88512
1.89087
1.89535
1.8983
0.989207
0.989322
0.990346
0.990723
1.02521
1.16265
1.30116
1.43065
1.53861
1.62185
1.686
1.73215
1.7649
1.78832
1.80271
1.81294
1.82087
1.82606
1.82983
1.833
1.83524
1.83661
1.83757
1.83846
1.83939
1.84036
1.84138
1.84252
1.84382
1.84533
1.84714
1.84936
1.85213
1.85563
1.85997
1.86514
1.87095
1.87714
1.88334
1.88894
1.89339
1.89619
0.99007
0.989159
0.990155
0.990985
0.993954
1.13666
1.27711
1.40881
1.52423
1.61657
1.68618
1.73665
1.77343
1.79994
1.81629
1.82792
1.83684
1.84275
1.84698
1.85017
1.85249
1.85402
1.8549
1.85552
1.85607
1.85668
1.85738
1.85814
1.85899
1.85989
1.86079
1.86164
1.8625
1.86349
1.8649
1.86712
1.87042
1.87463
1.87942
1.88411
1.88803
1.89067
0.990159
0.989342
0.991151
0.992113
0.982633
1.10771
1.25587
1.39101
1.50999
1.61
1.68672
1.74172
1.7826
1.81162
1.83038
1.84393
1.8538
1.86029
1.86509
1.8687
1.871
1.87256
1.87354
1.87399
1.87427
1.87453
1.87473
1.8749
1.87509
1.87525
1.87529
1.87514
1.87467
1.87391
1.87297
1.87222
1.87205
1.87281
1.87452
1.87707
1.87967
1.88167
0.990153
0.989558
0.990863
0.991572
0.991578
1.0794
1.23065
1.37375
1.49747
1.60235
1.68512
1.74639
1.79215
1.82323
1.84471
1.86087
1.87162
1.87885
1.88421
1.88813
1.89075
1.89223
1.89296
1.89325
1.89331
1.89314
1.89269
1.89213
1.89157
1.89091
1.89003
1.88885
1.88731
1.88531
1.88277
1.87975
1.87647
1.87349
1.87144
1.87016
1.86987
1.87018
0.991095
0.990034
0.990728
0.991589
0.991881
1.05761
1.20652
1.35309
1.48493
1.59502
1.68218
1.75036
1.80081
1.83505
1.86039
1.87837
1.88984
1.89816
1.90411
1.90801
1.91063
1.91208
1.91258
1.91264
1.91238
1.91171
1.91064
1.90934
1.9079
1.9063
1.90443
1.90222
1.89962
1.89648
1.89266
1.88805
1.88265
1.87672
1.87093
1.86587
1.86207
1.8599
0.992006
0.990509
0.991562
0.991774
0.992691
1.03442
1.18611
1.33262
1.4687
1.58593
1.67932
1.75279
1.80738
1.84637
1.87517
1.89465
1.90734
1.91699
1.92373
1.92768
1.93016
1.93151
1.93193
1.93176
1.93105
1.92983
1.92816
1.92613
1.92384
1.92128
1.91839
1.9151
1.91135
1.90703
1.90198
1.89607
1.88925
1.88159
1.87344
1.86581
1.85977
1.85563
0.991977
0.990965
0.99159
0.99237
0.992491
1.01371
1.16373
1.31447
1.45385
1.57548
1.67521
1.75369
1.8132
1.85611
1.88754
1.90963
1.92399
1.93444
1.94188
1.94618
1.94852
1.94962
1.94995
1.94961
1.94849
1.94676
1.94455
1.94189
1.93879
1.9353
1.93139
1.92701
1.92212
1.91662
1.91038
1.90338
1.89561
1.8872
1.8784
1.86966
1.86247
1.85722
0.991943
0.991654
0.992327
0.993296
0.992843
0.998479
1.14378
1.29566
1.43923
1.56434
1.66907
1.75278
1.81718
1.86413
1.89809
1.92252
1.93909
1.95054
1.95835
1.96301
1.96536
1.96626
1.96643
1.96596
1.96461
1.96244
1.95961
1.95623
1.95236
1.94801
1.94319
1.93788
1.93201
1.92554
1.91842
1.91069
1.90245
1.89386
1.88525
1.87714
1.8708
1.86533
0.991699
0.991761
0.991781
0.992821
0.992938
0.98369
1.12797
1.2774
1.42299
1.55248
1.6615
1.74985
1.8184
1.86963
1.90663
1.93291
1.95165
1.96439
1.97248
1.97746
1.98011
1.98109
1.98116
1.98048
1.97895
1.97646
1.97303
1.96894
1.9644
1.95943
1.95397
1.94797
1.94143
1.93436
1.92679
1.91882
1.9106
1.90244
1.89484
1.8884
1.88445
1.88007
0.991527
0.991856
0.991617
0.993355
0.992971
0.980701
1.10859
1.26131
1.40819
1.53864
1.65201
1.74528
1.81754
1.87263
1.91287
1.9413
1.96187
1.97592
1.98463
1.98984
1.99259
1.99363
1.99372
1.993
1.9914
1.9887
1.98492
1.98042
1.97548
1.97009
1.96419
1.95784
1.95106
1.94385
1.9363
1.92861
1.92107
1.91413
1.90832
1.9039
1.90205
1.89888
0.991748
0.991673
0.991893
0.99207
0.993288
0.993407
1.09303
1.24291
1.39089
1.52495
1.64175
1.73843
1.81437
1.87293
1.91599
1.94676
1.96907
1.98436
1.9939
1.99952
2.00253
2.00377
2.0041
2.00361
2.00201
1.99921
1.99538
1.99089
1.98594
1.98047
1.97449
1.96816
1.96156
1.95476
1.94791
1.94126
1.93514
1.92994
1.92604
1.92328
1.92239
1.91995
0.99158
0.991977
0.991651
0.99212
0.993542
0.99323
1.07617
1.22391
1.37313
1.51062
1.62944
1.7292
1.8094
1.8706
1.91632
1.94991
1.97374
1.98999
2.00047
2.00663
2.00984
2.01136
2.0121
2.01218
2.01113
2.00868
2.00511
2.00083
1.99607
1.99091
1.98539
1.97967
1.9739
1.96822
1.96278
1.95775
1.95332
1.94967
1.94702
1.94521
1.94472
1.94257
0.991713
0.991659
0.99167
0.991852
0.99348
0.9936
1.05754
1.2065
1.35684
1.49451
1.61527
1.71863
1.802
1.86554
1.91373
1.95014
1.9759
1.99329
2.00477
2.01186
2.01584
2.0179
2.01886
2.01921
2.01878
2.01716
2.01435
2.0107
2.00658
2.00223
1.99778
1.99336
1.98906
1.98496
1.98112
1.97761
1.97451
1.97191
1.96997
1.96868
1.96852
1.96659
0.991541
0.991773
0.991821
0.991571
0.993509
0.993529
1.04257
1.1902
1.33816
1.47794
1.6017
1.70686
1.79273
1.85905
1.90988
1.9481
1.97536
1.99429
2.00713
2.01532
2.02028
2.0232
2.02482
2.02559
2.02585
2.02541
2.0239
2.02141
2.01845
2.01538
2.01236
2.00946
2.00672
2.00412
2.00168
1.99946
1.99744
1.99566
1.99428
1.9934
1.99348
1.99182
0.991586
0.99159
0.991563
0.99172
0.993741
0.993538
1.0252
1.17187
1.31794
1.45913
1.58528
1.69289
1.78147
1.85103
1.90467
1.9449
1.97407
1.99475
2.00885
2.0181
2.02417
2.0282
2.03081
2.03249
2.03362
2.03426
2.0342
2.03326
2.0317
2.03007
2.02859
2.02723
2.02596
2.02473
2.02356
2.02249
2.02148
2.02048
2.01967
2.01915
2.01937
2.01797
0.991739
0.991938
0.991947
0.991678
0.991725
0.993649
1.00461
1.15114
1.30032
1.44089
1.56851
1.67913
1.77008
1.84277
1.89925
1.9418
1.97319
1.99562
2.01111
2.02169
2.02903
2.03415
2.0378
2.04057
2.04284
2.04458
2.04564
2.04601
2.04598
2.04581
2.04569
2.04572
2.04582
2.04596
2.04607
2.04614
2.04612
2.04595
2.04573
2.04559
2.04596
2.04479
0.991828
0.991532
0.991696
0.991668
0.992286
0.993751
0.991317
1.1346
1.28166
1.42516
1.55478
1.66701
1.76112
1.83713
1.89637
1.9413
1.97463
1.99871
2.01569
2.02769
2.03627
2.04237
2.04678
2.05042
2.05364
2.05629
2.05838
2.05995
2.06117
2.06226
2.06336
2.06453
2.06584
2.06724
2.06865
2.06989
2.07086
2.07152
2.07195
2.07237
2.07304
2.07204
0.992112
0.991672
0.991766
0.991606
0.992062
0.993742
0.980393
1.12014
1.26953
1.4123
1.54332
1.65881
1.75587
1.83466
1.89649
1.94374
1.97909
2.00485
2.0232
2.03622
2.04554
2.05232
2.05773
2.06238
2.06627
2.06965
2.07253
2.07499
2.07717
2.07925
2.08136
2.08359
2.08595
2.08842
2.09094
2.09328
2.09527
2.09685
2.09811
2.09918
2.10025
2.09952
0.992032
0.991887
0.992359
0.992024
0.991927
0.993945
0.979882
1.11154
1.26047
1.40256
1.53657
1.65492
1.75462
1.83599
1.89987
1.94936
1.98691
2.01412
2.03362
2.04773
2.05774
2.06516
2.07135
2.07656
2.0809
2.08465
2.08799
2.09109
2.09397
2.09675
2.09964
2.10277
2.10608
2.10948
2.11291
2.11621
2.11917
2.12176
2.12395
2.1257
2.12726
2.12693
0.991616
0.992041
0.991965
0.991699
0.991849
0.994325
0.97938
1.10373
1.25203
1.39605
1.53352
1.65381
1.75604
1.84057
1.90678
1.95869
1.99817
2.02647
2.04714
2.06235
2.07284
2.08084
2.08775
2.09345
2.09809
2.10198
2.10551
2.1089
2.11212
2.11526
2.11861
2.12229
2.12625
2.13036
2.13454
2.13863
2.14247
2.14603
2.14917
2.15166
2.15378
2.15401
0.992174
0.991611
0.992035
0.99191
0.991549
0.994094
0.97898
1.09364
1.24533
1.3953
1.53274
1.65492
1.76115
1.84819
1.9171
1.97164
2.01261
2.04231
2.06445
2.08037
2.09119
2.09953
2.10676
2.11277
2.11752
2.12152
2.12516
2.12861
2.1319
2.13519
2.13873
2.1426
2.1468
2.15129
2.15599
2.1607
2.16529
2.1697
2.17368
2.17687
2.17945
2.18034
0.992165
0.991841
0.992183
0.991916
0.991655
0.994459
0.978562
1.0922
1.24213
1.39358
1.53443
1.66
1.76895
1.85874
1.93084
1.98739
2.03003
2.0616
2.08468
2.10111
2.11284
2.12167
2.1289
2.13498
2.13965
2.14363
2.14718
2.1505
2.15371
2.15697
2.16045
2.16421
2.16831
2.17283
2.17771
2.18278
2.18786
2.19282
2.19736
2.20109
2.20402
2.20554
0.991986
0.991978
0.991672
0.991738
0.99157
0.991565
0.978028
1.09048
1.24416
1.39386
1.53668
1.6669
1.77836
1.87118
1.94636
2.00483
2.04972
2.08314
2.10699
2.12413
2.13675
2.14608
2.15349
2.15969
2.16446
2.16839
2.17171
2.17477
2.17775
2.18073
2.18386
2.18727
2.19109
2.19541
2.20019
2.20528
2.21047
2.21557
2.22029
2.22431
2.22747
2.2294
0.992329
0.99171
0.991613
0.991551
0.991992
0.991815
0.977711
1.0882
1.24319
1.39695
1.54187
1.67448
1.78937
1.88553
1.96333
2.02439
2.07165
2.10667
2.13175
2.14992
2.16309
2.17265
2.1801
2.18637
2.1914
2.19534
2.19848
2.20129
2.20399
2.20664
2.20935
2.21229
2.21564
2.21949
2.22383
2.22854
2.23342
2.23825
2.24279
2.24673
2.24984
2.25192
0.992198
0.991592
0.99209
0.991632
0.992104
0.991846
0.977358
1.09049
1.24268
1.3973
1.54737
1.68276
1.80055
1.90051
1.9814
2.04515
2.09465
2.13127
2.15786
2.17735
2.19138
2.20145
2.20909
2.2153
2.22039
2.22425
2.22723
2.22981
2.23217
2.23441
2.23667
2.23913
2.24192
2.24513
2.24878
2.25281
2.25704
2.26126
2.26524
2.26872
2.27145
2.27339
0.992611
0.992016
0.992077
0.991597
0.992209
0.991761
0.97685
1.08832
1.24489
1.40024
1.55102
1.69065
1.81238
1.91559
1.99976
2.06699
2.11896
2.15746
2.18591
2.20657
2.22117
2.23183
2.24
2.24617
2.25105
2.25493
2.2579
2.26024
2.26221
2.26398
2.26573
2.2676
2.26972
2.27217
2.275
2.27817
2.28153
2.28489
2.28806
2.29077
2.29283
2.29437
0.992193
0.991881
0.991816
0.992167
0.992163
0.991607
0.976779
1.08429
1.2438
1.40425
1.55656
1.69848
1.82486
1.93144
2.01911
2.08991
2.14393
2.18472
2.21542
2.23706
2.25234
2.26385
2.27241
2.27848
2.28319
2.28716
2.2902
2.29227
2.29379
2.2951
2.29632
2.29754
2.29892
2.30057
2.30252
2.30473
2.30708
2.30941
2.31161
2.31341
2.31466
2.31566
0.992031
0.991723
0.991745
0.992079
0.991626
0.991793
0.97623
1.08627
1.24228
1.40462
1.56293
1.70746
1.83729
1.94779
2.03979
2.11339
2.1697
2.21355
2.24578
2.26819
2.28479
2.29729
2.30585
2.31186
2.31676
2.32078
2.32367
2.32551
2.32671
2.32759
2.32822
2.32875
2.32941
2.33027
2.33134
2.33256
2.33384
2.33509
2.33627
2.33717
2.33765
2.33811
0.992235
0.991728
0.991717
0.991777
0.991611
0.991587
0.975629
1.08759
1.24462
1.40623
1.56769
1.71737
1.85027
1.96504
2.06105
2.13709
2.19697
2.24329
2.27642
2.30056
2.3188
2.33144
2.34002
2.34653
2.3518
2.35535
2.35779
2.35959
2.36065
2.3611
2.36117
2.36114
2.36114
2.36121
2.36141
2.36171
2.36203
2.36229
2.36251
2.36258
2.36244
2.36243
0.992878
0.991714
0.991727
0.991631
0.991818
0.991737
0.975151
1.08538
1.24726
1.41119
1.57317
1.72735
1.86444
1.98335
2.08267
2.16195
2.22567
2.27332
2.30756
2.33402
2.35348
2.36621
2.37517
2.38234
2.38762
2.39075
2.39291
2.39456
2.39528
2.3953
2.39502
2.39459
2.39403
2.39337
2.39276
2.39228
2.39185
2.39134
2.39077
2.39012
2.38948
2.38915
0.992034
0.991666
0.991834
0.991552
0.991706
0.991718
0.975088
1.08529
1.24724
1.41689
1.58298
1.73904
1.87978
2.00312
2.10553
2.18828
2.25478
2.30391
2.34025
2.36831
2.38802
2.40138
2.41127
2.41869
2.42363
2.42687
2.42921
2.43045
2.43067
2.43044
2.42995
2.42914
2.42802
2.42676
2.42551
2.42437
2.42336
2.42234
2.42123
2.42009
2.41909
2.4185
0.991685
0.991871
0.992091
0.991702
0.992209
0.991628
0.97474
1.08666
1.24946
1.4239
1.59253
1.75068
1.89597
2.02271
2.12878
2.2157
2.28368
2.33512
2.37462
2.40356
2.42351
2.43778
2.44838
2.45578
2.46066
2.46405
2.46627
2.46706
2.46698
2.46659
2.46593
2.46479
2.46322
2.46152
2.45983
2.45825
2.45682
2.45543
2.45401
2.45264
2.45146
2.4507
0.992875
0.992044
0.992286
0.991877
0.991745
0.991925
0.974143
1.09343
1.25854
1.42943
1.60145
1.76535
1.9137
2.04326
2.15356
2.24269
2.31329
2.36834
2.40847
2.43764
2.45969
2.47539
2.48572
2.49285
2.49831
2.50205
2.50374
2.50422
2.50432
2.50403
2.50304
2.50149
2.49969
2.49781
2.49592
2.49405
2.49232
2.49071
2.48918
2.48776
2.48656
2.48572
0.991884
0.991865
0.992042
0.991821
0.991597
0.991702
0.973868
1.09617
1.26494
1.43809
1.61153
1.77911
1.93117
2.06516
2.17931
2.26973
2.34302
2.40191
2.44297
2.47247
2.49636
2.5135
2.52393
2.53099
2.53678
2.54058
2.5419
2.54228
2.54264
2.54253
2.54143
2.53959
2.53763
2.53574
2.53385
2.5319
2.52999
2.52826
2.52676
2.52544
2.52432
2.52347
0.99184
0.991921
0.9923
0.991701
0.992129
0.991663
0.973793
1.09831
1.26908
1.44565
1.62207
1.79262
1.94786
2.08618
2.20315
2.29686
2.3743
2.43455
2.47687
2.50886
2.53439
2.5514
2.5623
2.57031
2.57648
2.57988
2.58114
2.58177
2.58228
2.58222
2.58123
2.57943
2.57743
2.57551
2.57369
2.57181
2.56991
2.56818
2.56679
2.56564
2.56468
2.5639
0.991657
0.991632
0.991683
0.991855
0.991571
0.991754
0.973252
1.10059
1.27398
1.4528
1.63097
1.80497
1.96468
2.10625
2.22618
2.32496
2.40643
2.46713
2.511
2.54585
2.57269
2.58996
2.60152
2.61042
2.61678
2.62012
2.62176
2.62277
2.6233
2.62332
2.62262
2.62109
2.61914
2.61727
2.61556
2.61382
2.61208
2.61051
2.60924
2.60827
2.60757
2.60691
0.992851
0.991972
0.991634
0.99177
0.99167
0.991634
0.973168
1.10545
1.27801
1.45762
1.63948
1.81699
1.9799
2.12632
2.25002
2.3526
2.43732
2.49968
2.54592
2.58366
2.61107
2.62891
2.64178
2.65189
2.65837
2.66185
2.66395
2.66528
2.66582
2.66596
2.66564
2.66452
2.66287
2.66117
2.65954
2.65796
2.65652
2.65527
2.65422
2.65344
2.653
2.65247
0.992547
0.991618
0.991633
0.991865
0.991663
0.991867
0.972891
1.10748
1.27689
1.46484
1.65089
1.82798
1.99597
2.14703
2.27342
2.38056
2.46778
2.5332
2.58407
2.62304
2.65
2.66932
2.68426
2.69484
2.70127
2.70522
2.70793
2.70954
2.71023
2.71051
2.71039
2.70966
2.70846
2.70706
2.70561
2.70428
2.70321
2.70233
2.70158
2.70106
2.70085
2.70042
0.992001
0.99174
0.991674
0.991635
0.992089
0.991984
0.972589
1.11338
1.28335
1.46999
1.65927
1.83995
2.01208
2.16614
2.29742
2.4088
2.49784
2.5673
2.62163
2.66177
2.6909
2.71268
2.72847
2.73908
2.74608
2.75083
2.75388
2.75563
2.75656
2.757
2.75712
2.75687
2.75613
2.75498
2.75379
2.75283
2.75214
2.75161
2.75119
2.75096
2.75097
2.75066
0.992981
0.992474
0.991751
0.99171
0.991672
0.992043
0.97234
1.11478
1.29159
1.47856
1.66661
1.85351
2.02985
2.18723
2.32415
2.43816
2.53035
2.60448
2.66128
2.70315
2.73444
2.75758
2.77386
2.78501
2.79268
2.79795
2.80145
2.80367
2.80495
2.80565
2.80602
2.80614
2.80584
2.80508
2.80426
2.80367
2.80329
2.8031
2.80302
2.80305
2.80317
2.80298
0.991743
0.992364
0.991818
0.991839
0.99177
0.991617
0.971868
1.12109
1.29663
1.48658
1.67898
1.86902
2.04893
2.21098
2.35144
2.46982
2.56639
2.64231
2.7014
2.74681
2.77996
2.80352
2.82068
2.83331
2.84199
2.84753
2.85118
2.85377
2.85549
2.85657
2.85723
2.8575
2.85749
2.85723
2.85684
2.85661
2.85657
2.85669
2.85692
2.8572
2.85746
2.85733
0.993177
0.992127
0.992079
0.991886
0.991876
0.991702
0.971628
1.12775
1.30733
1.49704
1.69287
1.88702
2.07068
2.23699
2.38187
2.5048
2.60501
2.68396
2.74566
2.79248
2.82662
2.85173
2.87057
2.88415
2.89309
2.89889
2.90311
2.90626
2.90824
2.90954
2.91052
2.91116
2.91147
2.91154
2.91152
2.91159
2.91181
2.91223
2.91279
2.91334
2.91384
2.91382
0.992339
0.992162
0.991701
0.991903
0.991697
0.991591
0.977941
1.13274
1.31606
1.51233
1.71001
1.907
2.09624
2.26569
2.41588
2.54388
2.64588
2.72711
2.7913
2.83999
2.87665
2.90403
2.92356
2.93705
2.94642
2.95309
2.95788
2.96112
2.9634
2.96511
2.96633
2.96717
2.96766
2.96798
2.96829
2.96866
2.96913
2.96979
2.9706
2.97142
2.97218
2.9723
0.992886
0.991634
0.991678
0.991978
0.9918
0.991736
0.98995
1.14736
1.32546
1.52376
1.7293
1.93172
2.12351
2.29691
2.45249
2.58269
2.68768
2.7758
2.84404
2.8917
2.92814
2.95863
2.97945
2.99282
3.00264
3.01028
3.01511
3.01825
3.02098
3.02315
3.02465
3.0256
3.02623
3.02676
3.02732
3.02794
3.02863
3.02946
3.03046
3.03147
3.03243
3.03266
0.992828
0.991927
0.99192
0.991866
0.992166
0.968674
0.995434
1.15844
1.34374
1.54104
1.74726
1.95642
2.15277
2.33228
2.49354
2.6255
2.73338
2.82627
2.89688
2.94589
2.98405
3.01623
3.03759
3.05165
3.06253
3.0707
3.07541
3.07867
3.08178
3.0841
3.08559
3.08655
3.08733
3.08809
3.08882
3.08954
3.09033
3.09125
3.09232
3.09344
3.09454
3.09484
0.992068
0.99156
0.991853
0.991681
0.991744
0.970972
1.0073
1.16939
1.35938
1.56092
1.76845
1.98129
2.18497
2.36916
2.53284
2.67025
2.78526
2.88031
2.95058
3.00333
3.04618
3.07797
3.0992
3.11421
3.1258
3.13379
3.13853
3.14208
3.14535
3.14774
3.14935
3.15047
3.15139
3.15218
3.15285
3.15354
3.15436
3.1553
3.15636
3.15749
3.15865
3.15898
0.992486
0.991592
0.991923
0.99171
0.992057
0.96477
1.02077
1.18745
1.37239
1.57694
1.79407
2.00987
2.21672
2.40658
2.57444
2.71852
2.83839
2.93458
3.00815
3.06494
3.10931
3.14154
3.1639
3.18006
3.19227
3.20048
3.20526
3.20876
3.21203
3.21447
3.21612
3.21733
3.21834
3.21908
3.21956
3.22009
3.22082
3.22167
3.22264
3.22374
3.22493
3.22521
0.99167
0.991795
0.991577
0.991685
0.991958
0.9654
1.033
1.20284
1.38907
1.59371
1.81812
2.04074
2.25058
2.44552
2.62
2.77036
2.89189
2.99128
3.07126
3.13008
3.17428
3.20835
3.23257
3.24923
3.2613
3.2697
3.27481
3.27853
3.28181
3.28425
3.28595
3.28724
3.28822
3.28874
3.289
3.28935
3.28991
3.29058
3.29139
3.29243
3.29362
3.29379
0.991917
0.991999
0.992046
0.991592
0.967692
0.965782
1.04517
1.21268
1.40718
1.61967
1.84362
2.06835
2.28549
2.48628
2.66684
2.82135
2.94638
3.05156
3.13521
3.1954
3.24189
3.27833
3.30345
3.32053
3.33311
3.34211
3.3478
3.3518
3.35498
3.35734
3.35904
3.36021
3.36092
3.36123
3.36138
3.36159
3.36191
3.36231
3.3629
3.36381
3.36498
3.36494
0.991746
0.992267
0.992445
0.992095
0.967959
0.964712
1.06122
1.22732
1.4234
1.64382
1.8691
2.09563
2.32144
2.52919
2.71684
2.87475
3.00447
3.11648
3.20219
3.26348
3.31266
3.35222
3.37775
3.39503
3.4087
3.41867
3.42445
3.42826
3.43136
3.4337
3.43529
3.43622
3.43663
3.43675
3.43681
3.43688
3.43691
3.43698
3.43729
3.43802
3.4392
3.43886
0.991942
0.991726
0.991763
0.991904
0.962267
0.957545
1.07838
1.24548
1.43841
1.66225
1.89687
2.1318
2.35975
2.57288
2.76796
2.92975
3.06582
3.18421
3.27088
3.3345
3.3873
3.4298
3.45547
3.47247
3.48712
3.49861
3.50431
3.5077
3.51102
3.51357
3.51495
3.51552
3.51567
3.51566
3.51559
3.51545
3.51517
3.51494
3.51496
3.51549
3.51677
3.51601
0.991936
0.99158
0.991707
0.991631
0.962373
0.965669
1.08478
1.2631
1.46442
1.68387
1.92082
2.16445
2.39849
2.61809
2.81899
2.98729
3.12952
3.25002
3.33945
3.40882
3.46731
3.50778
3.53417
3.55457
3.57214
3.58233
3.58747
3.5914
3.59503
3.59714
3.59822
3.59866
3.5986
3.59836
3.59805
3.59754
3.59689
3.59638
3.59617
3.59651
3.59799
3.59663
0.991676
0.991857
0.99165
0.964787
0.962778
0.965264
1.09899
1.2817
1.48584
1.70532
1.94573
2.19736
2.43819
2.66305
2.86941
3.04652
3.19713
3.31786
3.4119
3.48984
3.54929
3.58845
3.61746
3.6424
3.65914
3.66824
3.67446
3.67975
3.68291
3.68449
3.68537
3.68568
3.68553
3.68513
3.68451
3.68351
3.68242
3.68158
3.6812
3.68147
3.68333
3.68116
0.991656
0.992468
0.991925
0.965535
0.965843
0.968331
1.11874
1.29895
1.49914
1.72654
1.97832
2.2329
2.47851
2.71258
2.92285
3.10873
3.26629
3.3888
3.4903
3.57429
3.63165
3.67286
3.70776
3.7332
3.74821
3.75811
3.76624
3.77142
3.77397
3.77555
3.77641
3.77651
3.77619
3.77564
3.77477
3.77348
3.77211
3.77099
3.7703
3.77042
3.7729
3.7697
0.992227
0.991801
0.991905
0.961957
0.958713
0.982338
1.13519
1.31526
1.51605
1.75077
2.00845
2.26585
2.52041
2.76236
2.98032
3.17501
3.33527
3.46536
3.57442
3.65679
3.71773
3.76629
3.80163
3.82503
3.84161
3.85419
3.86212
3.86631
3.86897
3.87072
3.87133
3.8714
3.87122
3.87054
3.86924
3.8676
3.86605
3.86477
3.86371
3.86361
3.86697
3.86257
0.992583
0.991697
0.962971
0.96151
0.959309
1.00076
1.1558
1.33203
1.53584
1.77986
2.03933
2.30086
2.56584
2.81542
3.04246
3.24192
3.40896
3.5484
3.65855
3.74425
3.81339
3.86298
3.89622
3.92138
3.94162
3.95456
3.96142
3.9658
3.96916
3.9706
3.97078
3.9707
3.97037
3.96942
3.96787
3.96607
3.96439
3.96293
3.9615
3.96124
3.96561
3.95988
0.992795
0.991537
0.964892
0.961412
0.959601
1.01959
1.17465
1.35077
1.56018
1.80975
2.07222
2.34048
2.61373
2.87081
3.10636
3.31162
3.48702
3.63282
3.74698
3.83919
3.91087
3.96026
3.99647
4.02539
4.04578
4.05795
4.06555
4.07093
4.0739
4.07489
4.07527
4.07535
4.07465
4.07317
4.07133
4.06941
4.06756
4.06581
4.06408
4.06373
4.06911
4.06193
0.966352
0.962345
0.959393
0.958631
0.952879
1.04305
1.19483
1.37033
1.58824
1.84137
2.10588
2.38273
2.66521
2.92943
3.17126
3.38631
3.57016
3.71862
3.84041
3.93894
4.00987
4.06192
4.10341
4.13364
4.15296
4.16569
4.17485
4.1804
4.18283
4.18401
4.18476
4.18473
4.18364
4.18186
4.1799
4.17785
4.17576
4.17373
4.1718
4.17145
4.17778
4.16914
0.96462
0.961919
0.95921
0.957297
0.961334
1.06368
1.21299
1.39337
1.62008
1.87291
2.14149
2.42861
2.7187
2.9903
3.24087
3.46472
3.65434
3.81101
3.9408
4.0401
4.11347
4.17131
4.21534
4.24547
4.26613
4.28067
4.2899
4.29477
4.29741
4.29892
4.2994
4.29896
4.29771
4.29603
4.29405
4.29186
4.28947
4.28722
4.28511
4.28476
4.29202
4.28215
0.960948
0.961334
0.960325
0.957047
0.961032
1.07962
1.2278
1.41869
1.65343
1.90573
2.18074
2.47783
2.77338
3.05372
3.3167
3.54934
3.74183
3.90785
4.04453
4.14432
4.22325
4.28735
4.33138
4.36148
4.384
4.3997
4.40848
4.41333
4.41659
4.4183
4.41867
4.41819
4.41691
4.41518
4.41332
4.41123
4.40882
4.40662
4.40443
4.40404
4.41221
4.40131
0.961648
0.962302
0.959993
0.958706
0.967217
1.08843
1.24644
1.4545
1.68701
1.93912
2.22775
2.53358
2.83291
3.12529
3.39889
3.63357
3.83605
4.01475
4.15094
4.25387
4.34188
4.40727
4.44986
4.48144
4.50673
4.52302
4.53195
4.53742
4.54098
4.5427
4.54343
4.54331
4.54202
4.54023
4.5385
4.5364
4.53394
4.53191
4.52972
4.52937
4.53847
4.52665
0.962007
0.95765
0.955595
0.953112
0.973417
1.10277
1.27881
1.48806
1.71518
1.98026
2.28008
2.58665
2.89561
3.20021
3.47843
3.72189
3.94034
4.12202
4.2581
4.37076
4.46458
4.52958
4.57449
4.60883
4.63515
4.65293
4.66321
4.66808
4.67045
4.67261
4.6742
4.67416
4.67288
4.67152
4.66998
4.66775
4.66531
4.66348
4.66122
4.66084
4.67079
4.65813
0.960881
0.958554
0.95653
0.953257
0.984266
1.12766
1.31172
1.51124
1.74414
2.02843
2.33009
2.6389
2.96389
3.27808
3.56104
3.82006
4.04678
4.22678
4.37497
4.49752
4.59054
4.65864
4.7077
4.74315
4.76992
4.78941
4.79984
4.80376
4.80613
4.80941
4.81102
4.81059
4.80964
4.80912
4.80778
4.8055
4.80318
4.80151
4.79913
4.79867
4.80938
4.79578
0.957131
0.954102
0.955612
0.954798
1.0108
1.15876
1.33062
1.53438
1.78999
2.07572
2.37784
2.70207
3.03523
3.3551
3.65196
3.92152
4.15215
4.34407
4.50191
4.62679
4.72351
4.7942
4.84434
4.88251
4.91303
4.93204
4.94073
4.94494
4.94933
4.95262
4.95296
4.95265
4.95315
4.95327
4.95191
4.9498
4.94783
4.94649
4.94396
4.94346
4.95499
4.94044
0.954233
0.955114
0.951065
0.94789
1.03687
1.18018
1.34697
1.56447
1.8313
2.1159
2.42663
2.76497
3.10535
3.4343
3.74474
4.02023
4.2627
4.46626
4.62657
4.75961
4.86436
4.93408
4.98499
5.02863
5.06209
5.07909
5.08715
5.09388
5.10049
5.10253
5.10209
5.10223
5.10354
5.10399
5.10308
5.10124
5.09931
5.09831
5.09556
5.09504
5.10755
5.09222
0.955319
0.954896
0.951291
0.95651
1.0516
1.18864
1.37317
1.60723
1.86581
2.1556
2.48354
2.83066
3.17768
3.51914
3.83854
4.12795
4.38076
4.58561
4.75822
4.9025
5.00397
5.07604
5.13591
5.18542
5.2136
5.22923
5.24059
5.25154
5.25664
5.25734
5.25807
5.26053
5.26204
5.26209
5.26134
5.25981
5.25789
5.25721
5.25429
5.25388
5.26752
5.25145
0.95492
0.95049
0.950969
0.956032
1.05986
1.21518
1.41043
1.63586
1.90086
2.21029
2.54477
2.89484
3.25723
3.61184
3.9381
4.2399
4.50469
4.71666
4.90009
5.04873
5.14862
5.22706
5.2986
5.34589
5.37227
5.38921
5.40528
5.41531
5.41815
5.41926
5.4226
5.42628
5.42777
5.42789
5.42719
5.42568
5.42378
5.42347
5.42051
5.42012
5.4348
5.418
0.950556
0.951238
0.946905
0.963236
1.08353
1.24514
1.4338
1.66373
1.94908
2.26341
2.60002
2.96579
3.33961
3.70257
4.04451
4.36192
4.63188
4.85528
5.04973
5.19691
5.3045
5.39526
5.4662
5.50898
5.53812
5.56285
5.5792
5.58487
5.58715
5.5918
5.59699
5.59975
5.60096
5.60132
5.60075
5.59919
5.59763
5.59815
5.59488
5.59422
5.60952
5.59199
0.949978
0.951537
0.945953
0.992053
1.11525
1.26429
1.45593
1.70789
1.9957
2.30318
2.65584
3.04044
3.42261
3.7968
4.15807
4.4861
4.7618
5.00163
5.20178
5.35239
5.47546
5.57431
5.63677
5.67925
5.71421
5.74462
5.75779
5.76211
5.76722
5.77527
5.77938
5.78122
5.78254
5.78314
5.78257
5.78099
5.77979
5.78134
5.77744
5.77652
5.79206
5.77375
0.949863
0.94584
0.953511
1.01794
1.13229
1.28926
1.50119
1.75174
2.02574
2.34787
2.72692
3.11642
3.50443
3.89741
4.27511
4.60875
4.89905
5.15622
5.35973
5.5213
5.65755
5.75406
5.81373
5.85991
5.90419
5.93295
5.94512
5.95105
5.96
5.96716
5.96965
5.97132
5.97284
5.97302
5.97264
5.972
5.97138
5.97318
5.96847
5.96708
5.98269
5.96369
0.947289
0.943542
0.961139
1.03815
1.15531
1.32444
1.54305
1.78147
2.05747
2.40929
2.7982
3.1898
3.59135
4.00266
4.39499
4.7387
5.04218
5.31303
5.52682
5.69947
5.84324
5.9417
6.00453
6.05468
6.10314
6.13005
6.14235
6.15027
6.16085
6.16674
6.16862
6.1705
6.17233
6.17241
6.17234
6.17273
6.17236
6.17347
6.16839
6.16648
6.1821
6.16231
0.944247
0.951744
0.975925
1.05956
1.18594
1.36486
1.5732
1.81001
2.1103
2.4763
2.86267
3.26329
3.68681
4.11451
4.519
4.87559
5.19751
5.48181
5.70259
5.88511
6.03932
6.14337
6.208
6.25938
6.30989
6.33788
6.34981
6.35649
6.36701
6.37409
6.37574
6.37704
6.37982
6.38152
6.38236
6.38323
6.38244
6.38246
6.3776
6.37557
6.39165
6.37117
0.951824
0.951695
0.993205
1.08265
1.22102
1.39839
1.5977
1.84774
2.17412
2.53524
2.92292
3.34761
3.79019
4.22923
4.64629
5.01817
5.35983
5.65645
5.88711
6.08434
6.24646
6.35232
6.41971
6.47296
6.52861
6.55456
6.56503
6.57069
6.58321
6.59098
6.59188
6.59281
6.59711
6.60033
6.60146
6.60221
6.60124
6.60095
6.59665
6.5948
6.61178
6.59077
0.951844
0.967921
1.01834
1.11765
1.25371
1.4196
1.63222
1.90849
2.22872
2.59033
3.0006
3.43882
3.89006
4.35042
4.78086
5.17383
5.53366
5.83441
6.08213
6.29684
6.45679
6.55892
6.63852
6.70754
6.75586
6.7773
6.78881
6.80191
6.81569
6.81896
6.81872
6.82216
6.82814
6.83054
6.831
6.83079
6.82967
6.82995
6.82597
6.82422
6.84211
6.82066
0.965072
0.995637
1.05474
1.14871
1.27487
1.44419
1.67917
1.96499
2.27981
2.64714
3.08046
3.53443
3.99806
4.47421
4.92081
5.33604
5.71111
6.01991
6.28648
6.5099
6.66636
6.78093
6.8759
6.95102
6.9898
7.0127
7.03189
7.05107
7.0579
7.05825
7.06027
7.06714
7.07117
7.07223
7.07277
7.07224
7.07065
7.07052
7.06638
7.06472
7.08318
7.06111
0.995003
1.02234
1.08172
1.16858
1.29923
1.4844
1.73189
2.01055
2.32658
2.72183
3.16741
3.62971
4.11381
4.60411
5.06885
5.50622
5.89189
6.21446
6.49922
6.72641
6.88775
7.02067
7.12951
7.19581
7.2353
7.26455
7.29428
7.30814
7.31069
7.31072
7.31702
7.32392
7.32548
7.32581
7.32683
7.32688
7.32509
7.32367
7.31919
7.31769
7.33639
7.31377
1.02995
1.04943
1.10114
1.19248
1.33311
1.53559
1.77868
2.05035
2.38887
2.80204
3.24885
3.72405
4.23237
4.74056
5.2275
5.68507
6.08094
6.42138
6.72004
6.95359
7.13286
7.2783
7.38217
7.44792
7.49547
7.53577
7.56355
7.57372
7.57585
7.57907
7.58745
7.59188
7.59227
7.59242
7.59356
7.59398
7.59214
7.58991
7.58508
7.5834
7.60209
7.57928
1.05457
1.07397
1.12862
1.22811
1.38248
1.57855
1.80643
2.09863
2.46835
2.87643
3.32385
3.83092
4.36715
4.88845
5.39905
5.87917
6.28141
6.64319
6.96307
7.20223
7.38567
7.5369
7.64742
7.72258
7.77735
7.8196
7.84291
7.8526
7.85584
7.86058
7.86887
7.87324
7.87381
7.87368
7.87417
7.87428
7.87179
7.86877
7.86387
7.86201
7.88076
7.85774
1.08471
1.1066
1.16207
1.27184
1.42375
1.60955
1.85033
2.16764
2.5379
2.93782
3.40784
3.95466
4.50475
5.04061
5.58454
6.08282
6.49343
6.88482
7.22506
7.46509
7.65315
7.81759
7.93813
8.01529
8.06994
8.1124
8.13759
8.1477
8.15073
8.15433
8.16296
8.16908
8.16998
8.16931
8.16912
8.16868
8.16502
8.16093
8.156
8.15398
8.17315
8.15003
1.10967
1.13854
1.19906
1.30863
1.45866
1.64828
1.90623
2.23654
2.60233
3.01176
3.51699
4.07698
4.63314
5.20113
5.77281
6.2836
6.72701
7.14143
7.49089
7.7517
7.95316
8.11888
8.2443
8.32355
8.37305
8.41036
8.44319
8.45905
8.46347
8.46508
8.47278
8.4794
8.48026
8.47921
8.47815
8.47675
8.47254
8.46809
8.463
8.46057
8.48005
8.45688
1.13681
1.16446
1.23043
1.33725
1.49151
1.70641
1.97378
2.28566
2.66683
3.12978
3.64705
4.19385
4.77718
5.3851
5.96917
6.4976
6.9788
7.40669
7.76342
8.04885
8.26135
8.42605
8.55746
8.64417
8.6929
8.72836
8.76418
8.78448
8.7915
8.79522
8.80219
8.80593
8.80584
8.80441
8.80251
8.80004
8.79539
8.79075
8.78571
8.78315
8.80264
8.7795
1.1797
1.20427
1.2686
1.37283
1.53038
1.75797
2.03174
2.34638
2.74835
3.23435
3.75723
4.32581
4.94937
5.57507
6.17007
6.72771
7.24634
7.68628
8.05032
8.35569
8.57815
8.74279
8.87996
8.97566
9.03172
9.07357
9.10959
9.12865
9.13776
9.14381
9.14759
9.14821
9.14726
9.14547
9.14254
9.13975
9.13538
9.13072
9.1253
9.12241
9.14116
9.11804
1.22076
1.24693
1.31333
1.41752
1.57535
1.81046
2.09422
2.41155
2.82463
3.32971
3.87294
4.47068
5.1229
5.7682
6.38612
6.97807
7.52127
7.96656
8.35092
8.67779
8.90496
9.07239
9.22169
9.32776
9.39272
9.44098
9.4739
9.49122
9.50079
9.50672
9.50861
9.50748
9.50538
9.50338
9.50098
9.49905
9.49404
9.48845
9.48216
9.47864
9.49607
9.47286
1.26215
1.28813
1.35597
1.46703
1.63202
1.87181
2.15221
2.47405
2.90811
3.43292
3.99613
4.61894
5.29496
5.96906
6.62351
7.24159
7.79864
8.26081
8.67296
9.01366
9.24155
9.42295
9.58832
9.69854
9.7679
9.8205
9.85409
9.8713
9.88005
9.88436
9.88543
9.88483
9.88401
9.8824
9.87986
9.87812
9.8717
9.86456
9.85725
9.85295
9.86858
9.84514
1.30785
1.32994
1.39521
1.51378
1.69587
1.93593
2.20704
2.54974
3.01049
3.53691
4.11956
4.77738
5.47412
6.17743
6.864
7.50992
8.08991
8.58203
9.01767
9.3623
9.59798
9.80206
9.97717
10.0818
10.1517
10.2108
10.2467
10.2657
10.2768
10.2825
10.2836
10.2834
10.2839
10.2831
10.2796
10.2762
10.2681
10.2596
10.2512
10.2457
10.2596
10.2359
1.35525
1.37236
1.43847
1.56783
1.75976
1.99422
2.26586
2.63842
3.11415
3.64082
4.24843
4.9392
5.65872
6.39509
7.1158
7.79402
8.39757
8.92596
9.38078
9.71666
9.97696
10.2098
10.3772
10.4762
10.5553
10.6214
10.6588
10.6803
10.6936
10.7003
10.7031
10.705
10.7052
10.7023
10.6974
10.6938
10.6843
10.6741
10.6649
10.659
10.6721
10.6485
1.39814
1.4193
1.48738
1.62976
1.82205
2.04398
2.33327
2.73941
3.21635
3.74793
4.38579
5.10337
5.84902
6.62285
7.37709
8.08932
8.72164
9.2844
9.75482
10.0962
10.3886
10.6359
10.7927
10.8922
10.9823
11.0491
11.0889
11.116
11.1326
11.1404
11.144
11.1467
11.1468
11.1427
11.1368
11.1319
11.1209
11.1098
11.1005
11.0944
11.1065
11.0838
1.42837
1.47158
1.55372
1.68988
1.87141
2.09425
2.42202
2.84364
3.30835
3.86944
4.53882
5.26828
6.04873
6.86218
7.64751
8.38977
9.06272
9.65759
10.1308
10.5016
10.8289
11.0746
11.2224
11.335
11.4381
11.5019
11.5403
11.5717
11.5931
11.6031
11.6074
11.6101
11.6097
11.6052
11.5988
11.5927
11.5811
11.5695
11.5597
11.5533
11.5635
11.5419
1.46787
1.52289
1.61366
1.74028
1.91102
2.1686
2.52699
2.93224
3.40554
4.00932
4.69689
5.44201
6.26626
7.10741
7.92486
8.70549
9.41574
10.0382
10.529
10.9331
11.2819
11.5294
11.6769
11.7989
11.9104
11.9798
12.0228
12.0576
12.0799
12.0904
12.0949
12.0972
12.0968
12.0931
12.0861
12.0782
12.0663
12.0547
12.0436
12.036
12.0435
12.0231
1.52467
1.56982
1.66311
1.77931
1.96799
2.26053
2.61861
3.01704
3.52635
4.15637
4.85422
5.63438
6.4957
7.3582
8.21556
9.03874
9.78254
10.437
10.9541
11.3704
11.7339
11.9984
12.1594
12.2938
12.4109
12.4868
12.5359
12.5734
12.5955
12.6049
12.6081
12.6093
12.6092
12.6084
12.6003
12.589
12.5762
12.5653
12.5521
12.5431
12.548
12.5293
1.58943
1.62125
1.70163
1.83193
2.04243
2.34797
2.69902
3.1074
3.64898
4.29857
5.01361
5.82905
6.72461
7.62332
8.52288
9.38449
10.1654
10.8531
11.388
11.8204
12.2062
12.49
12.668
12.8178
12.9443
13.0247
13.0783
13.1175
13.1387
13.1466
13.1481
13.1486
13.1501
13.15
13.1407
13.1275
13.1138
13.1025
13.0867
13.0762
13.0774
13.0608
1.65294
1.6754
1.75248
1.90131
2.1361
2.43278
2.76847
3.20206
3.77675
4.42664
5.16374
6.02961
6.96396
7.89872
8.84251
9.74487
10.5639
11.2814
11.8382
12.3033
12.7137
13.0124
13.2045
13.3716
13.5082
13.5927
13.65
13.6898
13.7087
13.7158
13.7175
13.719
13.7204
13.7171
13.7073
13.6978
13.6818
13.6647
13.6459
13.6345
13.6349
13.6193
1.7062
1.73383
1.8173
1.99013
2.22579
2.49967
2.84635
3.32887
3.90254
4.5418
5.32972
6.25086
7.20997
8.17959
9.17465
10.1239
10.9758
11.7223
12.319
12.8231
13.2542
13.5648
13.7698
13.9533
14.0988
14.1869
14.247
14.2867
14.3052
14.3141
14.3181
14.3208
14.3202
14.3139
14.3046
14.2945
14.2744
14.252
14.2325
14.2221
14.2218
14.2077
1.74712
1.80205
1.90506
2.06849
2.2867
2.56624
2.96407
3.46074
4.01189
4.67951
5.53535
6.47879
7.45506
8.47871
9.52716
10.5218
11.4021
12.1869
12.8346
13.3735
13.8229
14.1454
14.3661
14.5638
14.7157
14.8076
14.869
14.9094
14.9308
14.942
14.9475
14.9498
14.9478
14.9407
14.9319
14.9154
14.8931
14.8716
14.8556
14.8439
14.8395
14.8269
1.80872
1.86706
1.97812
2.1237
2.34212
2.66971
3.09243
3.56341
4.12905
4.88234
5.75113
6.68942
7.72162
8.80593
9.89984
10.9323
11.8513
12.6855
13.3795
13.9485
14.4174
14.753
14.9932
15.2045
15.3615
15.4565
15.5196
15.5623
15.5867
15.5983
15.6031
15.606
15.6048
15.5986
15.5864
15.5686
15.5471
15.5268
15.5113
15.4976
15.4897
15.4806
1.88933
1.9238
2.01873
2.18315
2.43672
2.78347
3.18615
3.65924
4.30095
5.08975
5.94301
6.92049
8.01935
9.1475
10.2824
11.3567
12.3295
13.2143
13.9471
14.5458
15.0375
15.3904
15.6533
15.8766
16.037
16.135
16.2027
16.2495
16.2756
16.2868
16.2915
16.295
16.2954
16.2897
16.2766
16.2573
16.2365
16.2171
16.2014
16.1883
16.1797
16.1718
1.94964
1.98134
2.0772
2.27168
2.54252
2.86937
3.26278
3.80314
4.49257
5.24916
6.13871
7.19205
8.32991
9.49382
10.679
11.8064
12.8381
13.7699
14.5405
15.1751
15.6942
16.0689
16.3546
16.5886
16.7524
16.8544
16.9277
16.9781
17.0056
17.0174
17.0226
17.0259
17.0268
17.0214
17.0074
16.9873
16.9666
16.9477
16.9312
16.9171
16.9056
16.8973
1.99927
2.05602
2.17127
2.35892
2.6168
2.93842
3.3866
3.97861
4.63662
5.40331
6.37088
7.46751
8.62668
9.85721
11.1019
12.2847
13.3753
14.3524
15.1652
15.8445
16.3951
16.7934
17.1016
17.3479
17.5169
17.6239
17.7019
17.7539
17.7815
17.7939
17.8002
17.8041
17.8052
17.7991
17.7843
17.7643
17.744
17.725
17.7071
17.6911
17.678
17.6695
2.0723
2.13588
2.25973
2.43583
2.68419
3.04359
3.54263
4.1172
4.76259
5.60455
6.61845
7.72245
8.93988
10.2551
11.5512
12.7866
13.9415
14.9661
15.8279
16.5568
17.1379
17.559
17.8924
18.1556
18.3332
18.4461
18.5281
18.5808
18.608
18.6212
18.6291
18.6341
18.6346
18.6266
18.6111
18.5922
18.5722
18.5521
18.5322
18.5145
18.5008
18.4925
2.16259
2.2122
2.33699
2.50982
2.78116
3.18951
3.68308
4.22198
4.92158
5.83615
6.85705
7.99406
9.30224
10.6814
12.0193
13.3243
14.5458
15.6164
16.5355
17.3132
17.9203
18.3682
18.7315
19.0134
19.2004
19.3214
19.4087
19.463
19.4901
19.5041
19.5133
19.5192
19.5186
19.5084
19.4926
19.4747
19.4545
19.4325
19.4102
19.3911
19.3774
19.3697
2.2502
2.28528
2.39687
2.60375
2.92111
3.32636
3.78401
4.35796
5.14114
6.06585
7.08788
8.32506
9.7094
11.1166
12.5211
13.9138
15.1932
16.3135
17.2904
18.1037
18.7362
19.2268
19.6227
19.9207
20.1204
20.2547
20.3485
20.4045
20.4319
20.4466
20.4561
20.4621
20.4603
20.4486
20.4328
20.4152
20.3941
20.37
20.3457
20.3258
20.3122
20.305
2.32094
2.36461
2.48182
2.72099
3.04466
3.41881
3.90064
4.56644
5.36907
6.26302
7.37521
8.69802
10.113
11.5755
13.0809
14.5421
15.8719
17.0687
18.1048
18.9412
19.6144
20.1544
20.5696
20.878
21.0975
21.2482
21.3483
21.4077
21.4382
21.4538
21.4626
21.4674
21.4642
21.4518
21.4362
21.4178
21.3951
21.3689
21.3433
21.3233
21.3095
21.302
2.38334
2.4607
2.6052
2.82697
3.12241
3.52004
4.08264
4.78675
5.56356
6.52066
7.72765
9.07849
10.5278
12.0896
13.6742
15.192
16.5946
17.8752
18.956
19.8283
20.5668
21.1524
21.5779
21.9
22.1394
22.3003
22.4057
22.4731
22.5102
22.5276
22.536
22.5399
22.5359
22.5232
22.507
22.487
22.4623
22.4345
22.4086
22.3888
22.3743
22.3658
2.47458
2.55465
2.71068
2.91486
3.217
3.67544
4.28571
4.95893
5.76391
6.84063
8.08618
9.45045
10.9921
12.6379
14.2947
15.8875
17.381
18.7379
19.862
20.7945
21.5918
22.206
22.6537
23.0028
23.2573
23.4226
23.5352
23.6109
23.6526
23.6706
23.6788
23.6835
23.681
23.6683
23.6506
23.6281
23.601
23.5719
23.5462
23.5267
23.511
23.5011
2.59354
2.65054
2.79451
3.0156
3.36226
3.86703
4.45814
5.11976
6.02484
7.17203
8.42089
9.8468
11.4885
13.2064
14.9462
16.6299
18.2196
19.6531
20.8457
21.8545
22.6928
23.3246
23.8087
24.1869
24.4508
24.6247
24.7494
24.8303
24.871
24.8877
24.8974
24.9042
24.9033
24.8912
24.8727
24.8475
24.8174
24.7871
24.7615
24.7416
24.7246
24.7135
2.7067
2.74457
2.883
3.14679
3.54274
4.03572
4.60007
5.35253
6.35172
7.4901
8.76697
10.3078
12.0283
13.8012
15.6301
17.4161
19.0977
20.6102
21.8928
22.9817
23.8593
24.5229
25.0493
25.4515
25.727
25.918
26.0534
26.1341
26.17
26.1888
26.202
26.2097
26.2086
26.1983
26.1799
26.1517
26.1185
26.087
26.0605
26.0387
26.02
26.0084
2.79235
2.86
3.02652
3.28197
3.65771
4.1762
4.82547
5.62998
6.62321
7.79868
9.1881
10.8056
12.5737
14.437
16.3697
18.2599
20.0384
21.6351
23.0112
24.1748
25.0968
25.8089
26.3736
26.7939
27.0878
27.2994
27.4415
27.5199
27.5571
27.5838
27.6012
27.608
27.6063
27.5977
27.5786
27.5473
27.5118
27.4786
27.4494
27.4247
27.4042
27.393
2.9172
2.98518
3.15667
3.40917
3.80591
4.37511
5.07129
5.86128
6.88632
8.16291
9.62817
11.2857
13.154
15.1389
17.173
19.1708
21.0523
22.7388
24.2098
25.4453
26.4188
27.1879
27.7917
28.2325
28.5456
28.7694
28.914
28.9933
29.0422
29.0783
29.0989
29.1058
29.1055
29.0969
29.075
29.0418
29.0052
28.9692
28.9358
28.9079
28.8863
28.876
3.0648
3.11224
3.26962
3.56386
4.01359
4.59271
5.25161
6.09704
7.2278
8.55082
10.0315
11.805
13.8055
15.8905
18.037
20.1579
22.148
23.9314
25.4956
26.799
27.8344
28.6633
29.3038
29.7681
30.1016
30.3356
30.4841
30.5726
30.6352
30.6774
30.6995
30.7096
30.7118
30.7008
30.6762
30.6429
30.6049
30.5649
30.5272
30.4971
30.4754
30.4664
3.19164
3.24981
3.41436
3.75307
4.21792
4.76245
5.46201
6.42703
7.59832
8.88921
10.4939
12.4099
14.4885
16.6785
18.9626
21.2123
23.313
25.207
26.8665
28.2425
29.3598
30.2525
30.9227
31.4089
31.7661
32.0163
32.1761
32.2777
32.3469
32.3891
32.4115
32.425
32.4278
32.4147
32.3905
32.3575
32.3165
32.2729
32.2323
32.2015
32.1805
32.1728
3.30333
3.40713
3.60971
3.93297
4.37453
4.95235
5.76106
6.77716
7.90371
9.28291
11.0508
13.0518
15.1906
17.5291
19.9535
22.3291
24.5481
26.563
28.3194
29.7843
30.9949
31.949
32.6519
33.1685
33.5538
33.8254
34.0034
34.117
34.1862
34.225
34.247
34.261
34.2626
34.25
34.2284
34.194
34.1496
34.1037
34.0616
34.03
34.0084
34.0001
3.45754
3.56233
3.78648
4.09349
4.55075
5.22215
6.08605
7.06197
8.22895
9.80252
11.6407
13.6646
15.9564
18.4539
21.0053
23.5106
25.8657
28.0096
29.8723
31.4444
32.7402
33.748
34.5008
35.0635
35.4778
35.7697
35.9664
36.0901
36.1589
36.196
36.2173
36.2287
36.2294
36.2195
36.1988
36.1615
36.1148
36.0669
36.0232
35.99
35.9657
35.9542
3.65151
3.72284
3.92279
4.27051
4.80124
5.52301
6.36189
7.3364
8.68802
10.364
12.1901
14.3304
16.8208
19.4374
22.1165
24.7654
27.2764
29.5563
31.5396
33.2264
34.5987
35.6652
36.486
37.1027
37.5455
37.8557
38.0676
38.1999
38.2715
38.3092
38.3292
38.3382
38.3407
38.3324
38.31
38.2715
38.224
38.1734
38.1271
38.0908
38.0623
38.046
3.81538
3.89044
4.09667
4.51394
5.08989
5.76497
6.602
7.76387
9.21677
10.8308
12.7822
15.1455
17.7413
20.4624
23.3058
26.1183
28.7952
31.2108
33.3236
35.1269
36.5836
37.7258
38.6181
39.2859
39.7599
40.0915
40.318
40.4594
40.5367
40.5742
40.592
40.6008
40.6057
40.5965
40.5724
40.5343
40.4858
40.4322
40.3829
40.3425
40.3091
40.2881
3.95813
4.09523
4.34956
4.74169
5.27828
6.00716
7.00219
8.23212
9.62815
11.3767
13.5494
16.0092
18.6529
21.562
24.5895
27.5819
30.4115
32.9676
35.2294
37.1556
38.7121
39.9437
40.9043
41.6198
42.129
42.4845
42.7255
42.8769
42.9605
42.9987
43.0171
43.0285
43.0355
43.0265
43.0027
42.9638
42.9126
42.8558
42.8029
42.7576
42.7198
42.6954
4.18013
4.27394
4.52793
4.9334
5.53483
6.36248
7.37752
8.57941
10.1361
12.0747
14.3115
16.8126
19.6528
22.7566
25.9799
29.1387
32.1145
34.8544
37.2802
39.3253
40.9914
42.322
43.3529
44.1182
44.6666
45.0497
45.3066
45.4662
45.5543
45.596
45.6202
45.6358
45.6453
45.6399
45.6159
45.5727
45.5167
45.4553
45.397
45.3473
45.3061
45.2802
4.3839
4.47839
4.71755
5.1899
5.85822
6.64905
7.6784
9.05424
10.7607
12.6908
14.9846
17.7148
20.7391
24.0336
27.443
30.7489
33.9363
36.8936
39.4725
41.6434
43.4353
44.8701
45.9734
46.7923
47.3847
47.8001
48.0747
48.2412
48.3355
48.3849
48.4175
48.4389
48.4531
48.4523
48.4251
48.3755
48.3128
48.2444
48.1793
48.1271
48.0852
48.0602
4.5699
4.71831
5.00985
5.4622
6.07833
6.94323
8.13092
9.60517
11.2481
13.2859
15.7958
18.6636
21.8721
25.3887
28.9404
32.4593
35.909
39.0594
41.7939
44.1231
46.0582
47.6004
48.781
49.6618
50.3037
50.7513
51.0427
51.2186
51.3259
51.3873
51.4271
51.4549
51.474
51.4748
51.4439
51.3877
51.3156
51.2379
51.1651
51.1113
51.0698
51.0471
4.83225
4.94634
5.241
5.69657
6.38581
7.38021
8.60797
9.98225
11.7683
14.0254
16.6317
19.6141
23.0776
26.7625
30.5105
34.3267
38.0055
41.344
44.2749
46.7851
48.8672
50.5211
51.7897
52.7436
53.4393
53.9174
54.2274
54.4213
54.5444
54.6208
54.666
54.6975
54.7189
54.7194
54.6869
54.6243
54.5423
54.4559
54.3767
54.3201
54.277
54.2558
5.08715
5.18333
5.47071
6.01689
6.80624
7.78576
8.92431
10.4634
12.439
14.7405
17.4239
20.674
24.3252
28.1718
32.2386
36.3206
40.2076
43.7842
46.9444
49.6422
51.8747
53.652
55.024
56.0586
56.8081
57.3198
57.6579
57.8747
58.0057
58.0962
58.145
58.1785
58.2
58.1981
58.1626
58.092
58.0031
57.9115
57.8279
57.7658
57.7177
57.6945
5.29866
5.47285
5.8222
6.37493
7.1275
8.0722
9.39431
11.1065
13.0745
15.3864
18.3476
21.813
25.5772
29.7321
34.1062
38.4211
42.5698
46.4112
49.8066
52.7023
55.0969
57.0104
58.4948
59.6113
60.4178
60.9747
61.352
61.5906
61.7179
61.8217
61.8747
61.9101
61.9295
61.9235
61.8814
61.8046
61.7141
61.6207
61.5335
61.4633
61.4078
61.3789
5.61169
5.75618
6.12507
6.65169
7.44036
8.55641
9.98931
11.6235
13.6322
16.256
19.3878
22.9253
26.989
31.457
36.0697
40.681
45.1215
49.2359
52.8784
55.9826
58.5558
60.6163
62.2115
63.4092
64.2795
64.8889
65.3006
65.5623
65.6934
65.8034
65.8558
65.8937
65.9075
65.8969
65.8482
65.7703
65.6808
65.5851
65.4931
65.4134
65.3493
65.3116
5.9027
6.02686
6.38087
6.98162
7.88555
9.07211
10.4716
12.1564
14.4348
17.2398
20.4886
24.217
28.5209
33.2308
38.1676
43.0709
47.8137
52.2472
56.1455
59.4719
62.2505
64.4699
66.1773
67.4616
68.4003
69.0585
69.4929
69.7784
69.9277
70.0365
70.0856
70.125
70.1331
70.1198
70.0696
69.9954
69.9057
69.8063
69.7084
69.621
69.5502
69.5037
6.17394
6.32492
6.68842
7.38329
8.34663
9.45764
10.9226
12.9105
15.3697
18.1866
21.5838
25.6482
30.1987
35.2065
40.45
45.6609
50.767
55.4777
59.6009
63.1884
66.1927
68.5704
70.3991
71.7795
72.7831
73.4817
73.9365
74.2298
74.4033
74.5089
74.5599
74.5933
74.5972
74.5826
74.5367
74.4652
74.3695
74.2641
74.159
74.069
73.9958
73.9444
6.4404
6.64959
7.06542
7.76921
8.74101
9.88707
11.5305
13.7159
16.24
19.1235
22.8207
27.1965
32.0043
37.3179
42.8716
48.4605
53.9173
58.8848
63.3127
67.1871
70.3763
72.8982
74.8579
76.33
77.3878
78.1274
78.6123
78.9008
79.1006
79.2006
79.2606
79.281
79.2851
79.274
79.2358
79.1592
79.052
78.9393
78.8281
78.7428
78.6725
78.6231
6.74846
7.01182
7.47857
8.16362
9.07671
10.4257
12.2811
14.5119
16.9873
20.2287
24.2157
28.737
33.8502
39.5457
45.4408
51.4146
57.204
62.525
67.3233
71.4318
74.7736
77.457
79.546
81.0881
82.186
82.9578
83.4752
83.7691
83.9785
84.0697
84.1348
84.1488
84.1616
84.1524
84.1135
84.0198
83.898
83.7763
83.6616
83.5866
83.5227
83.4822
7.16183
7.339
7.79796
8.49986
9.57879
11.1082
12.9789
15.1051
17.9463
21.4977
25.554
30.2696
35.8478
41.8544
48.0976
54.4977
60.6711
66.4083
71.5261
75.8268
79.3556
82.202
84.386
85.9857
87.13
87.9219
88.4504
88.7467
88.9511
89.0526
89.1147
89.1337
89.1577
89.1447
89.097
88.9841
88.8509
88.7186
88.6012
88.5365
88.4811
88.455
7.51482
7.68326
8.12097
8.98324
10.2024
11.6633
13.4944
15.9707
19.077
22.6211
26.8716
32.0727
37.9437
44.2163
50.9485
57.7746
64.3457
70.4698
75.8549
80.384
84.1186
87.074
89.3062
90.9539
92.1376
92.9331
93.4467
93.7417
93.9261
94.0416
94.0923
94.1174
94.1415
94.117
94.0534
93.9299
93.7922
93.6508
93.5299
93.4681
93.4177
93.4055
7.80914
8.08473
8.6261
9.46271
10.608
12.1909
14.3162
16.9651
19.9749
23.769
28.5025
33.9758
40.0222
46.8025
54.0018
61.2012
68.1919
74.6553
80.295
85.0608
88.9411
91.9436
94.1984
95.8618
97.0392
97.8151
98.3103
98.6032
98.7612
98.8776
98.9207
98.9539
98.9713
98.9354
98.8537
98.7313
98.5927
98.4453
98.3199
98.2522
98.1991
98.1916
8.25414
8.45638
8.99154
9.85992
11.1569
12.9476
15.1428
17.688
21.0476
25.2496
30.1779
35.8114
42.3763
49.6189
57.1843
64.8333
72.2337
78.99
84.8731
89.7975
93.7202
96.7204
98.96
100.572
101.678
102.406
102.875
103.148
103.263
103.367
103.408
103.445
103.442
103.4
103.306
103.195
103.056
102.91
102.781
102.706
102.647
102.634
8.62311
8.83525
9.36438
10.3895
11.825
13.5373
15.7376
18.6802
22.353
26.6245
31.7396
37.8946
44.8578
52.466
60.5147
68.6005
76.33
83.3627
89.4333
94.3943
98.2675
101.2
103.35
104.851
105.856
106.501
106.889
107.138
107.226
107.319
107.353
107.377
107.338
107.306
107.212
107.11
106.969
106.826
106.689
106.602
106.529
106.497
8.93835
9.26992
9.90924
10.8813
12.2255
14.1234
16.6551
19.7805
23.3829
27.9581
33.5686
40.0191
47.3204
55.445
63.9429
72.4054
80.4569
87.7142
93.8438
98.7286
102.471
105.23
107.19
108.541
109.454
110.007
110.276
110.473
110.525
110.613
110.619
110.601
110.536
110.52
110.433
110.347
110.225
110.107
109.98
109.9
109.824
109.776
9.38118
9.6225
10.2526
11.2834
12.8009
14.8989
17.4678
20.4991
24.4887
29.4251
35.203
41.9743
49.8213
58.3389
67.2294
76.0968
84.4289
91.7819
97.8291
102.555
106.076
108.558
110.236
111.334
112.034
112.417
112.55
112.653
112.658
112.714
112.675
112.617
112.546
112.51
112.416
112.323
112.217
112.12
112.007
111.945
111.869
111.804
9.731
9.98541
10.613
11.8115
13.4879
15.4761
18.0085
21.4234
25.6851
30.6254
36.6846
44.0052
52.1856
61.0627
70.466
79.6889
88.2244
95.5551
101.379
105.772
108.909
111.043
112.448
113.325
113.83
114.09
114.19
114.288
114.313
114.333
114.293
114.247
114.201
114.159
114.096
114.016
113.945
113.875
113.776
113.716
113.648
113.574
10.0019
10.4145
11.1672
12.3123
13.8393
15.9415
18.8146
22.3865
26.5134
31.7404
38.2528
45.819
54.2665
63.7344
73.5349
82.9857
91.5812
98.7041
104.212
108.288
111.083
112.703
113.51
113.905
113.976
113.936
113.734
113.532
113.379
113.285
113.21
113.151
113.103
113.055
113.012
112.962
112.948
112.935
112.897
112.914
112.879
112.838
10.4415
10.7549
11.516
12.6035
14.2599
16.6235
19.594
22.9725
27.3745
33.0209
39.6691
47.3258
56.4009
66.305
76.2932
85.9357
94.5319
101.488
106.727
110.229
111.972
112.56
112.717
112.652
112.507
112.295
112.005
111.732
111.53
111.399
111.307
111.244
111.199
111.145
111.126
111.077
111.076
111.062
111.042
111.056
111.05
111.02
10.7879
11.0303
11.7275
13.0183
14.8916
17.2058
19.943
23.6657
28.4743
34.1941
40.8694
49.1013
58.5908
68.6487
78.9218
88.7735
97.2694
103.788
108.074
110.126
110.839
111.056
110.867
110.441
109.863
109.274
108.743
108.35
108.072
107.885
107.772
107.695
107.657
107.611
107.625
107.589
107.618
107.612
107.611
107.649
107.666
107.657
10.9195
11.3422
12.1522
13.4656
15.2589
17.5238
20.6248
24.6653
29.4501
35.1248
42.3633
51.0167
60.614
71.0553
81.7095
91.5805
99.4764
104.751
107.582
108.695
108.82
108.423
107.593
106.534
105.393
104.355
103.556
103.009
102.628
102.376
102.234
102.14
102.116
102.083
102.122
102.113
102.173
102.201
102.228
102.3
102.346
102.353
11.1567
11.5838
12.4741
13.6919
15.4861
18.0618
21.4221
25.3066
30.0661
36.3254
43.9401
52.6209
62.6301
73.5595
84.2811
93.6831
100.286
104.029
105.74
106.107
105.316
104.111
102.489
100.658
98.8919
97.4271
96.3421
95.5815
95.0667
94.7357
94.5483
94.426
94.3973
94.3709
94.4184
94.4472
94.5394
94.623
94.688
94.7985
94.8738
94.892
11.4583
11.7518
12.5626
13.9339
15.9622
18.617
21.7633
25.7636
31.0648
37.5264
45.0986
54.2519
64.9161
76.0123
86.3493
94.6059
99.5382
101.748
102.338
101.843
100.293
97.957
95.2878
92.637
90.3271
88.5234
87.1539
86.1603
85.5172
85.1148
84.8691
84.7056
84.647
84.6159
84.6429
84.7133
84.8423
84.9801
85.0802
85.234
85.3387
85.3648
11.3898
11.7835
12.5866
14.0712
16.1075
18.5806
21.8801
26.2365
31.6062
37.933
45.8474
55.4568
66.1221
77.0259
86.6363
93.4676
96.9945
97.979
97.4026
95.8216
93.2169
89.6982
86.0427
82.7273
80.0059
77.9094
76.3411
75.2026
74.4439
73.9735
73.6731
73.4695
73.3691
73.3213
73.3181
73.4049
73.5414
73.7053
73.8158
74.005
74.1427
74.1818
11.3087
11.6736
12.5322
13.9336
15.9169
18.5731
21.9579
26.1764
31.5586
38.3341
46.6127
56.368
67.1775
77.73
85.6684
90.3333
92.1334
92.0437
90.6296
87.8903
83.9339
79.4631
75.0534
71.3139
68.3746
66.1747
64.5798
63.4205
62.619
62.1345
61.8266
61.611
61.4777
61.4068
61.3799
61.4526
61.5516
61.6943
61.7781
61.9699
62.1191
62.1644
11.0729
11.4796
12.3088
13.7355
15.7248
18.273
21.6133
25.9691
31.3997
38.1079
46.5172
56.457
67.165
76.7301
82.7057
85.4814
86.0398
84.9947
82.429
78.1428
73.0437
67.7953
63.0631
59.2385
56.3422
54.222
52.7258
51.6839
50.9646
50.5128
50.2452
50.0657
49.9461
49.8803
49.8483
49.8935
49.9526
50.0519
50.0944
50.2512
50.3722
50.4037
10.7126
11.137
11.9665
13.3614
15.2625
17.7192
21.0631
25.4817
30.8818
37.6431
46.2575
56.2136
66.2338
74.0058
78.0035
79.0602
78.5915
76.7056
72.7416
67.3382
61.4093
55.8356
51.2373
47.6884
45.0506
43.1537
41.8498
40.9752
40.379
39.9893
39.7756
39.6468
39.5661
39.5275
39.5094
39.5393
39.5944
39.6729
39.7006
39.8176
39.8975
39.9066
10.2214
10.6542
11.4878
12.7885
14.5635
17.0348
20.4157
24.7575
30.1438
37.0937
45.7853
55.2636
63.9192
69.4571
71.5571
71.6457
70.4948
67.443
62.2415
56.0808
49.9021
44.6472
40.558
37.4985
35.2641
33.6952
32.6361
31.9399
31.4807
31.1767
31.007
30.9176
30.8735
30.864
30.8676
30.8924
30.9581
31.0424
31.0887
31.1914
31.2536
31.2567
9.79282
10.1463
10.8669
12.1362
13.9448
16.3335
19.5555
23.8495
29.398
36.4622
44.9878
53.7167
60.4472
63.951
64.7462
63.9644
61.6935
57.536
51.5691
45.2101
39.5147
34.9488
31.534
29.0579
27.2899
26.0667
25.2593
24.7446
24.421
24.2102
24.0879
24.0432
24.0402
24.0599
24.0865
24.1169
24.1926
24.2838
24.3487
24.4464
24.504
24.5109
9.32674
9.63287
10.2993
11.5462
13.2854
15.5942
18.7997
23.1175
28.6698
35.7677
43.9092
51.1844
55.8859
57.6862
57.8738
56.6878
53.2601
48.0487
41.8094
35.8088
30.8381
27.0908
24.4116
22.5028
21.1487
20.2311
19.638
19.2627
19.0353
18.9117
18.8639
18.8583
18.874
18.914
18.9661
19.018
19.1081
19.2069
19.2858
19.3823
19.4407
19.4543
8.75893
9.11433
9.84451
10.9659
12.6462
15.0598
18.343
22.6514
28.3279
35.4385
42.6553
48.039
51.0291
51.7833
51.531
49.7287
45.3902
39.5421
33.5701
28.1852
24.0446
21.1545
19.1085
17.6373
16.6265
15.9562
15.516
15.2425
15.0946
15.0346
15.0215
15.0361
15.0758
15.1389
15.2136
15.2859
15.3872
15.4834
15.5565
15.6484
15.7118
15.7359
8.43385
8.72568
9.39529
10.5135
12.2039
14.6304
17.8518
22.2101
28.1305
35.028
41.1214
44.9727
46.6308
46.8922
46.2939
43.6499
38.474
32.4628
26.8565
22.267
19.0622
16.854
15.2528
14.1465
13.4075
12.9024
12.5707
12.3791
12.289
12.2609
12.2604
12.2842
12.3345
12.4064
12.4875
12.5649
12.6645
12.758
12.8354
12.9264
12.9854
13.0126
8.17056
8.40519
9.06725
10.2443
12.0798
14.646
18.0049
22.671
28.6377
34.7673
39.248
41.8687
42.667
42.4205
41.4859
38.2841
32.7925
26.8846
21.7632
18.0307
15.5565
13.7892
12.5469
11.7215
11.1558
10.7661
10.5171
10.3776
10.3157
10.2961
10.2972
10.3213
10.3683
10.4323
10.504
10.5742
10.6668
10.7572
10.8363
10.9253
10.9842
11.0142
8.06749
8.3199
8.99251
10.2376
12.1475
14.7524
18.3004
23.2027
28.9162
34.0509
37.6294
39.5313
39.9734
39.6364
37.9973
33.889
28.1302
22.5045
18.0143
15.0763
13.095
11.6538
10.6941
10.063
9.6189
9.31091
9.11276
8.99907
8.94447
8.92332
8.91782
8.93032
8.96408
9.01211
9.06733
9.12366
9.20014
9.27691
9.34556
9.4229
9.47837
9.50986
8.10332
8.38447
9.08103
10.3833
12.3763
15.0789
18.9308
24.0033
29.504
33.9534
36.7358
37.8502
37.9251
37.4509
35.0649
30.1845
24.3404
19.0767
15.26
12.9504
11.3184
10.1484
9.41417
8.92412
8.56294
8.31026
8.14865
8.05286
8.00113
7.97559
7.96313
7.9623
7.97652
8.00268
8.03614
8.07112
8.12251
8.17575
8.22443
8.27984
8.32238
8.34922
8.27453
8.63515
9.41736
10.7637
12.6994
15.6717
19.8647
25.2292
30.4379
34.0663
35.9593
36.6036
36.4821
35.4921
32.2442
26.9394
21.2907
16.432
13.2246
11.3662
10.0123
9.08251
8.51891
8.12072
7.82072
7.61662
7.48196
7.39362
7.33913
7.3079
7.29029
7.28084
7.27885
7.28492
7.29715
7.30925
7.333
7.35785
7.38051
7.40832
7.43144
7.44902
8.73803
9.05666
9.82216
11.1618
13.337
16.5645
21.0868
26.3367
31.2861
34.6599
35.8414
36.1988
35.7741
33.845
29.5684
24.1303
18.7785
14.4003
11.7131
10.1788
9.05853
8.31579
7.86365
7.5358
7.29288
7.12616
7.00818
6.92432
6.86794
6.83082
6.80429
6.78465
6.77059
6.76049
6.75214
6.7425
6.74371
6.74498
6.74537
6.75061
6.75684
6.76525
9.32867
9.59259
10.3358
11.8012
14.1932
17.6305
22.18
27.356
31.9406
34.6944
35.936
36.2994
35.2014
32.0411
27.1137
21.6626
16.6492
12.78
10.535
9.26227
8.3386
7.74044
7.37297
7.10545
6.90976
6.76807
6.65961
6.57816
6.51925
6.47527
6.43934
6.41024
6.3861
6.36375
6.34137
6.31875
6.30559
6.29056
6.27723
6.26909
6.26395
6.26536
9.92084
10.2562
11.0557
12.6203
15.1612
18.6003
23.1984
28.3246
32.4946
35.0563
36.2359
35.9795
34.1618
30.1482
24.9124
19.3751
14.7987
11.485
9.61134
8.50027
7.73659
7.27451
6.97712
6.75867
6.60138
6.47983
6.38118
6.30479
6.24684
6.20087
6.1622
6.12916
6.09823
6.06714
6.03508
6.00236
5.98384
5.9612
5.93913
5.92405
5.91464
5.91283
10.2241
10.7408
11.7823
13.4747
16.1057
19.9153
24.8251
29.6878
32.9667
34.811
35.5923
34.9067
32.607
28.5917
22.8989
17.2916
13.0693
10.3638
8.78712
7.80249
7.2168
6.87081
6.63146
6.462
6.33672
6.23424
6.15125
6.08469
6.02893
5.98169
5.94317
5.91077
5.87918
5.84632
5.81186
5.77466
5.75065
5.72423
5.70009
5.68264
5.6712
5.66711
10.6056
11.1423
12.2821
14.1597
17.1604
21.5098
26.4863
30.6993
33.1092
34.1645
34.2625
33.23
30.9933
26.5944
20.727
15.2895
11.4871
9.36639
8.044
7.21491
6.7748
6.5084
6.32528
6.19965
6.10244
6.02289
5.95723
5.89953
5.84854
5.80605
5.77062
5.74078
5.71162
5.68247
5.65164
5.61615
5.59164
5.56573
5.54316
5.52609
5.5139
5.50821
11.2561
11.7009
12.8442
14.8716
18.1544
22.585
27.205
30.5619
32.7106
33.5938
33.3446
32.0295
28.9873
24.0542
18.3542
13.4182
10.2314
8.42919
7.34053
6.71212
6.36866
6.1708
6.04745
5.95975
5.89293
5.8367
5.78213
5.73211
5.6904
5.65684
5.6289
5.60458
5.58051
5.55715
5.5317
5.50094
5.47946
5.45473
5.43177
5.41643
5.40657
5.39985
11.8641
12.2785
13.4248
15.6573
19.1313
23.4816
27.5192
30.5691
32.0655
32.5638
32.0597
30.5631
26.8913
21.3696
15.9839
11.7973
9.11668
7.602
6.75182
6.26682
6.01125
5.87796
5.79703
5.7453
5.70872
5.66924
5.62416
5.58512
5.55356
5.5279
5.50667
5.4888
5.47252
5.4571
5.43899
5.41517
5.39959
5.38199
5.36846
5.36108
5.3549
5.35021
12.2184
12.7631
14.1264
16.5531
20.0983
24.1773
27.7636
30.3402
31.4197
31.2055
30.4142
28.7473
24.4237
18.9485
14.0585
10.3845
8.11764
6.93387
6.27647
5.88686
5.70666
5.63428
5.59476
5.56412
5.53963
5.51309
5.48488
5.45772
5.43232
5.41029
5.39481
5.38451
5.37702
5.37018
5.36102
5.3467
5.33864
5.3287
5.32037
5.31563
5.31206
5.30833
12.6049
13.275
14.8145
17.4224
20.9725
24.7831
28.3559
30.1023
30.3085
29.6451
28.6172
26.387
21.8881
16.9163
12.3979
9.14385
7.36043
6.41758
5.87863
5.58047
5.45723
5.42568
5.41705
5.40426
5.39053
5.37788
5.36274
5.34313
5.32226
5.30662
5.29847
5.29335
5.29094
5.28984
5.28765
5.28104
5.28047
5.2774
5.27528
5.27564
5.27631
5.27558
13.3792
14.0045
15.5192
18.0691
21.6713
25.543
28.0654
29.2193
28.9474
28.4269
27.3211
24.2063
19.5983
14.9952
10.8403
8.09545
6.78205
6.04189
5.54514
5.3382
5.27796
5.26549
5.26649
5.2694
5.27263
5.27187
5.26385
5.24666
5.22812
5.21748
5.21401
5.21246
5.21346
5.2167
5.21899
5.21765
5.22246
5.22406
5.22683
5.23347
5.23885
5.24154
14.0799
14.8589
16.4906
19.0625
22.3214
25.7463
27.7588
28.6488
28.098
27.2833
25.7278
22.0765
17.6353
13.3045
9.53339
7.31999
6.33306
5.72101
5.31017
5.16623
5.14047
5.14048
5.15126
5.17012
5.18364
5.18764
5.18158
5.16579
5.14929
5.14073
5.13745
5.13881
5.143
5.14833
5.15245
5.15311
5.161
5.16599
5.17007
5.17632
5.18174
5.18515
14.6246
15.3382
17.1489
20.0646
23.5242
26.419
27.6843
28.1355
27.3886
26.0567
24.2539
20.6808
16.307
11.881
8.5527
6.8455
5.97783
5.39362
5.09697
5.02084
5.01245
5.02141
5.04748
5.07917
5.1072
5.11582
5.11351
5.10151
5.08579
5.07543
5.06843
5.07114
5.07633
5.08135
5.08652
5.08857
5.09674
5.10259
5.107
5.11268
5.11855
5.12267
15.2667
15.9844
17.7922
20.937
24.6271
26.958
27.5146
27.407
26.7252
25.163
23.2424
19.9962
15.1254
10.6238
7.85992
6.47075
5.6157
5.11494
4.93606
4.90106
4.9021
4.92299
4.96642
5.00652
5.04499
5.05637
5.05634
5.04829
5.0356
5.02513
5.01867
5.02007
5.02063
5.0211
5.02436
5.02577
5.03128
5.035
5.03733
5.04052
5.04468
5.04824
15.9735
17.0388
18.7367
21.8373
25.0082
26.453
27.0874
27.1442
26.1458
24.5593
22.4772
18.882
13.7526
9.61674
7.391
6.14505
5.33018
4.94186
4.8174
4.80165
4.81429
4.84921
4.90556
4.95703
4.99862
5.01256
5.01492
5.00692
4.99354
4.98084
4.97177
4.97271
4.96947
4.96717
4.96654
4.96385
4.96485
4.96451
4.963
4.96228
4.96304
4.96517
16.8319
18.0167
19.8815
22.3721
25.0985
26.2096
26.8684
26.6911
25.7726
24.1229
21.5097
17.4201
12.4751
8.86902
6.96821
5.80817
5.12513
4.81984
4.71939
4.71135
4.73287
4.78266
4.84982
4.90843
4.95148
4.96958
4.97392
4.96657
4.9527
4.93744
4.92514
4.92486
4.91972
4.91492
4.90987
4.90311
4.9004
4.89482
4.88885
4.88465
4.88241
4.88291
17.7642
18.5924
20.4569
23.0013
25.4796
26.7003
26.8604
26.3253
25.1909
23.6471
20.357
15.9249
11.5091
8.30575
6.43507
5.46271
4.9517
4.69692
4.6175
4.62752
4.66481
4.72574
4.79622
4.86203
4.91056
4.92963
4.93365
4.92706
4.91346
4.89681
4.88348
4.87842
4.8711
4.86342
4.85389
4.84312
4.83773
4.82795
4.81844
4.81141
4.80712
4.80652
18.8007
19.5967
21.2607
23.4759
25.1924
26.1282
26.4651
26.2661
25.3541
23.0839
19.0599
14.5482
10.5923
7.6986
6.0324
5.2124
4.75887
4.57372
4.53981
4.55528
4.59281
4.66041
4.74441
4.82249
4.86925
4.8891
4.89342
4.88918
4.87751
4.85998
4.84344
4.83397
4.8233
4.81142
4.7985
4.7849
4.77727
4.76488
4.7534
4.74428
4.73816
4.73645
20.0121
20.5278
21.9318
23.6791
24.9444
25.6672
26.0715
26.0921
25.0266
22.2557
17.9631
13.4318
9.65303
7.19574
5.72345
4.94553
4.60496
4.48281
4.45088
4.46059
4.50752
4.59805
4.70223
4.78415
4.82359
4.84376
4.8492
4.84612
4.83638
4.81981
4.80313
4.79061
4.77653
4.76144
4.74736
4.73231
4.72326
4.71024
4.69838
4.68817
4.68108
4.67939
20.1618
21.1336
22.6871
24.1766
25.1005
25.8813
26.1477
25.4676
23.8373
21.0971
17.1256
12.4823
8.81306
6.68933
5.40313
4.73125
4.48861
4.3878
4.35227
4.36812
4.43185
4.54109
4.65902
4.74041
4.76859
4.79786
4.80722
4.80468
4.79492
4.77711
4.75806
4.74583
4.73122
4.71487
4.70082
4.68556
4.67558
4.66299
4.65089
4.63915
4.63131
4.62994
20.3296
21.1323
22.7221
24.6066
25.9262
26.4301
25.9194
24.7171
22.8181
19.8701
15.7808
11.4628
8.13314
6.20061
5.10621
4.58179
4.37558
4.29296
4.2565
4.28678
4.36953
4.48789
4.6035
4.68341
4.72043
4.75339
4.76326
4.76193
4.75264
4.7331
4.7103
4.6993
4.68605
4.67079
4.65725
4.64282
4.63237
4.62089
4.60964
4.59947
4.59245
4.59298
20.877
21.8096
23.2067
24.5438
25.2194
25.7559
25.4431
24.4176
22.3605
18.5908
14.1951
10.3808
7.54823
5.75612
4.85704
4.45402
4.24933
4.15607
4.16787
4.22011
4.31594
4.43605
4.53581
4.61834
4.67758
4.70571
4.71376
4.71375
4.70619
4.68749
4.66519
4.65379
4.64286
4.63033
4.61849
4.60653
4.59816
4.58806
4.57714
4.56755
4.56094
4.56214
21.7358
22.302
23.2784
24.2213
24.6646
24.8293
24.8449
24.1556
21.757
17.4176
12.9752
9.45358
6.96787
5.40742
4.685
4.30476
4.10353
4.06393
4.09095
4.15364
4.25089
4.35732
4.4662
4.57038
4.63204
4.65295
4.66483
4.66453
4.65623
4.63942
4.62121
4.61034
4.60178
4.59178
4.58153
4.57186
4.56625
4.55743
4.54687
4.53877
4.53384
4.53599
21.7763
22.3838
23.4634
24.1646
24.3448
24.4755
24.4775
23.3353
20.6087
16.6038
12.2794
8.70154
6.39725
5.15486
4.49396
4.12954
3.99669
3.99646
4.02235
4.08271
4.17332
4.28657
4.417
4.52063
4.58222
4.60038
4.61764
4.61667
4.60863
4.59523
4.58124
4.57017
4.56173
4.55422
4.54471
4.53405
4.53463
4.52695
4.51681
4.51068
4.5076
4.51002
21.1113
22.1811
23.4743
24.3317
24.3582
24.5159
23.8175
22.1663
19.4287
15.7557
11.6076
8.10436
5.97283
4.9313
4.2941
4.00413
3.91731
3.91613
3.94261
3.99857
4.09426
4.23897
4.37749
4.47258
4.52613
4.54838
4.57012
4.56874
4.56383
4.55365
4.54135
4.52976
4.52098
4.51727
4.50959
4.49382
4.50474
4.49793
4.48865
4.48424
4.48231
4.48438
20.6597
21.7988
23.2014
24.2427
24.7904
24.2262
23.1746
21.1676
18.4984
14.8382
10.9102
7.63369
5.68871
4.71003
4.13143
3.90307
3.84518
3.83701
3.85797
3.91413
4.03676
4.19329
4.33313
4.42001
4.47509
4.50317
4.52502
4.52362
4.52063
4.51165
4.49892
4.48703
4.47839
4.47802
4.4731
4.45723
4.47254
4.46649
4.46054
4.45916
4.45866
4.46014
20.5547
21.525
22.9838
23.9749
24.2807
23.9007
22.6338
20.5451
17.9214
13.9625
10.1833
7.24372
5.45745
4.46437
3.99428
3.84355
3.77498
3.75744
3.7765
3.85677
3.99424
4.14929
4.2778
4.36716
4.4308
4.46167
4.48691
4.48627
4.48213
4.47148
4.45716
4.44619
4.43864
4.43894
4.43539
4.42227
4.43864
4.43244
4.42677
4.4257
4.4249
4.42607
20.8069
21.5286
22.5543
23.1867
23.2784
23.221
22.3336
20.5371
17.4163
13.1783
9.45849
6.91048
5.20946
4.27665
3.9249
3.76838
3.69926
3.67129
3.71476
3.81691
3.95544
4.10208
4.21571
4.31995
4.39198
4.42249
4.44804
4.44897
4.44378
4.43195
4.41722
4.40641
4.399
4.39906
4.39921
4.39466
4.40538
4.39781
4.3913
4.39014
4.38817
4.38844
20.9386
21.5426
22.1931
22.5013
22.5037
22.4222
21.9512
20.4561
16.8955
12.5294
8.91654
6.55128
5.00025
4.15973
3.85861
3.69552
3.60851
3.61246
3.6676
3.77423
3.91203
4.04314
4.16751
4.27933
4.35334
4.38491
4.40785
4.41083
4.40457
4.39213
4.37838
4.36801
4.36145
4.36155
4.36365
4.36337
4.36967
4.36247
4.3548
4.35289
4.34949
4.34955
20.7256
21.2361
21.9095
22.044
22.0069
21.8664
21.2991
19.6369
16.2461
12.0986
8.52467
6.17326
4.80173
4.09022
3.76113
3.6008
3.54625
3.57006
3.62895
3.73111
3.86271
4.00019
4.13864
4.24745
4.31426
4.35541
4.37588
4.37937
4.37223
4.3597
4.34625
4.33567
4.3293
4.32812
4.3285
4.32707
4.3302
4.32339
4.31551
4.31256
4.30809
4.30885
20.0304
20.7682
21.4849
21.7402
21.6226
21.5961
20.6529
18.5139
15.3392
11.6279
8.14585
5.87203
4.63359
3.98897
3.66683
3.53476
3.50157
3.52502
3.58617
3.68908
3.8205
3.9671
4.11005
4.21949
4.2903
4.32628
4.34809
4.34729
4.34027
4.3292
4.31685
4.3051
4.2966
4.29381
4.29171
4.28743
4.28855
4.28057
4.27187
4.26969
4.26493
4.26686
19.2312
20.0573
20.9674
21.4915
21.5403
21.0901
19.8786
17.4207
14.3869
11.009
7.74895
5.61018
4.45272
3.85508
3.60885
3.48914
3.45222
3.47202
3.53688
3.65097
3.79611
3.94027
4.07944
4.18886
4.26276
4.29876
4.32107
4.31719
4.30884
4.29764
4.28519
4.27256
4.2626
4.25902
4.25423
4.24801
4.2479
4.23964
4.22947
4.2285
4.22082
4.23049
18.4935
19.2764
20.2571
21.1612
21.3792
20.6363
18.9347
16.5068
13.5102
10.2691
7.37439
5.31933
4.22929
3.78762
3.5492
3.42265
3.39221
3.42958
3.50973
3.62914
3.77068
3.91815
4.05828
4.16237
4.23104
4.26924
4.29261
4.28918
4.2804
4.2668
4.25134
4.23751
4.22748
4.22402
4.21812
4.21084
4.20857
4.20101
4.19241
4.1891
4.17449
4.19596
17.7345
18.6161
19.7594
20.574
20.6992
19.9894
18.214
15.7195
12.694
9.50321
6.92472
5.05047
4.10034
3.70026
3.46402
3.36071
3.36185
3.39646
3.4729
3.58994
3.74028
3.90243
4.04116
4.13753
4.20376
4.24014
4.26397
4.2601
4.25186
4.23631
4.21774
4.20316
4.19373
4.18943
4.18284
4.1748
4.17022
4.16336
4.1568
4.15089
4.13191
4.15791
17.3132
18.2358
19.1444
19.6692
19.6995
19.1093
17.5068
15.1899
12.0007
8.79888
6.46858
4.8598
3.9881
3.55621
3.37664
3.32004
3.32146
3.35038
3.42807
3.55712
3.71849
3.87804
4.01247
4.11123
4.17828
4.21081
4.23496
4.2317
4.22284
4.20552
4.18594
4.17064
4.16039
4.15527
4.14845
4.14085
4.13505
4.12873
4.12344
4.11684
4.09655
4.12188
17.421
17.8223
18.3408
18.5165
18.4663
18.098
16.9656
14.7398
11.4038
8.20009
6.05529
4.66251
3.84098
3.46806
3.31621
3.26397
3.27121
3.30984
3.39644
3.53086
3.69262
3.84872
3.98512
4.08726
4.14797
4.18259
4.20279
4.20272
4.19441
4.17666
4.15631
4.14064
4.13015
4.12364
4.11615
4.10816
4.10183
4.09572
4.0914
4.08498
4.06418
4.08795
17.0912
17.3366
17.6236
17.6247
17.4498
17.0701
16.1518
13.9751
10.7896
7.76414
5.67246
4.45298
3.72442
3.39889
3.26991
3.21344
3.22061
3.26666
3.36334
3.50271
3.65857
3.81666
3.95639
4.05721
4.11842
4.15459
4.17237
4.17161
4.16294
4.146
4.12682
4.11155
4.10038
4.09173
4.08383
4.0763
4.07052
4.06479
4.06058
4.05435
4.03404
4.05744
16.2873
16.6702
17.0413
16.9043
16.6923
16.3338
15.1849
13.0163
10.1818
7.36074
5.38057
4.23963
3.61081
3.34391
3.20719
3.15485
3.17429
3.23009
3.33068
3.46913
3.62359
3.78514
3.92364
4.02226
4.08045
4.1211
4.13881
4.14111
4.13461
4.11855
4.09886
4.08303
4.07165
4.06305
4.05539
4.04779
4.04211
4.03617
4.03105
4.02443
4.00491
4.02603
15.3268
15.9061
16.3656
16.3474
16.2355
15.7336
14.3164
12.1028
9.55826
7.0387
5.12819
4.0359
3.54011
3.25959
3.128
3.10611
3.13075
3.18822
3.28967
3.43058
3.59525
3.7559
3.88637
3.98187
4.04802
4.08988
4.1081
4.10832
4.10128
4.08613
4.06853
4.05389
4.04275
4.03397
4.02677
4.01983
4.01512
4.00945
4.00333
3.99656
3.97914
3.99895
14.404
14.9227
15.5264
15.9044
15.821
14.9803
13.3987
11.3286
8.98529
6.72673
4.9509
3.9258
3.43678
3.175
3.06926
3.06048
3.08131
3.14011
3.24738
3.39755
3.56456
3.71841
3.84673
3.94816
4.01788
4.0581
4.07234
4.0704
4.06546
4.0551
4.0391
4.02329
4.01171
4.0043
3.99872
3.99329
3.98941
3.98342
3.97695
3.97087
3.95492
3.97357
13.6177
14.1627
14.8236
15.2746
15.0805
14.2062
12.61
10.6831
8.52468
6.41665
4.74787
3.8085
3.34763
3.11106
3.02051
3.01214
3.03172
3.09342
3.2075
3.36407
3.53194
3.68491
3.81168
3.91296
3.98276
4.02434
4.04027
4.03976
4.03656
4.0272
4.0106
3.99416
3.98333
3.97667
3.97045
3.96429
3.96272
3.95675
3.95088
3.94591
3.93088
3.94932
12.9814
13.4944
14.1095
14.5136
14.359
13.5335
12.0145
10.1718
8.08638
6.09194
4.53007
3.65967
3.28815
3.06362
2.96285
2.96098
2.98952
3.05607
3.16966
3.32569
3.49762
3.65462
3.78146
3.88422
3.95443
3.98957
4.00884
4.00945
4.00635
3.99629
3.9799
3.96463
3.95446
3.94734
3.94081
3.93499
3.93455
3.92947
3.9239
3.91924
3.90591
3.92234
12.3414
12.814
13.4267
13.8543
13.6487
12.9404
11.5152
9.68862
7.61227
5.76294
4.34684
3.54382
3.21159
3.00583
2.91401
2.91821
2.95015
3.01934
3.13506
3.29494
3.46999
3.62851
3.75597
3.85568
3.92037
3.95594
3.97491
3.97823
3.97376
3.96252
3.94711
3.93368
3.9245
3.91769
3.91182
3.9067
3.90588
3.9016
3.89708
3.8941
3.88321
3.89899
11.8124
12.2987
12.7592
12.9789
12.8329
12.2303
11.064
9.33778
7.2045
5.43382
4.16986
3.46557
3.12358
2.93163
2.86542
2.88207
2.9145
2.98498
3.10113
3.26447
3.44155
3.59818
3.7283
3.82834
3.88977
3.93084
3.94808
3.95173
3.94647
3.93518
3.92057
3.90739
3.89745
3.88957
3.88355
3.87834
3.87686
3.87298
3.86876
3.86619
3.85734
3.87068
11.5232
11.7147
11.9166
11.9658
11.8282
11.4555
10.634
8.92888
6.84385
5.10804
3.9913
3.39106
3.01576
2.8586
2.83641
2.84507
2.87507
2.94302
3.0699
3.24228
3.41853
3.57333
3.70193
3.79895
3.86282
3.90481
3.9216
3.92433
3.91914
3.90818
3.89299
3.87845
3.86764
3.85955
3.85392
3.84925
3.84682
3.84324
3.83933
3.83844
3.83295
3.84542
10.9045
11.029
11.1525
11.1279
10.9742
10.6933
9.89791
8.35886
6.46705
4.83821
3.82587
3.29454
2.95325
2.81648
2.8031
2.80504
2.8339
2.90916
3.04745
3.22306
3.39774
3.55295
3.67917
3.77621
3.84284
3.88321
3.89874
3.89993
3.89463
3.88362
3.86831
3.85334
3.842
3.83327
3.82741
3.82273
3.81823
3.81335
3.80949
3.80903
3.80609
3.81578
10.1683
10.3737
10.5675
10.457
10.3127
10.0204
9.15396
7.7905
6.12747
4.62217
3.6942
3.19827
2.89735
2.78244
2.76517
2.76593
2.79498
2.88266
3.0293
3.20414
3.37627
3.53114
3.65659
3.75568
3.82218
3.86
3.87444
3.87453
3.86935
3.85784
3.84191
3.82674
3.81493
3.80579
3.79983
3.79521
3.79005
3.78529
3.7823
3.78199
3.77929
3.78758
9.68894
9.82179
9.96547
9.83652
9.69056
9.40997
8.66149
7.38688
5.77808
4.40636
3.594
3.11366
2.84041
2.74834
2.71783
2.72261
2.7659
2.86262
3.01014
3.18161
3.35405
3.50972
3.63575
3.73578
3.80108
3.83802
3.85301
3.85296
3.84775
3.8353
3.81859
3.80277
3.78997
3.78013
3.77365
3.76856
3.76324
3.75888
3.75469
3.75368
3.75027
3.75515
9.3758
9.41007
9.44655
9.37622
9.23089
8.98537
8.36063
7.08087
5.51756
4.27253
3.50315
3.03793
2.8044
2.70244
2.66933
2.68831
2.74509
2.84486
2.98926
3.15785
3.33377
3.49106
3.61806
3.71532
3.77914
3.81619
3.83194
3.83194
3.82694
3.81493
3.79891
3.78294
3.76951
3.75914
3.75193
3.74609
3.74028
3.73584
3.73078
3.72763
3.72255
3.72296
8.64347
8.71832
8.79751
8.74398
8.6173
8.38281
7.80911
6.66033
5.24301
4.08352
3.33467
2.9451
2.73575
2.64533
2.62781
2.65267
2.71144
2.81474
2.95775
3.12995
3.30798
3.46445
3.59137
3.68657
3.74972
3.78678
3.80311
3.80289
3.79727
3.78529
3.76934
3.75193
3.7364
3.72418
3.71551
3.70844
3.70203
3.69675
3.69171
3.68754
3.68319
3.68259
)
;

boundaryField
{
    lateral_sides
    {
        type            empty;
    }
    outerwall
    {
        type            zeroGradient;
    }
    longitudinal_symmetry
    {
        type            symmetryPlane;
    }
    inlet
    {
        type            zeroGradient;
    }
    outlet
    {
        type            inletOutlet;
        inletValue      uniform 0;
        value           uniform 0;
    }
}


// ************************************************************************* //
