/*--------------------------------*- C++ -*----------------------------------*\
| =========                 |                                                 |
| \\      /  F ield         | OpenFOAM: The Open Source CFD Toolbox           |
|  \\    /   O peration     | Version:  2406                                  |
|   \\  /    A nd           | Website:  www.openfoam.com                      |
|    \\/     M anipulation  |                                                 |
\*---------------------------------------------------------------------------*/
FoamFile
{
    version     2.0;
    format      ascii;
    arch        "LSB;label=32;scalar=64";
    class       volScalarField;
    location    "0.109";
    object      T;
}
// * * * * * * * * * * * * * * * * * * * * * * * * * * * * * * * * * * * * * //

dimensions      [0 0 0 1 0 0 0];

internalField   nonuniform List<scalar> 
8988
(
264.661
264.359
263.95
263.68
263.54
263.462
263.414
263.385
263.368
263.359
263.352
263.346
263.342
263.34
263.341
263.342
263.343
263.344
263.345
263.347
263.35
263.353
263.356
263.36
263.363
263.368
263.372
263.377
263.383
263.389
263.395
263.402
263.41
263.417
263.426
263.434
263.443
263.452
263.46
263.467
263.471
263.479
266.472
266.061
265.329
264.585
264.103
263.8
263.604
263.512
263.476
263.443
263.413
263.404
263.4
263.395
263.388
263.385
263.382
263.379
263.377
263.375
263.374
263.374
263.374
263.374
263.374
263.375
263.377
263.38
263.381
263.383
263.386
263.39
263.392
263.395
263.397
263.4
263.402
263.404
263.405
263.404
263.403
263.404
267.849
267.434
266.615
265.576
264.746
264.259
263.943
263.709
263.592
263.553
263.519
263.478
263.462
263.454
263.444
263.436
263.43
263.426
263.423
263.419
263.416
263.413
263.41
263.407
263.404
263.401
263.399
263.397
263.395
263.392
263.39
263.388
263.386
263.382
263.378
263.373
263.367
263.36
263.353
263.346
263.34
263.338
269.038
268.615
267.746
266.563
265.505
264.803
264.334
263.996
263.786
263.705
263.654
263.591
263.553
263.537
263.523
263.507
263.497
263.49
263.483
263.477
263.471
263.465
263.458
263.45
263.442
263.434
263.425
263.416
263.405
263.394
263.382
263.371
263.359
263.346
263.332
263.318
263.303
263.288
263.274
263.262
263.252
263.247
269.992
269.611
268.731
267.533
266.323
265.363
264.749
264.345
264.052
263.875
263.779
263.709
263.659
263.628
263.604
263.586
263.572
263.56
263.55
263.54
263.53
263.52
263.508
263.495
263.483
263.469
263.452
263.434
263.415
263.395
263.373
263.351
263.327
263.302
263.277
263.252
263.228
263.207
263.187
263.171
263.158
263.149
270.904
270.506
269.592
268.361
267.101
265.999
265.18
264.663
264.33
264.082
263.916
263.823
263.761
263.714
263.684
263.661
263.641
263.625
263.611
263.597
263.583
263.568
263.55
263.531
263.511
263.489
263.463
263.435
263.405
263.374
263.341
263.308
263.274
263.24
263.206
263.174
263.145
263.119
263.097
263.077
263.062
263.049
271.775
271.331
270.412
269.108
267.748
266.59
265.667
264.986
264.553
264.267
264.057
263.92
263.84
263.782
263.742
263.711
263.686
263.668
263.65
263.633
263.616
263.597
263.575
263.552
263.527
263.499
263.468
263.433
263.396
263.357
263.315
263.273
263.23
263.186
263.144
263.104
263.068
263.036
263.009
262.986
262.968
262.951
272.501
272.105
271.202
269.853
268.369
267.065
266.077
265.325
264.77
264.407
264.172
264.004
263.901
263.826
263.773
263.737
263.707
263.683
263.662
263.643
263.624
263.605
263.582
263.556
263.529
263.499
263.464
263.426
263.386
263.342
263.295
263.246
263.196
263.145
263.094
263.045
263
262.96
262.926
262.898
262.877
262.861
273.21
272.809
271.853
270.504
268.999
267.557
266.406
265.584
264.979
264.532
264.231
264.043
263.912
263.823
263.764
263.724
263.691
263.663
263.642
263.622
263.603
263.585
263.565
263.541
263.514
263.482
263.447
263.41
263.369
263.324
263.275
263.224
263.17
263.114
263.056
262.999
262.945
262.895
262.853
262.819
262.795
262.782
273.87
273.446
272.515
271.085
269.474
268.018
266.79
265.818
265.115
264.625
264.278
264.044
263.887
263.783
263.716
263.664
263.627
263.598
263.575
263.557
263.541
263.526
263.51
263.491
263.468
263.442
263.413
263.381
263.344
263.302
263.255
263.205
263.15
263.092
263.03
262.968
262.906
262.849
262.799
262.759
262.73
262.714
274.419
274.034
273.077
271.66
270.005
268.389
267.058
266.053
265.264
264.683
264.29
264.025
263.839
263.712
263.632
263.574
263.532
263.5
263.476
263.457
263.442
263.43
263.418
263.404
263.388
263.371
263.351
263.328
263.3
263.266
263.226
263.18
263.129
263.072
263.011
262.948
262.885
262.825
262.771
262.725
262.691
262.67
275.003
274.548
273.556
272.108
270.451
268.808
267.347
266.204
265.37
264.742
264.284
263.98
263.77
263.623
263.531
263.466
263.417
263.384
263.358
263.336
263.321
263.309
263.3
263.29
263.278
263.267
263.255
263.241
263.223
263.2
263.173
263.138
263.097
263.049
262.996
262.939
262.88
262.821
262.767
262.719
262.682
262.658
275.449
275.031
274.076
272.561
270.794
269.117
267.633
266.387
265.443
264.768
264.27
263.926
263.687
263.518
263.417
263.345
263.288
263.251
263.225
263.202
263.185
263.174
263.167
263.159
263.151
263.143
263.134
263.124
263.113
263.1
263.085
263.066
263.042
263.013
262.976
262.933
262.884
262.833
262.781
262.735
262.698
262.675
275.854
275.466
274.498
273.005
271.183
269.376
267.842
266.559
265.534
264.776
264.237
263.862
263.595
263.404
263.291
263.21
263.147
263.106
263.077
263.054
263.038
263.026
263.02
263.015
263.01
263.005
262.999
262.992
262.985
262.977
262.969
262.962
262.955
262.947
262.935
262.916
262.889
262.854
262.814
262.775
262.742
262.721
276.29
275.861
274.843
273.376
271.583
269.691
268.021
266.688
265.625
264.796
264.199
263.793
263.497
263.291
263.161
263.068
262.999
262.955
262.922
262.897
262.881
262.871
262.863
262.86
262.858
262.855
262.853
262.852
262.85
262.849
262.848
262.849
262.853
262.86
262.868
262.874
262.875
262.869
262.855
262.833
262.812
262.795
276.761
276.275
275.256
273.724
271.894
270.01
268.259
266.813
265.698
264.824
264.179
263.725
263.395
263.178
263.03
262.918
262.845
262.797
262.761
262.735
262.717
262.707
262.702
262.7
262.7
262.701
262.705
262.709
262.714
262.719
262.726
262.736
262.749
262.765
262.786
262.811
262.838
262.863
262.88
262.891
262.893
262.891
277.15
276.698
275.685
274.091
272.169
270.24
268.489
266.979
265.768
264.847
264.168
263.661
263.299
263.063
262.889
262.766
262.691
262.635
262.596
262.57
262.553
262.544
262.541
262.542
262.544
262.549
262.558
262.568
262.58
262.593
262.608
262.626
262.647
262.673
262.704
262.742
262.787
262.836
262.885
262.927
262.959
262.977
277.06
276.671
275.738
274.319
272.495
270.5
268.672
267.145
265.878
264.886
264.155
263.609
263.221
262.952
262.755
262.625
262.543
262.479
262.434
262.409
262.394
262.386
262.384
262.387
262.393
262.403
262.416
262.432
262.45
262.471
262.494
262.521
262.551
262.586
262.628
262.676
262.733
262.796
262.864
262.927
262.978
263.013
277.141
276.71
275.818
274.437
272.667
270.743
268.894
267.288
265.976
264.939
264.154
263.571
263.148
262.854
262.642
262.495
262.402
262.334
262.286
262.26
262.246
262.24
262.239
262.244
262.253
262.267
262.285
262.306
262.33
262.358
262.389
262.424
262.464
262.508
262.559
262.616
262.68
262.749
262.822
262.895
262.955
262.999
277.176
276.818
275.975
274.579
272.801
270.911
269.097
267.447
266.075
265
264.171
263.548
263.091
262.77
262.543
262.382
262.275
262.202
262.153
262.124
262.111
262.107
262.108
262.114
262.126
262.143
262.165
262.192
262.222
262.256
262.294
262.337
262.384
262.436
262.494
262.557
262.624
262.694
262.766
262.833
262.886
262.931
277.281
276.95
276.1
274.747
273.011
271.083
269.25
267.609
266.196
265.071
264.203
263.544
263.057
262.707
262.461
262.29
262.169
262.089
262.039
262.009
261.994
261.99
261.992
262
262.013
262.033
262.06
262.091
262.127
262.166
262.209
262.256
262.308
262.365
262.426
262.491
262.557
262.624
262.686
262.739
262.772
262.808
277.484
277.102
276.275
274.885
273.145
271.298
269.465
267.749
266.307
265.166
264.255
263.555
263.042
262.665
262.398
262.215
262.083
261.995
261.942
261.911
261.895
261.891
261.894
261.902
261.916
261.937
261.967
262.002
262.04
262.082
262.128
262.178
262.232
262.289
262.35
262.411
262.472
262.529
262.576
262.612
262.627
262.653
277.629
277.29
276.451
275.109
273.376
271.476
269.631
267.927
266.452
265.263
264.316
263.588
263.047
262.647
262.362
262.163
262.021
261.925
261.867
261.834
261.817
261.811
261.813
261.819
261.834
261.856
261.886
261.92
261.958
262
262.047
262.096
262.148
262.202
262.257
262.31
262.359
262.401
262.432
262.455
262.462
262.481
277.804
277.494
276.678
275.342
273.599
271.67
269.824
268.12
266.608
265.37
264.401
263.644
263.069
262.65
262.347
262.13
261.979
261.877
261.813
261.777
261.759
261.752
261.75
261.753
261.763
261.783
261.811
261.843
261.879
261.919
261.962
262.006
262.051
262.096
262.139
262.179
262.214
262.243
262.264
262.278
262.282
262.299
278.037
277.723
276.911
275.551
273.785
271.9
270.055
268.3
266.753
265.501
264.505
263.713
263.112
262.676
262.356
262.12
261.956
261.847
261.777
261.734
261.712
261.701
261.697
261.698
261.704
261.718
261.74
261.767
261.798
261.831
261.865
261.899
261.933
261.965
261.995
262.022
262.046
262.067
262.082
262.092
262.094
262.109
278.321
277.926
277.069
275.758
274.069
272.156
270.234
268.47
266.93
265.639
264.606
263.794
263.171
262.714
262.375
262.127
261.953
261.835
261.755
261.706
261.676
261.66
261.651
261.649
261.65
261.655
261.667
261.686
261.708
261.73
261.753
261.775
261.796
261.816
261.835
261.852
261.868
261.882
261.892
261.899
261.899
261.911
278.604
278.152
277.282
276.003
274.346
272.44
270.452
268.669
267.128
265.802
264.734
263.895
263.247
262.764
262.405
262.142
261.956
261.826
261.739
261.682
261.645
261.62
261.605
261.596
261.59
261.587
261.589
261.596
261.607
261.618
261.629
261.639
261.649
261.658
261.667
261.675
261.683
261.691
261.697
261.701
261.699
261.71
278.808
278.433
277.614
276.266
274.546
272.651
270.73
268.905
267.296
265.961
264.867
263.994
263.325
262.816
262.435
262.157
261.956
261.814
261.718
261.652
261.606
261.574
261.551
261.534
261.52
261.509
261.502
261.499
261.499
261.5
261.5
261.499
261.498
261.497
261.496
261.496
261.496
261.498
261.499
261.5
261.497
261.506
279.033
278.651
277.804
276.513
274.823
272.858
270.894
269.09
267.482
266.095
264.971
264.08
263.381
262.846
262.446
262.151
261.937
261.785
261.679
261.603
261.549
261.511
261.483
261.46
261.438
261.421
261.406
261.395
261.385
261.376
261.368
261.358
261.348
261.338
261.327
261.318
261.311
261.306
261.303
261.3
261.295
261.302
279.168
278.853
278.039
276.711
274.944
273.011
271.094
269.25
267.591
266.2
265.054
264.129
263.406
262.85
262.432
262.122
261.895
261.732
261.618
261.536
261.478
261.435
261.4
261.37
261.344
261.321
261.301
261.283
261.266
261.25
261.234
261.217
261.199
261.181
261.163
261.146
261.131
261.12
261.11
261.102
261.095
261.1
279.377
278.959
278.138
276.764
275.063
273.198
271.257
269.327
267.662
266.272
265.092
264.14
263.396
262.822
262.391
262.067
261.827
261.656
261.535
261.447
261.384
261.337
261.298
261.264
261.235
261.21
261.186
261.164
261.143
261.122
261.1
261.076
261.052
261.027
261.002
260.978
260.957
260.938
260.923
260.91
260.899
260.901
279.483
279.038
278.203
276.86
275.2
273.32
271.331
269.394
267.728
266.31
265.092
264.125
263.362
262.767
262.322
261.984
261.733
261.557
261.429
261.335
261.27
261.22
261.176
261.139
261.108
261.082
261.058
261.034
261.01
260.987
260.962
260.935
260.906
260.876
260.846
260.817
260.79
260.764
260.742
260.724
260.709
260.707
279.431
279.114
278.316
277.012
275.272
273.291
271.343
269.499
267.773
266.282
265.069
264.089
263.297
262.687
262.227
261.873
261.615
261.432
261.296
261.198
261.132
261.081
261.036
260.998
260.967
260.94
260.915
260.891
260.867
260.843
260.817
260.789
260.759
260.727
260.693
260.66
260.628
260.597
260.569
260.546
260.528
260.522
279.491
279.117
278.283
277.016
275.339
273.353
271.341
269.475
267.774
266.266
265.022
264.016
263.208
262.582
262.104
261.741
261.476
261.282
261.142
261.043
260.973
260.919
260.875
260.837
260.807
260.781
260.757
260.734
260.712
260.688
260.663
260.636
260.606
260.574
260.54
260.505
260.469
260.435
260.403
260.377
260.357
260.347
279.518
279.114
278.308
276.96
275.267
273.395
271.415
269.456
267.707
266.228
264.968
263.926
263.104
262.463
261.968
261.597
261.32
261.117
260.975
260.873
260.798
260.742
260.698
260.66
260.631
260.605
260.584
260.563
260.542
260.521
260.499
260.474
260.447
260.417
260.383
260.348
260.313
260.278
260.245
260.218
260.196
260.183
279.413
279.086
278.285
276.98
275.26
273.328
271.362
269.446
267.679
266.156
264.884
263.828
262.987
262.327
261.82
261.437
261.149
260.94
260.792
260.686
260.609
260.553
260.509
260.472
260.441
260.417
260.397
260.378
260.359
260.341
260.322
260.301
260.277
260.251
260.221
260.189
260.155
260.123
260.092
260.065
260.044
260.03
279.421
279.004
278.167
276.923
275.285
273.366
271.3
269.365
267.643
266.114
264.795
263.723
262.867
262.186
261.664
261.269
260.971
260.756
260.602
260.489
260.409
260.351
260.307
260.27
260.24
260.217
260.199
260.182
260.166
260.151
260.135
260.117
260.098
260.076
260.051
260.024
259.995
259.967
259.94
259.917
259.899
259.886
279.341
278.965
278.187
276.853
275.172
273.31
271.328
269.349
267.569
266.04
264.722
263.62
262.741
262.045
261.507
261.095
260.786
260.562
260.4
260.283
260.201
260.141
260.094
260.059
260.031
260.008
259.991
259.976
259.963
259.951
259.939
259.926
259.911
259.894
259.875
259.854
259.832
259.809
259.788
259.771
259.757
259.747
279.209
278.917
278.145
276.876
275.15
273.212
271.27
269.361
267.537
265.953
264.63
263.518
262.609
261.897
261.343
260.914
260.597
260.364
260.191
260.07
259.986
259.923
259.875
259.841
259.815
259.793
259.775
259.762
259.753
259.744
259.735
259.727
259.717
259.706
259.693
259.678
259.663
259.648
259.633
259.622
259.614
259.607
279.198
278.826
278.019
276.808
275.17
273.235
271.194
269.28
267.51
265.907
264.529
263.405
262.479
261.747
261.171
260.73
260.406
260.157
259.979
259.857
259.767
259.699
259.652
259.62
259.593
259.571
259.555
259.544
259.537
259.531
259.527
259.523
259.518
259.512
259.505
259.497
259.489
259.481
259.473
259.467
259.464
259.461
279.194
278.762
277.944
276.696
275.116
273.24
271.199
269.208
267.433
265.847
264.445
263.284
262.345
261.591
260.996
260.548
260.206
259.948
259.768
259.639
259.541
259.474
259.429
259.395
259.366
259.347
259.334
259.324
259.318
259.315
259.315
259.314
259.314
259.313
259.311
259.309
259.307
259.306
259.304
259.304
259.305
259.305
279.066
278.715
277.962
276.653
275.001
273.167
271.192
269.193
267.354
265.751
264.356
263.164
262.203
261.429
260.822
260.36
260.001
259.74
259.558
259.417
259.314
259.249
259.203
259.165
259.138
259.122
259.111
259.102
259.099
259.099
259.1
259.102
259.105
259.109
259.113
259.116
259.118
259.122
259.125
259.129
259.133
259.135
278.916
278.63
277.887
276.653
275.003
273.049
271.067
269.149
267.312
265.649
264.226
263.032
262.054
261.259
260.641
260.166
259.796
259.532
259.341
259.194
259.093
259.025
258.975
258.937
258.912
258.896
258.885
258.878
258.878
258.88
258.882
258.887
258.894
258.901
258.908
258.915
258.921
258.928
258.935
258.942
258.948
258.952
278.823
278.525
277.791
276.57
274.929
272.962
270.981
269.087
267.245
265.536
264.102
262.904
261.901
261.094
260.461
259.966
259.595
259.323
259.117
258.969
258.869
258.798
258.745
258.708
258.684
258.668
258.657
258.654
258.655
258.658
258.662
258.669
258.678
258.687
258.697
258.707
258.716
258.724
258.733
258.741
258.749
258.753
278.782
278.401
277.657
276.397
274.791
272.954
270.969
268.946
267.093
265.444
263.987
262.751
261.739
260.924
260.272
259.773
259.393
259.105
258.9
258.755
258.645
258.567
258.517
258.483
258.457
258.439
258.431
258.43
258.43
258.432
258.438
258.447
258.458
258.468
258.479
258.49
258.501
258.51
258.52
258.528
258.536
258.541
278.647
278.302
277.577
276.288
274.659
272.852
270.887
268.868
266.977
265.317
263.862
262.608
261.58
260.746
260.08
259.583
259.194
258.888
258.683
258.539
258.421
258.337
258.288
258.256
258.228
258.21
258.205
258.204
258.203
258.204
258.211
258.222
258.233
258.243
258.254
258.265
258.276
258.287
258.296
258.303
258.31
258.315
278.464
278.197
277.464
276.237
274.578
272.709
270.769
268.798
266.889
265.202
263.732
262.467
261.428
260.575
259.902
259.394
258.987
258.68
258.472
258.318
258.193
258.112
258.062
258.025
257.996
257.981
257.976
257.974
257.972
257.973
257.979
257.99
258.001
258.011
258.021
258.032
258.043
258.053
258.061
258.068
258.074
258.078
278.353
278.072
277.346
276.119
274.47
272.611
270.688
268.726
266.79
265.09
263.616
262.335
261.276
260.413
259.731
259.2
258.777
258.475
258.263
258.096
257.967
257.887
257.835
257.794
257.764
257.75
257.743
257.739
257.738
257.738
257.743
257.751
257.762
257.772
257.781
257.791
257.801
257.81
257.817
257.823
257.827
257.83
278.228
277.956
277.231
275.994
274.361
272.535
270.606
268.614
266.702
265.003
263.504
262.206
261.135
260.25
259.556
259.011
258.577
258.272
258.052
257.872
257.744
257.663
257.605
257.559
257.529
257.515
257.506
257.5
257.499
257.499
257.501
257.508
257.516
257.525
257.534
257.543
257.55
257.557
257.563
257.568
257.57
257.573
278.093
277.809
277.097
275.911
274.316
272.41
270.456
268.544
266.678
264.889
263.364
262.085
260.988
260.084
259.384
258.821
258.381
258.066
257.825
257.644
257.522
257.435
257.368
257.32
257.292
257.275
257.263
257.257
257.254
257.253
257.255
257.259
257.265
257.272
257.28
257.287
257.292
257.297
257.301
257.304
257.306
257.308
278.06
277.659
276.893
275.76
274.215
272.363
270.37
268.417
266.559
264.798
263.253
261.957
260.841
259.929
259.209
258.631
258.19
257.859
257.605
257.422
257.292
257.195
257.125
257.079
257.048
257.028
257.015
257.007
257.004
257.002
257.002
257.004
257.008
257.013
257.019
257.024
257.028
257.03
257.033
257.034
257.034
257.036
277.842
277.564
276.835
275.658
274.064
272.225
270.311
268.357
266.417
264.672
263.153
261.816
260.683
259.763
259.019
258.437
257.987
257.638
257.377
257.19
257.052
256.951
256.88
256.833
256.8
256.777
256.762
256.753
256.747
256.745
256.743
256.743
256.744
256.748
256.752
256.754
256.756
256.757
256.758
256.758
256.757
256.758
277.719
277.397
276.66
275.529
274.017
272.121
270.16
268.226
266.319
264.553
263.008
261.662
260.519
259.582
258.829
258.232
257.768
257.417
257.151
256.95
256.806
256.705
256.632
256.579
256.542
256.519
256.503
256.492
256.485
256.48
256.477
256.476
256.476
256.477
256.479
256.48
256.48
256.479
256.478
256.477
256.475
256.476
277.59
277.257
276.561
275.34
273.781
272.032
270.108
268.093
266.153
264.412
262.853
261.491
260.338
259.388
258.623
258.012
257.538
257.179
256.906
256.703
256.558
256.453
256.374
256.317
256.28
256.256
256.238
256.225
256.216
256.211
256.207
256.204
256.202
256.202
256.201
256.201
256.199
256.197
256.194
256.192
256.189
256.189
277.368
277.113
276.404
275.233
273.634
271.81
269.932
267.988
266.015
264.223
262.671
261.308
260.134
259.182
258.399
257.772
257.299
256.937
256.658
256.452
256.298
256.185
256.104
256.05
256.012
255.985
255.965
255.951
255.942
255.934
255.929
255.925
255.923
255.921
255.919
255.917
255.914
255.911
255.907
255.903
255.899
255.899
277.222
276.864
276.13
275.037
273.534
271.7
269.698
267.749
265.874
264.079
262.474
261.091
259.921
258.962
258.163
257.538
257.061
256.671
256.379
256.184
256.036
255.91
255.827
255.774
255.735
255.704
255.685
255.673
255.661
255.652
255.645
255.641
255.638
255.635
255.632
255.629
255.625
255.621
255.617
255.612
255.607
255.606
276.975
276.661
275.983
274.783
273.245
271.498
269.579
267.564
265.627
263.877
262.292
260.877
259.698
258.72
257.905
257.286
256.806
256.401
256.106
255.91
255.758
255.628
255.544
255.49
255.448
255.415
255.397
255.384
255.371
255.362
255.355
255.351
255.348
255.344
255.34
255.336
255.332
255.328
255.323
255.318
255.313
255.311
276.656
276.411
275.722
274.574
273.023
271.25
269.356
267.384
265.416
263.65
262.083
260.664
259.457
258.471
257.661
257.028
256.522
256.119
255.834
255.626
255.457
255.333
255.252
255.195
255.151
255.12
255.102
255.088
255.075
255.066
255.059
255.054
255.05
255.046
255.043
255.039
255.035
255.031
255.026
255.021
255.016
255.014
276.473
276.084
275.364
274.257
272.831
271.091
269.108
267.107
265.238
263.465
261.838
260.426
259.222
258.222
257.408
256.754
256.238
255.842
255.549
255.328
255.157
255.035
254.952
254.892
254.846
254.815
254.798
254.785
254.772
254.762
254.756
254.751
254.746
254.743
254.741
254.738
254.734
254.73
254.726
254.721
254.716
254.715
276.196
275.812
275.09
273.994
272.589
270.854
268.886
266.871
265.018
263.274
261.609
260.173
258.977
257.968
257.137
256.468
255.958
255.557
255.243
255.02
254.856
254.73
254.641
254.581
254.537
254.507
254.488
254.475
254.462
254.453
254.447
254.441
254.437
254.435
254.433
254.432
254.429
254.426
254.422
254.418
254.412
254.412
275.816
275.582
274.92
273.792
272.259
270.523
268.667
266.713
264.786
262.996
261.371
259.948
258.727
257.708
256.863
256.191
255.678
255.261
254.94
254.718
254.549
254.417
254.328
254.268
254.223
254.191
254.171
254.157
254.146
254.137
254.131
254.126
254.123
254.122
254.121
254.12
254.118
254.116
254.114
254.11
254.105
254.105
275.531
275.292
274.642
273.542
272.056
270.252
268.389
266.492
264.576
262.739
261.136
259.728
258.475
257.438
256.577
255.906
255.386
254.95
254.63
254.411
254.236
254.095
254.007
253.949
253.901
253.866
253.847
253.834
253.823
253.815
253.809
253.806
253.804
253.804
253.803
253.803
253.802
253.802
253.801
253.798
253.793
253.794
275.273
274.976
274.299
273.264
271.83
270.03
268.097
266.225
264.381
262.538
260.885
259.447
258.211
257.169
256.291
255.619
255.085
254.633
254.319
254.098
253.913
253.765
253.68
253.625
253.575
253.536
253.517
253.507
253.496
253.487
253.482
253.48
253.48
253.48
253.48
253.48
253.481
253.482
253.482
253.48
253.475
253.478
274.985
274.68
274.06
272.9
271.454
269.821
267.97
265.968
264.068
262.308
260.667
259.195
257.949
256.895
256.01
255.325
254.778
254.331
254.016
253.778
253.576
253.442
253.357
253.291
253.231
253.198
253.183
253.171
253.159
253.152
253.149
253.148
253.148
253.149
253.15
253.152
253.155
253.156
253.157
253.156
253.15
253.155
274.755
274.379
273.687
272.596
271.214
269.586
267.729
265.703
263.809
262.083
260.443
258.944
257.684
256.626
255.736
255.028
254.46
254.027
253.703
253.438
253.24
253.116
253.024
252.943
252.889
252.862
252.843
252.826
252.817
252.812
252.81
252.809
252.81
252.812
252.814
252.818
252.822
252.825
252.826
252.825
252.818
252.826
274.373
274.007
273.32
272.3
270.971
269.332
267.406
265.457
263.636
261.861
260.162
258.678
257.419
256.338
255.453
254.724
254.143
253.717
253.373
253.094
252.911
252.784
252.673
252.593
252.549
252.519
252.494
252.478
252.471
252.467
252.465
252.465
252.467
252.469
252.472
252.477
252.482
252.486
252.488
252.488
252.478
252.49
274.004
273.605
272.934
271.955
270.68
269.067
267.137
265.223
263.426
261.613
259.904
258.434
257.15
256.054
255.155
254.408
253.834
253.391
253.029
252.766
252.577
252.427
252.319
252.25
252.201
252.163
252.14
252.128
252.121
252.116
252.115
252.116
252.117
252.12
252.124
252.13
252.135
252.14
252.144
252.144
252.132
252.148
273.689
273.28
272.597
271.684
270.401
268.735
266.818
264.992
263.191
261.329
259.645
258.18
256.865
255.759
254.842
254.097
253.513
253.047
252.694
252.428
252.216
252.068
251.972
251.899
251.839
251.802
251.783
251.772
251.762
251.759
251.759
251.76
251.762
251.766
251.771
251.777
251.783
251.788
251.793
251.794
251.778
251.799
273.252
272.89
272.215
271.358
270.104
268.403
266.529
264.742
262.917
261.047
259.378
257.903
256.573
255.458
254.528
253.781
253.181
252.707
252.352
252.072
251.859
251.717
251.614
251.532
251.474
251.44
251.42
251.406
251.398
251.396
251.396
251.397
251.4
251.405
251.411
251.418
251.424
251.43
251.436
251.437
251.418
251.443
273.114
272.787
272.066
271.095
269.777
268.012
266.234
264.489
262.613
260.756
259.111
257.615
256.268
255.148
254.218
253.452
252.839
252.371
252
251.708
251.506
251.361
251.245
251.161
251.109
251.075
251.051
251.036
251.031
251.028
251.027
251.028
251.032
251.038
251.045
251.052
251.058
251.065
251.071
251.072
251.051
251.08
272.901
272.653
271.967
270.86
269.395
267.669
265.971
264.202
262.28
260.471
258.835
257.311
255.959
254.836
253.894
253.116
252.501
252.019
251.634
251.351
251.148
250.989
250.869
250.789
250.735
250.697
250.673
250.661
250.655
250.652
250.652
250.654
250.659
250.665
250.671
250.678
250.685
250.693
250.699
250.7
250.677
250.709
272.692
272.474
271.782
270.581
269.022
267.398
265.752
263.894
261.942
260.184
258.541
256.996
255.652
254.519
253.552
252.765
252.161
251.662
251.267
250.993
250.779
250.607
250.492
250.415
250.357
250.317
250.296
250.285
250.277
250.273
250.274
250.276
250.281
250.287
250.292
250.299
250.306
250.313
250.319
250.321
250.295
250.329
272.567
272.203
271.513
270.264
268.759
267.236
265.485
263.482
261.613
259.903
258.205
256.652
255.329
254.174
253.194
252.426
251.806
251.28
250.902
250.628
250.393
250.224
250.118
250.04
249.976
249.936
249.915
249.903
249.895
249.891
249.89
249.892
249.896
249.902
249.907
249.913
249.921
249.927
249.933
249.934
249.906
249.942
272.359
271.885
271.109
269.978
268.622
266.994
265.05
263.104
261.341
259.567
257.843
256.332
254.998
253.822
252.856
252.08
251.424
250.908
250.545
250.25
250.007
249.846
249.738
249.654
249.59
249.547
249.523
249.513
249.509
249.504
249.501
249.502
249.507
249.511
249.515
249.522
249.529
249.534
249.541
249.542
249.512
249.549
272.013
271.579
270.782
269.788
268.411
266.605
264.624
262.843
261.064
259.187
257.505
256.025
254.648
253.468
252.514
251.707
251.046
250.556
250.167
249.854
249.624
249.46
249.344
249.261
249.198
249.152
249.128
249.121
249.117
249.109
249.106
249.109
249.112
249.114
249.118
249.124
249.131
249.135
249.142
249.143
249.113
249.151
271.579
271.332
270.623
269.481
267.944
266.142
264.376
262.586
260.648
258.824
257.188
255.664
254.291
253.125
252.148
251.332
250.683
250.173
249.77
249.463
249.231
249.066
248.952
248.865
248.795
248.752
248.734
248.727
248.717
248.71
248.711
248.713
248.712
248.712
248.716
248.722
248.727
248.731
248.737
248.739
248.707
248.747
271.187
270.986
270.318
269.104
267.501
265.821
264.156
262.258
260.276
258.514
256.868
255.312
253.948
252.781
251.785
250.977
250.312
249.786
249.392
249.073
248.828
248.673
248.562
248.464
248.388
248.353
248.338
248.324
248.309
248.306
248.308
248.309
248.307
248.306
248.309
248.314
248.318
248.321
248.328
248.329
248.296
248.337
271.06
270.664
269.947
268.706
267.239
265.676
263.823
261.816
259.971
258.216
256.51
254.956
253.605
252.424
251.428
250.601
249.929
249.418
249.005
248.667
248.442
248.287
248.157
248.048
247.989
247.959
247.936
247.912
247.902
247.902
247.902
247.897
247.894
247.894
247.897
247.9
247.905
247.907
247.914
247.915
247.88
247.921
270.836
270.378
269.571
268.497
267.076
265.29
263.376
261.522
259.67
257.827
256.138
254.618
253.24
252.046
251.062
250.223
249.539
249.029
248.601
248.266
248.054
247.889
247.735
247.636
247.585
247.553
247.519
247.498
247.495
247.494
247.487
247.479
247.477
247.477
247.479
247.483
247.488
247.488
247.495
247.496
247.46
247.501
270.274
270.041
269.369
268.243
266.686
264.873
263.094
261.238
259.27
257.455
255.807
254.254
252.872
251.686
250.681
249.824
249.152
248.63
248.189
247.872
247.65
247.461
247.315
247.232
247.177
247.127
247.094
247.085
247.083
247.074
247.063
247.058
247.056
247.056
247.058
247.062
247.065
247.064
247.071
247.073
247.036
247.078
269.921
269.641
268.978
267.745
266.203
264.611
262.83
260.811
258.89
257.174
255.476
253.879
252.508
251.321
250.287
249.43
248.768
248.221
247.785
247.473
247.222
247.023
246.903
246.824
246.757
246.697
246.673
246.668
246.659
246.643
246.635
246.633
246.631
246.63
246.632
246.636
246.638
246.635
246.644
246.645
246.61
246.652
269.57
269.153
268.406
267.309
265.942
264.28
262.329
260.399
258.64
256.865
255.07
253.506
252.158
250.942
249.892
249.051
248.374
247.804
247.379
247.054
246.782
246.598
246.49
246.406
246.321
246.267
246.248
246.239
246.222
246.209
246.205
246.203
246.201
246.202
246.203
246.204
246.206
246.202
246.212
246.215
246.18
246.222
269.156
268.734
267.956
266.972
265.599
263.83
261.878
260.117
258.38
256.46
254.674
253.154
251.796
250.558
249.5
248.663
247.976
247.395
246.963
246.627
246.351
246.17
246.061
245.973
245.882
245.835
245.816
245.804
245.784
245.774
245.772
245.769
245.767
245.768
245.768
245.767
245.768
245.766
245.776
245.78
245.747
245.789
268.664
268.392
267.683
266.615
265.155
263.333
261.555
259.851
257.978
256.037
254.326
252.813
251.413
250.163
249.108
248.267
247.56
246.971
246.542
246.199
245.912
245.729
245.621
245.534
245.443
245.395
245.378
245.369
245.35
245.338
245.336
245.335
245.331
245.329
245.328
245.326
245.328
245.328
245.338
245.342
245.309
245.351
268.179
268.019
267.378
266.244
264.666
262.929
261.293
259.514
257.513
255.672
254.007
252.434
251.011
249.771
248.718
247.868
247.14
246.548
246.116
245.757
245.467
245.289
245.181
245.093
244.995
244.953
244.94
244.934
244.912
244.899
244.899
244.899
244.892
244.887
244.886
244.885
244.887
244.887
244.895
244.899
244.865
244.907
267.88
267.604
266.949
265.711
264.225
262.673
260.942
259.005
257.125
255.338
253.611
252.037
250.634
249.369
248.318
247.447
246.706
246.131
245.681
245.302
245.031
244.868
244.741
244.627
244.548
244.517
244.502
244.482
244.459
244.455
244.458
244.453
244.443
244.44
244.44
244.441
244.443
244.443
244.45
244.453
244.419
244.46
267.56
267.127
266.361
265.252
263.942
262.385
260.486
258.544
256.767
255
253.216
251.634
250.239
248.972
247.917
247.024
246.279
245.71
245.241
244.861
244.61
244.431
244.281
244.162
244.105
244.074
244.045
244.015
244.006
244.008
244.006
243.995
243.99
243.989
243.989
243.99
243.993
243.993
244.001
244.004
243.97
244.01
267.04
266.675
265.932
264.96
263.621
261.934
259.991
258.178
256.446
254.578
252.803
251.246
249.831
248.569
247.506
246.596
245.858
245.285
244.8
244.43
244.182
243.978
243.811
243.714
243.659
243.617
243.572
243.552
243.551
243.554
243.545
243.534
243.533
243.534
243.533
243.534
243.537
243.539
243.546
243.549
243.516
243.556
266.464
266.234
265.629
264.617
263.195
261.389
259.566
257.864
256.036
254.139
252.424
250.87
249.425
248.16
247.082
246.162
245.435
244.85
244.359
243.995
243.726
243.51
243.36
243.269
243.203
243.145
243.105
243.093
243.093
243.09
243.078
243.072
243.073
243.075
243.074
243.074
243.077
243.08
243.088
243.09
243.059
243.097
266.063
265.844
265.216
264.131
262.608
260.947
259.312
257.495
255.537
253.742
252.082
250.46
248.982
247.734
246.642
245.712
245.004
244.402
243.894
243.537
243.274
243.059
242.905
242.804
242.729
242.671
242.641
242.63
242.629
242.623
242.612
242.607
242.607
242.609
242.609
242.61
242.614
242.618
242.626
242.629
242.598
242.636
265.604
265.354
264.737
263.564
262.135
260.631
258.929
256.995
255.112
253.42
251.71
250.003
248.545
247.311
246.185
245.258
244.565
243.934
243.414
243.073
242.816
242.59
242.427
242.328
242.258
242.202
242.17
242.16
242.159
242.155
242.144
242.137
242.137
242.14
242.141
242.142
242.148
242.154
242.161
242.164
242.134
242.17
265.223
264.883
264.224
263.1
261.743
260.25
258.464
256.516
254.73
253.047
251.253
249.569
248.151
246.88
245.737
244.825
244.1
243.458
242.948
242.591
242.325
242.108
241.946
241.847
241.788
241.743
241.701
241.683
241.681
241.681
241.672
241.664
241.665
241.668
241.67
241.673
241.679
241.686
241.693
241.696
241.667
241.702
264.8
264.493
263.787
262.737
261.375
259.7
257.924
256.181
254.364
252.492
250.738
249.172
247.727
246.407
245.288
244.381
243.62
242.987
242.489
242.111
241.841
241.636
241.473
241.368
241.313
241.273
241.23
241.206
241.201
241.198
241.191
241.188
241.19
241.193
241.197
241.201
241.208
241.214
241.221
241.224
241.196
241.229
264.215
263.958
263.297
262.314
260.962
259.231
257.474
255.778
253.913
252.014
250.313
248.739
247.243
245.94
244.848
243.923
243.131
242.509
242.025
241.633
241.362
241.168
241.004
240.893
240.832
240.786
240.745
240.725
240.716
240.711
240.708
240.709
240.712
240.716
240.721
240.725
240.732
240.738
240.745
240.748
240.723
240.754
263.676
263.411
262.754
261.812
260.509
258.772
257.006
255.358
253.501
251.588
249.88
248.28
246.773
245.483
244.392
243.446
242.649
242.049
241.556
241.152
240.888
240.7
240.529
240.41
240.342
240.29
240.255
240.239
240.23
240.225
240.225
240.228
240.233
240.237
240.241
240.244
240.251
240.258
240.265
240.27
240.247
240.277
263.151
262.901
262.255
261.279
259.962
258.26
256.587
254.967
253.066
251.143
249.435
247.827
246.323
245.026
243.912
242.964
242.183
241.585
241.075
240.672
240.42
240.224
240.041
239.924
239.854
239.8
239.767
239.751
239.744
239.741
239.742
239.745
239.747
239.751
239.755
239.758
239.766
239.774
239.783
239.788
239.769
239.798
262.588
262.397
261.806
260.789
259.371
257.746
256.203
254.514
252.56
250.712
249.005
247.361
245.872
244.569
243.444
242.493
241.713
241.1
240.583
240.196
239.947
239.732
239.546
239.442
239.376
239.317
239.282
239.266
239.256
239.252
239.254
239.256
239.257
239.259
239.264
239.269
239.279
239.289
239.299
239.305
239.288
239.317
262.03
261.906
261.331
260.246
258.805
257.295
255.806
254.008
252.066
250.295
248.57
246.902
245.424
244.109
242.974
242.014
241.237
240.605
240.089
239.733
239.466
239.227
239.06
238.968
238.893
238.83
238.796
238.778
238.767
238.762
238.761
238.761
238.763
238.768
238.774
238.779
238.79
238.801
238.812
238.818
238.803
238.83
261.544
261.379
260.813
259.653
258.276
256.921
255.365
253.457
251.598
249.88
248.124
246.453
244.978
243.646
242.505
241.538
240.758
240.111
239.602
239.257
238.967
238.722
238.576
238.488
238.405
238.344
238.31
238.287
238.274
238.268
238.267
238.266
238.268
238.274
238.282
238.287
238.3
238.311
238.321
238.328
238.315
238.34
261.204
260.816
260.141
259.096
257.867
256.551
254.812
252.914
251.192
249.427
247.647
246.018
244.528
243.179
242.038
241.072
240.273
239.618
239.133
238.771
238.456
238.226
238.098
238
237.907
237.852
237.822
237.797
237.779
237.773
237.771
237.77
237.773
237.779
237.787
237.794
237.806
237.818
237.828
237.834
237.823
237.846
260.773
260.279
259.548
258.64
257.544
256.027
254.191
252.47
250.778
248.93
247.176
245.577
244.056
242.718
241.577
240.601
239.792
239.136
238.655
238.276
237.953
237.734
237.613
237.511
237.415
237.358
237.325
237.298
237.281
237.274
237.273
237.273
237.275
237.28
237.288
237.297
237.308
237.32
237.331
237.338
237.33
237.351
260.177
259.8
259.075
258.292
257.093
255.409
253.669
252.058
250.283
248.43
246.724
245.108
243.579
242.265
241.114
240.124
239.313
238.652
238.166
237.793
237.472
237.248
237.12
237.012
236.917
236.858
236.821
236.793
236.777
236.772
236.772
236.773
236.775
236.778
236.786
236.797
236.809
236.82
236.832
236.84
236.836
236.854
259.535
259.302
258.721
257.845
256.534
254.847
253.224
251.628
249.796
247.958
246.278
244.649
243.12
241.804
240.643
239.65
238.833
238.167
237.688
237.318
236.991
236.76
236.625
236.51
236.412
236.352
236.314
236.285
236.271
236.267
236.269
236.271
236.272
236.273
236.283
236.295
236.308
236.317
236.332
236.341
236.34
236.355
258.942
258.808
258.278
257.289
255.868
254.324
252.849
251.188
249.303
247.542
245.868
244.192
242.658
241.343
240.173
239.175
238.354
237.689
237.212
236.829
236.497
236.266
236.126
236.003
235.902
235.843
235.803
235.776
235.764
235.762
235.763
235.764
235.765
235.77
235.779
235.788
235.802
235.816
235.832
235.842
235.842
235.855
258.464
258.289
257.735
256.613
255.264
253.925
252.441
250.631
248.836
247.177
245.431
243.708
242.2
240.891
239.704
238.696
237.879
237.218
236.727
236.329
235.996
235.768
235.626
235.496
235.394
235.335
235.295
235.269
235.259
235.255
235.255
235.255
235.258
235.264
235.273
235.282
235.299
235.317
235.333
235.341
235.341
235.353
258.102
257.706
257.028
256.036
254.865
253.538
251.858
250.081
248.446
246.76
244.918
243.231
241.762
240.429
239.227
238.216
237.409
236.744
236.231
235.824
235.495
235.27
235.123
234.989
234.887
234.828
234.79
234.765
234.753
234.748
234.747
234.748
234.751
234.759
234.767
234.78
234.798
234.814
234.827
234.836
234.839
234.849
257.574
257.167
256.458
255.64
254.506
252.964
251.254
249.667
248.044
246.184
244.407
242.809
241.307
239.947
238.746
237.742
236.936
236.258
235.731
235.321
234.994
234.772
234.618
234.481
234.381
234.323
234.286
234.261
234.248
234.243
234.243
234.243
234.246
234.253
234.263
234.277
234.293
234.308
234.319
234.33
234.335
234.342
256.911
256.71
256.144
255.222
253.922
252.36
250.826
249.292
247.483
245.625
243.971
242.363
240.82
239.464
238.273
237.273
236.455
235.765
235.234
234.823
234.497
234.273
234.112
233.974
233.877
233.821
233.783
233.756
233.743
233.739
233.738
233.738
233.741
233.746
233.757
233.771
233.786
233.8
233.811
233.82
233.826
233.832
256.433
256.259
255.71
254.631
253.3
251.918
250.483
248.751
246.887
245.207
243.538
241.861
240.332
238.995
237.802
236.796
235.964
235.271
234.738
234.322
233.994
233.768
233.6
233.462
233.369
233.313
233.274
233.246
233.233
233.229
233.228
233.229
233.23
233.236
233.247
233.261
233.275
233.288
233.299
233.308
233.316
233.322
256.051
255.703
255.052
254.074
252.878
251.57
249.952
248.125
246.451
244.811
243.044
241.37
239.882
238.521
237.32
236.31
235.469
234.776
234.24
233.814
233.483
233.254
233.081
232.944
232.852
232.797
232.756
232.73
232.717
232.713
232.712
232.712
232.714
232.72
232.73
232.744
232.757
232.769
232.781
232.791
232.8
232.805
255.515
255.14
254.465
253.606
252.505
251.064
249.318
247.645
246.077
244.314
242.538
240.932
239.426
238.026
236.831
235.823
234.971
234.278
233.735
233.299
232.967
232.738
232.559
232.419
232.328
232.272
232.232
232.206
232.195
232.191
232.189
232.189
232.191
232.198
232.208
232.22
232.233
232.245
232.257
232.268
232.277
232.282
254.887
254.622
253.973
253.169
251.993
250.4
248.772
247.291
245.623
243.771
242.07
240.484
238.923
237.52
236.345
235.326
234.465
233.775
233.222
232.779
232.45
232.218
232.032
231.889
231.798
231.742
231.701
231.676
231.665
231.661
231.659
231.658
231.661
231.669
231.679
231.69
231.702
231.715
231.728
231.739
231.747
231.752
254.299
254.142
253.597
252.633
251.29
249.806
248.391
246.85
245.035
243.259
241.637
239.965
238.387
237.027
235.848
234.807
233.949
233.262
232.702
232.261
231.936
231.693
231.5
231.357
231.265
231.205
231.163
231.139
231.129
231.125
231.123
231.122
231.126
231.134
231.144
231.154
231.166
231.18
231.193
231.204
231.212
231.216
253.838
253.632
253.083
251.995
250.699
249.417
247.966
246.215
244.456
242.838
241.124
239.412
237.881
236.532
235.321
234.282
233.434
232.734
232.168
231.74
231.411
231.155
230.963
230.824
230.727
230.663
230.621
230.597
230.586
230.582
230.58
230.581
230.585
230.593
230.603
230.613
230.625
230.639
230.652
230.662
230.67
230.674
253.44
253.047
252.376
251.44
250.333
249.001
247.338
245.583
243.987
242.314
240.531
238.876
237.384
236.004
234.789
233.764
232.913
232.198
231.64
231.216
230.871
230.606
230.422
230.285
230.184
230.119
230.077
230.051
230.038
230.033
230.032
230.033
230.038
230.046
230.055
230.066
230.078
230.092
230.105
230.114
230.122
230.126
252.888
252.499
251.801
250.999
249.906
248.399
246.678
245.109
243.52
241.699
239.958
238.376
236.854
235.467
234.259
233.237
232.374
231.655
231.106
230.676
230.321
230.059
229.875
229.734
229.633
229.57
229.527
229.499
229.485
229.48
229.48
229.481
229.484
229.492
229.502
229.513
229.526
229.539
229.551
229.561
229.568
229.573
252.21
251.968
251.364
250.515
249.29
247.704
246.146
244.683
242.94
241.092
239.446
237.865
236.315
234.938
233.73
232.702
231.828
231.108
230.556
230.114
229.762
229.509
229.32
229.175
229.076
229.013
228.968
228.94
228.927
228.924
228.923
228.923
228.926
228.933
228.942
228.954
228.968
228.981
228.992
229.001
229.009
229.014
251.596
251.466
250.916
249.914
248.565
247.123
245.725
244.097
242.261
240.542
238.941
237.301
235.758
234.41
233.203
232.164
231.287
230.567
230.003
229.55
229.203
228.952
228.757
228.611
228.514
228.448
228.401
228.375
228.365
228.362
228.359
228.359
228.362
228.368
228.377
228.39
228.404
228.417
228.428
228.437
228.445
228.45
251.145
250.873
250.224
249.322
248.12
246.655
245.087
243.439
241.725
240.033
238.36
236.724
235.223
233.876
232.662
231.618
230.738
230.019
229.444
228.986
228.642
228.387
228.189
228.045
227.947
227.877
227.831
227.808
227.799
227.792
227.789
227.789
227.792
227.798
227.807
227.819
227.834
227.847
227.858
227.868
227.876
227.88
250.527
250.27
249.638
248.796
247.577
246.029
244.428
242.911
241.221
239.456
237.779
236.194
234.683
233.316
232.105
231.06
230.179
229.46
228.878
228.419
228.076
227.815
227.614
227.472
227.374
227.304
227.261
227.239
227.226
227.217
227.213
227.213
227.216
227.221
227.231
227.244
227.257
227.271
227.283
227.293
227.301
227.305
249.84
249.693
249.153
248.188
246.859
245.382
243.966
242.394
240.6
238.87
237.271
235.649
234.108
232.75
231.54
230.488
229.607
228.889
228.305
227.848
227.504
227.237
227.037
226.896
226.797
226.729
226.687
226.664
226.647
226.637
226.632
226.632
226.634
226.64
226.65
226.662
226.676
226.69
226.703
226.713
226.721
226.724
249.277
249.092
248.555
247.485
246.193
244.9
243.45
241.716
239.967
238.385
236.718
235.049
233.538
232.187
230.966
229.912
229.034
228.313
227.728
227.274
226.922
226.651
226.455
226.316
226.216
226.147
226.105
226.079
226.062
226.052
226.048
226.047
226.049
226.055
226.064
226.076
226.09
226.104
226.117
226.127
226.134
226.137
248.801
248.439
247.792
246.849
245.704
244.381
242.757
241.039
239.471
237.848
236.091
234.448
232.983
231.613
230.386
229.335
228.459
227.735
227.152
226.695
226.335
226.062
225.869
225.731
225.629
225.558
225.513
225.486
225.47
225.462
225.459
225.458
225.46
225.466
225.474
225.486
225.499
225.514
225.527
225.536
225.543
225.546
248.172
247.827
247.141
246.31
245.176
243.685
242.05
240.516
238.966
237.18
235.464
233.904
232.409
231.023
229.805
228.758
227.88
227.154
226.57
226.108
225.745
225.475
225.28
225.138
225.035
224.963
224.916
224.888
224.873
224.867
224.864
224.864
224.867
224.872
224.879
224.891
224.905
224.918
224.931
224.941
224.948
224.951
247.424
247.228
246.664
245.742
244.468
242.958
241.483
240.033
238.292
236.503
234.912
233.343
231.799
230.431
229.225
228.18
227.296
226.567
225.983
225.515
225.154
224.886
224.685
224.538
224.435
224.364
224.316
224.288
224.274
224.268
224.266
224.266
224.268
224.273
224.281
224.292
224.305
224.319
224.331
224.341
224.349
224.353
246.83
246.631
246.08
245.006
243.704
242.404
241.01
239.325
237.569
235.972
234.349
232.698
231.187
229.848
228.639
227.592
226.704
225.977
225.391
224.921
224.561
224.291
224.085
223.936
223.832
223.761
223.713
223.684
223.67
223.665
223.664
223.665
223.666
223.671
223.679
223.689
223.702
223.715
223.728
223.738
223.747
223.752
246.334
245.941
245.277
244.352
243.227
241.872
240.266
238.601
237.039
235.384
233.664
232.056
230.615
229.259
228.044
226.994
226.11
225.387
224.796
224.324
223.963
223.689
223.482
223.331
223.227
223.155
223.108
223.079
223.065
223.06
223.059
223.059
223.061
223.065
223.072
223.082
223.095
223.108
223.121
223.132
223.141
223.147
245.595
245.362
244.739
243.827
242.607
241.137
239.611
238.091
236.415
234.677
233.025
231.492
230.022
228.656
227.436
226.395
225.522
224.792
224.195
223.725
223.362
223.084
222.875
222.725
222.619
222.547
222.5
222.472
222.457
222.452
222.451
222.45
222.451
222.454
222.461
222.472
222.484
222.498
222.511
222.522
222.531
222.537
244.959
244.739
244.194
243.164
241.875
240.576
239.108
237.427
235.693
234.085
232.487
230.891
229.414
228.048
226.835
225.811
224.929
224.187
223.592
223.125
222.758
222.477
222.267
222.116
222.01
221.936
221.889
221.862
221.848
221.842
221.838
221.837
221.837
221.839
221.846
221.858
221.871
221.885
221.899
221.91
221.919
221.924
244.409
244.052
243.408
242.5
241.401
240.026
238.395
236.704
235.158
233.54
231.873
230.294
228.814
227.44
226.254
225.227
224.327
223.584
222.993
222.522
222.15
221.867
221.657
221.505
221.397
221.323
221.276
221.249
221.234
221.226
221.222
221.22
221.219
221.221
221.228
221.24
221.254
221.27
221.284
221.294
221.303
221.307
243.676
243.434
242.822
241.958
240.771
239.261
237.69
236.233
234.612
232.9
231.273
229.726
228.213
226.858
225.679
224.627
223.725
222.987
222.392
221.916
221.541
221.256
221.045
220.891
220.781
220.707
220.661
220.633
220.616
220.607
220.602
220.599
220.598
220.6
220.608
220.62
220.635
220.651
220.665
220.676
220.684
220.688
243.007
242.827
242.268
241.259
239.967
238.594
237.243
235.657
233.948
232.312
230.731
229.126
227.624
226.294
225.084
224.024
223.131
222.389
221.786
221.306
220.93
220.644
220.43
220.273
220.162
220.089
220.041
220.012
219.995
219.984
219.979
219.977
219.976
219.979
219.986
219.999
220.014
220.03
220.044
220.055
220.063
220.067
242.481
242.126
241.471
240.527
239.389
238.143
236.612
234.936
233.353
231.805
230.135
228.52
227.066
225.705
224.479
223.429
222.533
221.785
221.178
220.695
220.318
220.029
219.813
219.655
219.543
219.468
219.418
219.388
219.373
219.361
219.356
219.354
219.353
219.357
219.365
219.378
219.393
219.408
219.421
219.433
219.442
219.446
241.743
241.478
240.825
239.989
238.849
237.423
235.865
234.389
232.856
231.167
229.507
227.962
226.474
225.095
223.882
222.827
221.928
221.176
220.566
220.082
219.703
219.412
219.195
219.037
218.924
218.847
218.796
218.765
218.751
218.739
218.735
218.733
218.733
218.737
218.746
218.758
218.772
218.786
218.8
218.812
218.821
218.827
241.087
240.886
240.299
239.375
238.125
236.706
235.295
233.856
232.19
230.496
228.886
227.355
225.873
224.507
223.284
222.231
221.329
220.569
219.958
219.473
219.089
218.796
218.579
218.421
218.307
218.229
218.179
218.147
218.132
218.122
218.118
218.116
218.118
218.122
218.131
218.142
218.154
218.168
218.182
218.194
218.204
218.211
240.51
240.265
239.698
238.672
237.421
236.196
234.787
233.148
231.467
229.89
228.305
226.726
225.256
223.892
222.674
221.625
220.714
219.959
219.356
218.865
218.477
218.184
217.967
217.807
217.694
217.617
217.568
217.538
217.521
217.511
217.508
217.507
217.51
217.514
217.522
217.532
217.544
217.558
217.572
217.583
217.593
217.6
239.965
239.627
239.006
238.035
236.852
235.656
234.141
232.44
230.834
229.322
227.687
226.087
224.632
223.276
222.067
221.012
220.101
219.357
218.75
218.254
217.869
217.579
217.361
217.202
217.091
217.014
216.966
216.939
216.92
216.912
216.908
216.909
216.911
216.915
216.922
216.932
216.945
216.959
216.972
216.983
216.992
216.998
239.374
238.958
238.293
237.419
236.386
235.014
233.395
231.785
230.319
228.69
227.032
225.488
224.032
222.665
221.463
220.406
219.501
218.755
218.138
217.647
217.271
216.982
216.765
216.609
216.501
216.427
216.378
216.353
216.334
216.328
216.324
216.326
216.327
216.331
216.337
216.349
216.363
216.377
216.39
216.399
216.406
216.411
238.624
238.383
237.77
236.918
235.729
234.257
232.746
231.32
229.694
228.011
226.441
224.925
223.423
222.071
220.877
219.813
218.909
218.154
217.538
217.058
216.687
216.399
216.187
216.036
215.93
215.859
215.812
215.788
215.772
215.765
215.762
215.763
215.764
215.768
215.775
215.788
215.802
215.817
215.829
215.836
215.843
215.845
238.021
237.808
237.264
236.241
234.97
233.677
232.288
230.678
229.004
227.445
225.89
224.304
222.823
221.501
220.287
219.223
218.321
217.565
216.959
216.485
216.116
215.836
215.632
215.486
215.384
215.317
215.275
215.252
215.239
215.232
215.23
215.231
215.231
215.236
215.244
215.258
215.272
215.287
215.299
215.306
215.311
215.312
237.54
237.177
236.523
235.609
234.501
233.153
231.602
229.991
228.489
226.9
225.254
223.693
222.266
220.916
219.697
218.645
217.744
216.997
216.401
215.931
215.57
215.303
215.11
214.971
214.874
214.813
214.775
214.754
214.744
214.737
214.737
214.737
214.738
214.744
214.754
214.766
214.78
214.795
214.807
214.814
214.819
214.82
236.855
236.623
236.015
235.11
233.899
232.449
230.957
229.519
227.908
226.243
224.645
223.14
221.675
220.321
219.122
218.072
217.177
216.443
215.858
215.401
215.057
214.806
214.624
214.496
214.411
214.357
214.323
214.305
214.3
214.294
214.294
214.294
214.297
214.303
214.314
214.325
214.338
214.352
214.365
214.372
214.378
214.379
236.317
236.083
235.518
234.482
233.213
231.931
230.516
228.907
227.248
225.672
224.11
222.552
221.093
219.758
218.557
217.514
216.636
215.916
215.346
214.912
214.59
214.357
214.19
214.078
214.004
213.959
213.933
213.917
213.914
213.91
213.91
213.911
213.918
213.923
213.933
213.944
213.957
213.97
213.983
213.991
213.998
214.001
235.873
235.498
234.835
233.929
232.818
231.438
229.872
228.27
226.755
225.146
223.52
221.987
220.549
219.204
218.011
216.984
216.121
215.419
214.874
214.468
214.172
213.962
213.817
213.72
213.656
213.619
213.603
213.592
213.592
213.588
213.591
213.596
213.604
213.608
213.618
213.627
213.638
213.649
213.661
213.669
213.676
213.68
235.282
235.042
234.422
233.494
232.277
230.822
229.332
227.871
226.249
224.598
223.019
221.494
220.025
218.695
217.515
216.496
215.649
214.973
214.462
214.086
213.818
213.637
213.517
213.441
213.394
213.369
213.364
213.359
213.363
213.361
213.368
213.376
213.385
213.39
213.401
213.41
213.42
213.43
213.441
213.447
213.454
213.46
234.836
234.591
234.004
232.952
231.668
230.383
228.982
227.377
225.725
224.165
222.582
221.003
219.553
218.237
217.049
216.042
215.216
214.574
214.102
213.765
213.535
213.383
213.285
213.226
213.194
213.179
213.176
213.172
213.174
213.175
213.182
213.189
213.196
213.202
213.21
213.218
213.226
213.233
213.243
213.249
213.255
213.262
234.499
234.085
233.399
232.462
231.365
230.037
228.484
226.884
225.371
223.774
222.136
220.582
219.153
217.807
216.627
215.642
214.845
214.245
213.813
213.51
213.31
213.197
213.143
213.118
213.117
213.123
213.141
213.158
213.172
213.183
213.192
213.2
213.207
213.214
213.22
213.227
213.23
213.234
213.239
213.24
213.244
213.248
233.981
233.697
233.032
232.183
231.013
229.557
228.025
226.592
225.017
223.347
221.751
220.245
218.761
217.412
216.261
215.294
214.525
213.959
213.56
213.306
213.183
213.145
213.136
213.144
213.157
213.175
213.199
213.222
213.24
213.254
213.264
213.272
213.279
213.286
213.291
213.298
213.301
213.305
213.309
213.31
213.312
213.315
233.585
233.391
232.81
231.8
230.512
229.164
227.823
226.261
224.591
222.977
221.44
219.869
218.379
217.067
215.926
214.972
214.239
213.723
213.403
213.256
213.207
213.194
213.211
213.244
213.289
213.335
213.378
213.41
213.434
213.451
213.464
213.473
213.479
213.486
213.488
213.495
213.496
213.5
213.503
213.502
213.502
213.504
233.432
233.053
232.386
231.405
230.231
228.954
227.449
225.814
224.234
222.698
221.074
219.487
218.044
216.732
215.591
214.669
214.008
213.599
213.388
213.309
213.303
213.335
213.4
213.481
213.57
213.653
213.718
213.764
213.797
213.82
213.835
213.847
213.852
213.858
213.858
213.863
213.861
213.863
213.864
213.86
213.858
213.859
233.168
232.796
232.076
231.207
230.057
228.615
227.035
225.54
224.019
222.354
220.708
219.183
217.728
216.401
215.295
214.443
213.902
213.612
213.483
213.457
213.524
213.617
213.745
213.892
214.038
214.162
214.256
214.323
214.37
214.403
214.423
214.437
214.443
214.449
214.449
214.45
214.446
214.442
214.44
214.433
214.428
214.427
232.851
232.625
231.991
231.005
229.717
228.283
226.868
225.354
223.683
222.029
220.456
218.894
217.395
216.1
215.067
214.331
213.929
213.758
213.714
213.754
213.88
214.073
214.298
214.528
214.736
214.904
215.034
215.131
215.197
215.239
215.267
215.288
215.297
215.305
215.306
215.303
215.294
215.285
215.279
215.266
215.258
215.256
232.901
232.574
231.95
230.877
229.604
228.297
226.805
225.159
223.503
221.921
220.295
218.685
217.224
215.973
215.02
214.411
214.115
214.036
214.088
214.224
214.448
214.762
215.102
215.424
215.701
215.922
216.094
216.222
216.311
216.368
216.407
216.435
216.452
216.462
216.467
216.462
216.45
216.436
216.428
216.408
216.394
216.391
232.966
232.666
231.988
230.981
229.73
228.295
226.764
225.185
223.527
221.829
220.152
218.551
217.095
215.897
215.114
214.688
214.529
214.538
214.667
214.918
215.294
215.741
216.211
216.635
216.986
217.261
217.468
217.624
217.736
217.806
217.854
217.89
217.914
217.93
217.94
217.935
217.927
217.912
217.906
217.881
217.863
217.858
233.197
232.844
232.178
231.13
229.857
228.47
226.934
225.272
223.587
221.902
220.191
218.558
217.114
216.021
215.418
215.151
215.099
215.202
215.453
215.892
216.445
217.061
217.665
218.189
218.612
218.939
219.179
219.352
219.477
219.558
219.609
219.646
219.673
219.691
219.704
219.703
219.699
219.688
219.688
219.664
219.646
219.642
233.569
233.181
232.488
231.43
230.182
228.804
227.213
225.48
223.775
222.051
220.278
218.632
217.267
216.356
215.929
215.821
215.871
216.072
216.511
217.147
217.913
218.712
219.439
220.05
220.538
220.911
221.178
221.365
221.496
221.585
221.636
221.671
221.695
221.71
221.722
221.722
221.717
221.707
221.71
221.688
221.674
221.674
234.103
233.682
232.945
231.918
230.701
229.237
227.557
225.801
224.052
222.238
220.425
218.835
217.619
216.933
216.689
216.681
216.816
217.181
217.849
218.719
219.706
220.656
221.482
222.163
222.7
223.101
223.385
223.577
223.709
223.799
223.852
223.883
223.902
223.91
223.916
223.916
223.904
223.887
223.882
223.856
223.843
223.845
234.597
234.242
233.579
232.51
231.186
229.706
228.038
226.224
224.353
222.464
220.65
219.143
218.153
217.683
217.581
217.687
217.991
218.571
219.493
220.611
221.769
222.837
223.74
224.463
225.023
225.434
225.717
225.903
226.023
226.104
226.153
226.174
226.179
226.176
226.171
226.166
226.142
226.114
226.096
226.063
226.046
226.046
235.161
234.843
234.198
233.079
231.735
230.23
228.486
226.591
224.664
222.716
220.937
219.63
218.888
218.621
218.593
218.768
219.299
220.168
221.354
222.696
224.009
225.161
226.094
226.828
227.393
227.797
228.068
228.244
228.352
228.412
228.435
228.437
228.43
228.412
228.389
228.367
228.325
228.28
228.247
228.202
228.176
228.171
235.89
235.486
234.72
233.674
232.302
230.634
228.785
226.854
224.845
222.862
221.255
220.248
219.735
219.611
219.645
219.942
220.727
221.913
223.33
224.878
226.307
227.466
228.394
229.134
229.681
230.061
230.318
230.482
230.569
230.602
230.606
230.593
230.564
230.521
230.472
230.427
230.361
230.302
230.259
230.202
230.163
230.149
236.33
235.993
235.262
234.159
232.708
230.965
229.102
227.1
224.961
223.016
221.633
220.875
220.566
220.52
220.617
221.11
222.207
223.691
225.37
227.067
228.486
229.618
230.553
231.261
231.763
232.123
232.366
232.507
232.569
232.583
232.575
232.549
232.501
232.437
232.366
232.301
232.218
232.142
232.082
232.009
231.963
231.941
236.683
236.418
235.665
234.453
232.831
230.98
229.056
226.936
224.823
223.113
222.081
221.528
221.367
221.414
221.585
222.27
223.633
225.398
227.313
229.043
230.406
231.543
232.444
233.092
233.562
233.9
234.121
234.242
234.291
234.299
234.288
234.254
234.198
234.126
234.047
233.973
233.875
233.783
233.705
233.615
233.556
233.526
236.818
236.524
235.751
234.455
232.771
230.915
228.902
226.713
224.73
223.306
222.456
222.032
221.938
221.999
222.342
223.335
224.99
227.007
229.063
230.712
232.035
233.16
233.991
234.576
235.011
235.324
235.529
235.645
235.695
235.709
235.704
235.678
235.628
235.562
235.488
235.414
235.316
235.221
235.138
235.043
234.976
234.937
236.756
236.421
235.627
234.287
232.563
230.685
228.554
226.37
224.523
223.31
222.64
222.386
222.372
222.459
223.011
224.331
226.26
228.499
230.59
232.118
233.408
234.48
235.211
235.728
236.133
236.426
236.615
236.725
236.78
236.803
236.808
236.798
236.769
236.724
236.67
236.614
236.535
236.456
236.386
236.305
236.244
236.205
236.499
236.06
235.188
233.866
232.277
230.272
228.052
225.856
224.191
223.235
222.782
222.63
222.653
222.87
223.698
225.293
227.418
229.837
231.893
233.314
234.551
235.518
236.143
236.612
236.987
237.247
237.42
237.533
237.6
237.636
237.652
237.656
237.649
237.631
237.604
237.578
237.533
237.488
237.448
237.401
237.361
237.332
235.844
235.488
234.688
233.446
231.728
229.675
227.425
225.41
223.886
222.996
222.731
222.647
222.737
223.215
224.404
226.207
228.489
231.005
232.978
234.308
235.46
236.315
236.864
237.288
237.617
237.845
238.01
238.128
238.206
238.256
238.29
238.314
238.329
238.338
238.345
238.354
238.345
238.337
238.332
238.318
238.304
238.288
235.068
234.807
234.092
232.807
231.037
229.006
226.898
225.004
223.629
222.911
222.604
222.507
222.779
223.621
225.102
227.098
229.514
232.05
233.91
235.141
236.189
236.937
237.419
237.791
238.073
238.28
238.443
238.568
238.658
238.725
238.781
238.826
238.862
238.896
238.931
238.967
238.985
239.008
239.029
239.041
239.048
239.044
234.342
234.023
233.312
232.048
230.314
228.439
226.428
224.624
223.397
222.721
222.412
222.469
222.946
224.074
225.77
228.034
230.527
232.971
234.695
235.892
236.841
237.459
237.878
238.202
238.441
238.631
238.789
238.913
239.009
239.086
239.152
239.209
239.263
239.318
239.376
239.436
239.467
239.509
239.549
239.577
239.594
239.597
233.994
233.493
232.588
231.318
229.66
227.71
225.706
224.103
223.183
222.696
222.486
222.663
223.277
224.436
226.425
228.997
231.627
233.86
235.469
236.657
237.442
237.935
238.296
238.562
238.763
238.932
239.072
239.186
239.284
239.369
239.44
239.5
239.56
239.624
239.691
239.765
239.81
239.863
239.911
239.946
239.97
239.978
233.573
233.075
232.123
230.777
228.98
226.888
225.001
223.7
223.058
222.788
222.767
223.046
223.639
224.979
227.231
230.061
232.794
234.749
236.251
237.354
237.985
238.39
238.684
238.891
239.056
239.193
239.308
239.412
239.506
239.586
239.655
239.714
239.773
239.833
239.897
239.971
240.021
240.076
240.124
240.161
240.188
240.201
232.893
232.523
231.63
230.248
228.382
226.373
224.703
223.694
223.095
222.856
222.927
223.285
224.16
225.813
228.268
231.217
233.827
235.71
237.09
237.996
238.528
238.849
239.057
239.209
239.326
239.427
239.527
239.621
239.7
239.765
239.821
239.872
239.923
239.974
240.029
240.097
240.142
240.196
240.247
240.281
240.305
240.32
232.304
231.989
231.149
229.695
227.827
225.958
224.555
223.627
223.201
223.067
223.211
223.621
224.751
226.829
229.495
232.367
234.874
236.667
237.855
238.615
239.04
239.268
239.411
239.504
239.569
239.643
239.729
239.804
239.864
239.914
239.958
239.997
240.034
240.069
240.11
240.164
240.198
240.237
240.27
240.289
240.305
240.317
231.992
231.572
230.598
229.1
227.304
225.638
224.411
223.616
223.318
223.4
223.626
224.095
225.557
227.865
230.626
233.529
235.958
237.517
238.517
239.182
239.501
239.626
239.697
239.756
239.802
239.853
239.906
239.958
240.008
240.052
240.085
240.107
240.125
240.141
240.163
240.197
240.215
240.238
240.259
240.272
240.282
240.291
231.66
231.15
230.092
228.563
226.855
225.348
224.119
223.604
223.589
223.817
224.118
224.808
226.489
228.824
231.743
234.722
236.865
238.223
239.115
239.659
239.888
239.941
239.955
239.981
240.01
240.034
240.061
240.098
240.138
240.169
240.185
240.196
240.202
240.205
240.211
240.226
240.227
240.234
240.24
240.24
240.24
240.242
231.016
230.579
229.605
228.183
226.501
224.991
224.142
223.817
223.953
224.129
224.458
225.527
227.426
229.861
232.972
235.878
237.608
238.75
239.654
240.047
240.154
240.175
240.173
240.168
240.161
240.161
240.174
240.206
240.242
240.262
240.267
240.269
240.265
240.257
240.251
240.254
240.241
240.237
240.23
240.215
240.204
240.198
230.468
229.941
228.956
227.614
226.174
224.857
224.181
223.928
224.151
224.422
224.925
226.3
228.312
230.901
234.169
236.816
238.211
239.228
240.026
240.308
240.346
240.344
240.322
240.283
240.254
240.245
240.256
240.286
240.318
240.332
240.336
240.33
240.317
240.303
240.292
240.288
240.267
240.253
240.241
240.225
240.212
240.204
230.058
229.604
228.538
227.057
225.585
224.532
224.14
224.029
224.316
224.781
225.392
226.802
228.935
231.919
235.178
237.38
238.699
239.77
240.369
240.513
240.525
240.507
240.452
240.387
240.326
240.305
240.308
240.331
240.36
240.379
240.391
240.381
240.365
240.35
240.335
240.326
240.302
240.285
240.271
240.255
240.239
240.229
229.58
229.156
228.142
226.592
225.073
224.256
224.135
224.218
224.47
225.027
225.692
226.981
229.555
232.967
235.937
237.826
239.261
240.247
240.612
240.676
240.671
240.626
240.534
240.452
240.366
240.34
240.339
240.353
240.376
240.394
240.405
240.396
240.39
240.385
240.373
240.365
240.346
240.332
240.322
240.311
240.299
240.289
229.079
228.449
227.573
226.121
224.87
224.407
224.22
224.224
224.592
225.152
225.884
227.402
230.385
233.881
236.445
238.248
239.721
240.515
240.771
240.798
240.769
240.693
240.572
240.464
240.372
240.341
240.335
240.349
240.374
240.396
240.413
240.405
240.407
240.408
240.404
240.406
240.397
240.392
240.391
240.389
240.385
240.378
228.506
227.838
226.918
225.832
224.782
224.44
224.217
224.293
224.635
225.217
226.193
228.071
231.244
234.585
236.921
238.738
240.034
240.674
240.89
240.903
240.854
240.744
240.6
240.475
240.381
240.341
240.33
240.343
240.369
240.398
240.422
240.417
240.423
240.43
240.437
240.449
240.449
240.457
240.467
240.473
240.476
240.473
227.908
227.482
226.593
225.513
224.573
224.156
224.126
224.342
224.758
225.291
226.619
228.854
231.923
235.105
237.643
239.281
240.284
240.853
241.029
240.997
240.909
240.774
240.624
240.482
240.375
240.333
240.324
240.336
240.362
240.395
240.422
240.428
240.44
240.454
240.472
240.495
240.503
240.521
240.54
240.553
240.561
240.561
227.281
226.897
226.157
225.261
224.632
224.309
224.198
224.268
224.578
225.409
227.157
229.638
232.624
235.755
238.201
239.666
240.617
241.036
241.105
241.063
240.978
240.829
240.646
240.474
240.372
240.328
240.319
240.326
240.349
240.385
240.419
240.437
240.459
240.483
240.511
240.541
240.555
240.581
240.605
240.624
240.637
240.641
226.581
226.376
225.797
225.124
224.676
224.423
224.272
224.236
224.588
225.654
227.617
230.311
233.458
236.324
238.633
240.138
240.87
241.143
241.218
241.197
241.088
240.88
240.646
240.464
240.382
240.338
240.325
240.33
240.35
240.385
240.421
240.447
240.477
240.511
240.543
240.577
240.595
240.623
240.649
240.672
240.689
240.693
226.481
226.042
225.405
224.855
224.544
224.264
224.156
224.387
224.986
226.073
227.945
230.909
234.277
236.97
239.14
240.52
241.044
241.276
241.369
241.335
241.182
240.923
240.652
240.473
240.421
240.352
240.33
240.335
240.355
240.394
240.437
240.463
240.495
240.533
240.566
240.601
240.623
240.651
240.678
240.705
240.724
240.727
226.364
226.016
225.355
224.619
224.134
223.959
224.158
224.609
225.329
226.55
228.631
231.633
234.977
237.665
239.647
240.76
241.224
241.425
241.526
241.45
241.246
240.962
240.696
240.52
240.445
240.367
240.344
240.346
240.366
240.41
240.463
240.486
240.516
240.552
240.584
240.618
240.641
240.667
240.693
240.717
240.735
240.733
226.053
225.649
225.096
224.592
224.348
224.143
224.261
224.633
225.412
227.096
229.587
232.521
235.619
238.36
240.087
240.96
241.456
241.707
241.671
241.532
241.291
241.003
240.779
240.594
240.459
240.395
240.376
240.375
240.391
240.433
240.485
240.509
240.534
240.564
240.592
240.621
240.639
240.662
240.688
240.711
240.728
240.724
225.586
225.373
225.014
224.669
224.511
224.448
224.419
224.634
225.576
227.632
230.377
233.365
236.344
238.924
240.368
241.245
241.772
241.87
241.787
241.622
241.378
241.128
240.874
240.629
240.485
240.441
240.412
240.411
240.429
240.467
240.508
240.531
240.55
240.573
240.597
240.62
240.632
240.653
240.678
240.696
240.708
240.702
225.517
225.286
224.876
224.631
224.578
224.521
224.487
224.9
226.027
228.002
230.811
234.122
237.163
239.323
240.729
241.638
241.983
241.965
241.891
241.733
241.51
241.237
240.92
240.672
240.529
240.492
240.448
240.449
240.466
240.495
240.524
240.548
240.566
240.583
240.605
240.632
240.628
240.645
240.668
240.682
240.688
240.681
225.797
225.328
224.812
224.491
224.5
224.422
224.687
225.351
226.537
228.417
231.259
234.759
237.805
239.705
241.156
241.907
242.121
242.111
242.038
241.896
241.654
241.285
240.942
240.716
240.594
240.547
240.49
240.49
240.498
240.519
240.544
240.568
240.587
240.593
240.611
240.653
240.62
240.634
240.655
240.663
240.666
240.66
225.964
225.453
224.873
224.456
224.235
224.47
224.893
225.738
226.939
228.922
231.785
235.282
238.228
240.126
241.515
242.11
242.244
242.264
242.211
242.068
241.74
241.332
240.982
240.778
240.65
240.586
240.529
240.529
240.531
240.548
240.574
240.599
240.618
240.614
240.624
240.667
240.62
240.63
240.643
240.643
240.642
240.637
225.953
225.519
224.906
224.501
224.38
224.538
225.056
225.953
227.159
229.449
232.409
235.732
238.575
240.652
241.815
242.187
242.373
242.428
242.383
242.161
241.785
241.378
241.058
240.845
240.691
240.619
240.553
240.55
240.555
240.576
240.606
240.628
240.643
240.637
240.643
240.679
240.627
240.637
240.648
240.647
240.646
240.641
225.758
225.449
225.028
224.78
224.746
224.758
225.114
225.859
227.348
229.956
233.1
236.126
238.992
241.058
241.92
242.329
242.532
242.627
242.497
242.202
241.82
241.437
241.159
240.899
240.72
240.65
240.582
240.575
240.582
240.606
240.637
240.658
240.672
240.666
240.661
240.673
240.636
240.649
240.663
240.661
240.663
240.661
225.621
225.371
225.126
225.021
225.028
225.051
225.211
225.806
227.564
230.381
233.629
236.61
239.358
241.282
242.025
242.478
242.752
242.74
242.569
242.257
241.876
241.538
241.223
240.938
240.754
240.68
240.618
240.605
240.615
240.64
240.668
240.688
240.699
240.692
240.682
240.679
240.654
240.666
240.682
240.683
240.688
240.686
225.653
225.45
225.188
225.161
225.186
225.231
225.434
226.138
227.874
230.635
234.005
237.181
239.723
241.37
242.237
242.714
242.88
242.796
242.616
242.319
241.956
241.595
241.233
240.956
240.792
240.69
240.635
240.62
240.633
240.658
240.685
240.705
240.714
240.711
240.704
240.704
240.687
240.698
240.714
240.717
240.726
240.722
225.938
225.607
225.312
225.222
225.288
225.274
225.668
226.664
228.369
230.93
234.379
237.64
240.034
241.572
242.454
242.855
242.95
242.87
242.682
242.382
242.019
241.624
241.246
240.965
240.788
240.702
240.643
240.64
240.652
240.672
240.696
240.718
240.734
240.734
240.734
240.741
240.73
240.745
240.764
240.765
240.774
240.766
226.294
225.894
225.485
225.254
225.234
225.428
225.976
227.2
228.928
231.384
234.801
238.041
240.396
241.888
242.56
242.924
243.044
242.979
242.777
242.438
242.026
241.638
241.269
240.986
240.799
240.712
240.651
240.656
240.672
240.692
240.716
240.741
240.761
240.763
240.77
240.782
240.775
240.791
240.814
240.812
240.832
240.801
226.625
226.227
225.759
225.324
225.216
225.56
226.38
227.656
229.476
232.01
235.214
238.53
240.901
241.996
242.673
243.084
243.182
243.052
242.799
242.441
242.042
241.641
241.267
240.998
240.824
240.73
240.665
240.669
240.686
240.714
240.746
240.775
240.795
240.797
240.807
240.821
240.82
240.835
240.853
240.858
240.901
240.834
226.978
226.505
225.931
225.519
225.455
225.794
226.679
228.051
230.014
232.72
235.776
239.008
241.158
242.181
242.894
243.23
243.214
243.097
242.856
242.507
242.076
241.625
241.254
241.007
240.839
240.749
240.683
240.688
240.703
240.737
240.779
240.81
240.828
240.833
240.845
240.862
240.868
240.881
240.894
240.907
240.964
240.883
227.141
226.632
226.169
225.901
225.878
226.165
226.991
228.293
230.492
233.45
236.428
239.333
241.377
242.578
243.124
243.297
243.287
243.193
242.948
242.556
242.086
241.641
241.281
241.025
240.852
240.773
240.705
240.709
240.726
240.765
240.81
240.844
240.865
240.872
240.885
240.901
240.911
240.922
240.933
240.949
241.01
240.93
226.982
226.785
226.531
226.448
226.469
226.642
227.217
228.494
230.915
234.106
237.061
239.699
241.731
242.798
243.264
243.434
243.405
243.276
242.998
242.586
242.113
241.677
241.308
241.039
240.884
240.797
240.74
240.735
240.751
240.792
240.839
240.874
240.896
240.907
240.923
240.94
240.952
240.963
240.971
240.987
241.05
240.975
227.092
226.987
226.859
226.877
226.977
227.162
227.626
228.942
231.386
234.586
237.699
240.135
242.012
242.964
243.361
243.558
243.533
243.377
243.06
242.628
242.172
241.725
241.341
241.074
240.916
240.824
240.774
240.771
240.789
240.827
240.872
240.906
240.93
240.948
240.964
240.98
240.991
241.002
241.01
241.025
241.087
241.012
227.511
227.307
227.122
227.228
227.352
227.527
228.174
229.588
231.892
235.059
238.201
240.628
242.302
243.087
243.537
243.722
243.649
243.457
243.125
242.694
242.238
241.774
241.391
241.128
240.979
240.87
240.82
240.808
240.82
240.857
240.903
240.939
240.963
240.982
240.998
241.014
241.025
241.037
241.048
241.065
241.125
241.057
228.081
227.72
227.46
227.487
227.543
227.825
228.707
230.275
232.479
235.448
238.655
241.126
242.457
243.331
243.786
243.854
243.758
243.56
243.225
242.782
242.284
241.82
241.459
241.203
241.027
240.915
240.863
240.858
240.871
240.906
240.946
240.978
241.002
241.021
241.036
241.05
241.058
241.07
241.084
241.101
241.155
241.091
228.656
228.314
227.928
227.673
227.712
228.247
229.319
230.891
233.058
235.86
238.978
241.383
242.749
243.593
243.959
243.978
243.9
243.695
243.335
242.854
242.344
241.898
241.54
241.262
241.073
240.965
240.925
240.927
240.934
240.954
240.989
241.025
241.05
241.065
241.075
241.085
241.091
241.104
241.119
241.134
241.183
241.122
229.17
228.784
228.329
228.005
228.127
228.716
229.872
231.429
233.539
236.302
239.386
241.673
243.004
243.783
244.1
244.122
244.05
243.831
243.442
242.932
242.414
241.967
241.61
241.33
241.139
241.025
240.98
240.977
240.978
240.996
241.034
241.072
241.094
241.106
241.118
241.131
241.13
241.143
241.155
241.167
241.214
241.153
229.598
229.214
228.768
228.46
228.56
229.146
230.304
231.872
234.031
236.798
239.849
242.077
243.156
243.919
244.292
244.288
244.177
243.937
243.548
243.035
242.496
242.03
241.67
241.382
241.188
241.093
241.038
241.031
241.032
241.052
241.089
241.124
241.145
241.158
241.17
241.182
241.177
241.187
241.199
241.21
241.252
241.197
230.057
229.682
229.212
228.871
229.017
229.54
230.676
232.318
234.621
237.344
240.249
242.39
243.389
244.105
244.453
244.424
244.299
244.047
243.646
243.113
242.559
242.084
241.719
241.44
241.263
241.166
241.109
241.093
241.099
241.122
241.157
241.185
241.203
241.214
241.225
241.234
241.23
241.237
241.245
241.25
241.284
241.231
230.44
230.033
229.668
229.489
229.592
230.061
231.021
232.633
235.16
237.948
240.663
242.583
243.673
244.371
244.618
244.535
244.41
244.153
243.749
243.199
242.632
242.159
241.781
241.498
241.33
241.214
241.162
241.145
241.152
241.176
241.208
241.236
241.255
241.27
241.281
241.29
241.287
241.293
241.3
241.304
241.332
241.286
230.605
230.463
230.316
230.282
230.393
230.681
231.35
233.03
235.654
238.593
241.104
242.784
244.057
244.643
244.702
244.659
244.545
244.3
243.847
243.256
242.689
242.22
241.845
241.569
241.391
241.271
241.219
241.204
241.212
241.235
241.269
241.301
241.323
241.338
241.347
241.353
241.353
241.356
241.362
241.361
241.377
241.334
231.102
231.02
230.939
230.974
231.112
231.328
232.032
233.656
236.19
239.139
241.543
243.083
244.276
244.789
244.812
244.803
244.695
244.417
243.912
243.306
242.742
242.269
241.899
241.621
241.432
241.316
241.268
241.258
241.266
241.289
241.323
241.357
241.38
241.397
241.406
241.412
241.418
241.425
241.431
241.428
241.435
241.401
231.773
231.59
231.427
231.557
231.689
231.935
232.79
234.336
236.702
239.592
241.904
243.396
244.473
244.902
244.951
244.951
244.843
244.508
243.967
243.361
242.803
242.328
241.959
241.671
241.481
241.372
241.327
241.321
241.328
241.352
241.388
241.422
241.446
241.464
241.473
241.479
241.487
241.494
241.497
241.493
241.498
241.467
232.214
232.106
231.988
232.144
232.287
232.537
233.308
234.842
237.298
240.088
242.179
243.681
244.679
245.018
245.139
245.124
244.951
244.574
244.027
243.432
242.869
242.387
242.013
241.721
241.534
241.427
241.38
241.374
241.382
241.41
241.449
241.485
241.513
241.533
241.543
241.55
241.558
241.563
241.568
241.564
241.57
241.55
232.508
232.513
232.511
232.602
232.757
232.98
233.631
235.257
237.779
240.404
242.441
243.949
244.803
245.204
245.342
245.259
245.025
244.636
244.102
243.514
242.933
242.441
242.061
241.777
241.593
241.485
241.435
241.429
241.436
241.462
241.499
241.536
241.566
241.588
241.601
241.61
241.62
241.626
241.635
241.639
241.651
241.646
233.287
233.236
233.177
233.258
233.407
233.645
234.296
235.859
238.28
240.853
242.968
244.264
245.062
245.439
245.507
245.392
245.15
244.745
244.216
243.609
243.014
242.522
242.14
241.861
241.679
241.571
241.52
241.515
241.524
241.551
241.588
241.63
241.667
241.695
241.712
241.726
241.738
241.746
241.755
241.763
241.773
241.772
)
;

boundaryField
{
    lateral_sides
    {
        type            empty;
    }
    outerwall
    {
        type            zeroGradient;
    }
    longitudinal_symmetry
    {
        type            symmetryPlane;
    }
    inlet
    {
        type            totalTemperature;
        gamma           1.333;
        T0              uniform 273.16;
        value           nonuniform List<scalar> 
42
(
263.322
263.323
263.335
263.343
263.348
263.348
263.348
263.348
263.348
263.348
263.347
263.347
263.347
263.347
263.347
263.347
263.347
263.348
263.348
263.349
263.35
263.351
263.353
263.356
263.359
263.362
263.366
263.37
263.375
263.38
263.386
263.392
263.399
263.406
263.414
263.423
263.432
263.441
263.45
263.459
263.464
263.467
)
;
    }
    outlet
    {
        type            zeroGradient;
    }
}


// ************************************************************************* //
