/*--------------------------------*- C++ -*----------------------------------*\
| =========                 |                                                 |
| \\      /  F ield         | OpenFOAM: The Open Source CFD Toolbox           |
|  \\    /   O peration     | Version:  2412                                  |
|   \\  /    A nd           | Website:  www.openfoam.com                      |
|    \\/     M anipulation  |                                                 |
\*---------------------------------------------------------------------------*/
FoamFile
{
    version     2.0;
    format      ascii;
    arch        "LSB;label=32;scalar=64";
    class       volScalarField;
    location    "0.013";
    object      ddt0(rho,e);
}
// * * * * * * * * * * * * * * * * * * * * * * * * * * * * * * * * * * * * * //

dimensions      [1 -1 -3 0 0 0 0];

internalField   nonuniform List<scalar> 
8988
(
10780.9
6606.07
4840.16
-19745.6
-20998
49634.1
18509.9
-20025.7
-14150.9
-4089.09
1006.2
5211.77
3122.19
133.848
697.889
2165.64
1611.21
921.811
797.773
762.959
641.134
548.427
552.177
567.116
722.202
656.145
553.207
582.768
522.583
307.379
139.516
-63.6022
-205.868
-277.345
-308.069
-349.21
-438.558
-557.482
-680.392
-789.821
-879.1
-936.388
47777.8
-3393
-72556.4
42712.8
59183.2
-92825.5
-12350
30225.7
64267.2
-2391.39
-40074.2
-6690.36
27431.4
4342.46
1293.18
-1768.57
2553.16
2480.29
2705.67
911.497
961.139
1088.72
761.202
974.587
1082.36
902.83
821.23
726.965
639.372
421.2
84.8246
-250.518
-464.853
-565.979
-716.581
-904.505
-1110.96
-1301.23
-1449.91
-1566.75
-1657.03
-1746.44
71044.9
-18048.4
-113182
-53364.8
205121
54552.5
-179116
-32064.6
122403
11814.1
-54146.6
-10918.7
33295.6
3161.32
-411.651
3345.06
4622.82
2263.6
1498.83
2484.5
2552.77
2319.39
2243.63
2247.44
2084.21
1779.42
1532.18
1410.32
1281.23
967.519
467.977
-28.239
-352.733
-560.493
-812.232
-1146.62
-1508.7
-1804.86
-2013.9
-2199.06
-2374.55
-2537.39
142344
-40653.9
-97713.1
-63059
-4264.33
146010
26126.3
-107050
-14939.3
73621.1
-17755.6
-11939.5
8246.13
1510.23
1353.05
1261.46
1196.2
1747
2419.38
2166.96
2247.83
2516.22
2366.78
2049.5
1787.05
1589.03
1537.38
1501.43
1363.4
1193.32
923.239
584.121
260.403
-47.8801
-456.873
-994.1
-1555.88
-2012.82
-2206.85
-2478.54
-2746.75
-2987.05
70434.9
2256.78
35345.9
-123732
-81576.3
117865
55950.8
-47794.6
-56815.5
29447.2
34938.7
-12859.3
-6222.04
2295.15
1018.26
145.82
535.194
1486.45
1785.17
1647.68
1700.83
1939.33
1843.97
1659.2
1453.37
1369.36
1425.53
1384.74
1176.79
978.913
892.802
864.066
765.645
511.438
72.0885
-522.748
-1139.45
-1637.31
-2047.21
-2535.86
-2833.52
-3061.27
-18118.5
6962.35
97493.2
12270.6
-187804
-79715
221408
46746.6
-122929
-28266.5
57462.7
-2726.45
-4711.57
-3952.11
-6402.4
4269.62
7339.73
-1236.57
-2927.91
665.753
2195.67
1113.01
798.381
983.824
1018.21
884.976
994.745
1111.39
955.703
759.886
784.94
953.329
1012.45
850.294
532.381
121.92
-352.782
-830.316
-1293.01
-1752.18
-2237.14
-2575.68
-103298
10874.2
78048.6
71653
10556.6
-148925
-31103.1
135679
14919.2
-52993.2
-12171.1
17540.1
6128.35
823.338
-20464.9
-4564.02
12286.5
1617.43
-3006.62
-1554.84
1028.06
592.86
-313.63
-27.2103
373.84
254.799
219.129
400.252
452.378
414.942
540.094
755.873
846.305
775.774
650.106
521.917
350.192
114.046
-177.251
-524.414
-953.347
-1263.31
-81466.9
13386.3
-443.894
99512.9
48560
-44552.1
-104790
24429.6
78237.6
-19228.1
-33266.8
410.544
13318.3
6124.47
-15081.9
-15593.9
5470.73
10379.7
-3928.74
-7371.86
-1164.68
1263.66
-1475
-1434.7
-489.431
-467.171
-669.285
-524.91
-241.631
-83.5864
84.9326
275.576
382.412
438.753
534.882
685.02
844.21
977.658
1051.69
1022.48
892.6
729.717
84734.7
-8422.95
-38355.6
-91835.1
-40572.1
112120
46677.1
-56589.1
-36862.1
17900.4
3893.52
-12093.7
-4554.13
8114.88
-2300.49
-18031.4
-1554.57
8262.45
-3746.24
-6746.7
-2827.76
486.825
-2459.61
-2631.74
-1532.87
-1276.28
-1597.39
-1484.79
-1079.39
-775.183
-567.297
-335.015
-100.548
162.023
490.794
876.825
1308.8
1776.64
2237.72
2618.52
2892.67
2986.33
-36469.8
5193.11
82368.6
22147.1
-119651
-47947.4
82187.1
35019
-42427.8
-24045.4
18487.5
3545.34
-24575.2
-3021.17
8199.17
-7907.29
-12647.7
-1688.08
2502.8
-4953.52
-5971.05
-3441.78
-1637.61
-3655.12
-3374.93
-2263.3
-2377.67
-2408.16
-2059.17
-1619.8
-1269.27
-910.682
-484.006
14.9918
580.324
1201.97
1886.26
2628.34
3397.7
4119.34
4716.03
5021.32
-67531.4
16119.9
-581.904
70074.9
40416.4
-78080.2
-57402.5
34098.7
29922.5
-29701.3
-15467.9
12541.3
-2819.27
-20213
3233.66
5167.88
-18797.1
-9837.14
1587.77
-1276.15
-6983.77
-6076.14
-3130.47
-3744.4
-4497.58
-3565.14
-2830.98
-3090.15
-2856.18
-2309.93
-1765.28
-1242.75
-627.586
79.6035
858.15
1699.96
2597.54
3526.31
4461.39
5343.29
6060.61
6468.61
61964.8
-30110.8
-1429.76
-69109.7
-47896.2
57726.6
33041.7
-53473.8
-15687.5
14275.8
-22856.4
582.434
3855.22
-24806.1
-1362.14
4030.28
-18511.6
-8236.08
1045.07
-4035.7
-8637.73
-6068.27
-3365.53
-4759.98
-5334.89
-4433.13
-3390.99
-3465.85
-3280.21
-2671.67
-1970.24
-1272.13
-485.135
371.451
1296.41
2279.2
3293.41
4300.98
5269.19
6147.56
6832.4
7263.57
-72469.2
8326.26
74497.7
24222.9
-93604.9
-61847.6
55220.4
12363.2
-35928.2
-5210.95
-6012.15
-5927.45
-11244.7
-9764.56
-1980.64
-7249.89
-10156.7
-5114.79
-4650.23
-7969.89
-6054.63
-4543.29
-5447.03
-5900.2
-5202.81
-4490.57
-4299.1
-3876.23
-3038.3
-2452.96
-1913.35
-1117.54
-153.53
827.469
1770.22
2770.76
3792.26
4789.3
5732.58
6584.8
7140.86
7507.69
-142299
36413.4
142053
23513.8
-114203
-114951
59321
93022
-61545.8
-28253.9
12312.1
-12016.3
-14717
-3413.01
-6674.24
-11172.3
-6614.66
-6019.65
-7927.8
-6275.27
-5293.83
-6047.46
-6380.74
-5594.72
-4878.41
-4757.95
-4378.55
-3628.1
-2962.39
-2330.67
-1564.98
-688.26
239.965
1184.6
2138.16
3084.82
4035.29
4994.43
5879.93
6580.68
7094.97
7404.55
-72980.6
-3742.14
30474.4
49174.1
11210.7
-73813.2
-6708.83
39760.5
-30749.2
-14879.2
3734.6
-16650.2
-5237.33
-1951.34
-14033.6
-8067.4
-4784.05
-8387.79
-6982.24
-5573.13
-5989.46
-6430.28
-5913.25
-4964.2
-4882.77
-4641.22
-3891.47
-3205.26
-2620.49
-1952.03
-1186.58
-339.494
545.306
1423.28
2298.2
3172.55
4029.98
4861.21
5624.03
6252.86
6733.05
7118.24
-1230.62
-5686.71
75472
-62557.5
-91492
32601.4
63815
-46116.8
-26689.6
10952.2
-9192.05
-12551.5
-2416.08
-9805.76
-10307.7
-5220.81
-7438
-7656.43
-5517.21
-5386.85
-6322.58
-6134.29
-5021.47
-4881.89
-4755.93
-3982.27
-3299.64
-2900.03
-2401.38
-1705.12
-896.759
-41.4672
772.061
1525.08
2275.71
3042.27
3789.24
4498
5144.9
5702.42
6132.74
6545.89
-106732
35746.9
123673
15525.8
-118941
-76920.6
63726.8
49629
-45241.8
-12658.5
567.18
-6027.82
-5899.97
-9811.7
-5173.7
-5756.04
-7693.45
-5267.7
-4865.27
-5537.5
-5346.01
-4952.06
-4826.97
-4917.76
-4280.09
-3489.18
-3014.35
-2570.65
-2063.26
-1540.6
-847.926
-4.6216
772.341
1428.96
2063.39
2732
3400.4
4019.82
4552.86
5008.28
5372.83
5742.63
-17378
21162
-58692.2
26492.6
71541.7
-26050.4
-55083.6
8616.09
13284.2
-14746.3
-6682.51
-1295.24
-7696.02
-4397.55
-4051.57
-7356.9
-4572.53
-3670.87
-4863.15
-4223.5
-3942.35
-4334.43
-4952.04
-4527.95
-3585.72
-3262.03
-3043.86
-2386.19
-1723.16
-1256.79
-701.118
-28.3663
591.013
1151.19
1716.55
2299.66
2878.73
3413.08
3857.77
4230.85
4539.37
4818.22
-114446
18625.1
99034.7
45837.3
-60977.2
-70419.6
23052.7
55653.6
-31593.2
-13521.6
5842.2
-6468.12
-5036.37
-2334.19
-7015.37
-4801.65
-2444.24
-4201.93
-3613.91
-2938.93
-3515.28
-4069.92
-4183.8
-3264.59
-2752.86
-2773.62
-2464.44
-1843.2
-1410.66
-1093.52
-668.723
-222.192
213.499
743.085
1325.7
1845.03
2301.62
2734.69
3120.98
3442.88
3693.88
3853.99
-148628
23044.7
51358.7
143798
62045.7
-192527
-47174.5
105072
-2503.4
-31205.2
6910.5
-4726.18
136.233
-1723.74
-8446.24
-2849.5
-2538.72
-4153.33
-1969.72
-2029.29
-3429.08
-3622.64
-2790.36
-2397.09
-2801.48
-2638.62
-1776.55
-1177.22
-993.147
-828.202
-603.116
-408.201
-126.019
352.569
892.313
1329.35
1693.94
2074.8
2440.01
2696.57
2823.66
2830.12
38045.9
-23450.9
-83272.3
29676.5
139355
45341
-138298
-35125.5
76631.8
-9692.79
-18496.6
-4168.11
4886.25
-5645.05
-8672.44
-2221.12
-1905.6
-1907.95
-1598.52
-1790.03
-1199.38
-937.328
-1265.97
-2475.44
-2711.76
-1541.07
-762.968
-893.697
-1077.68
-909.838
-710.467
-561.343
-290.151
110.33
501.599
810.76
1102.43
1451.16
1795.3
1974.93
1945.51
1794.46
52502.2
-676.378
-28936.6
-109142
-18694.1
111976
28807.1
-78414.7
-17486.4
31697.4
-14317.9
-3474.25
5539
-7370.64
-5038.29
-70.1997
1725.24
-120.455
-3170.17
-334.579
1077.94
1145.82
-666.286
-3403.38
-2100.78
-171.374
-122.502
-883.881
-1103.03
-914.983
-774.944
-639.47
-431.622
-187.817
81.8708
373.367
661.421
925.398
1136.29
1208.21
1104.42
922.292
-120323
67943.5
157894
6928.71
-197271
-43012
125282
7669.03
-57605.3
13789
2065.62
-3306.62
-3239.89
-2786.36
1258.9
-266.787
3020.48
1138.64
-2882.55
1342.38
2066.86
1026.81
-885.129
-2531.11
-383.171
571.296
-209.884
-858.262
-887.738
-861.265
-789.061
-592.655
-474.101
-463.381
-368.75
-102.735
205.581
400.11
460.615
437.386
373.218
318.521
-75713.8
85708
139937
-18695.6
-255093
-12985.7
210340
-13046.7
-94997.6
22934.1
19510.5
-8504.82
-3702.12
757.592
-1147.95
1988.88
3578.82
-974.119
267.949
3146.86
1951.98
-180.547
-461.516
739.907
1271.25
263.144
-415.344
-254.64
-281.704
-617.033
-754.473
-683.641
-671.323
-722.313
-683.268
-514.74
-345.284
-277.638
-271.941
-243.867
-158.082
-41.1409
-68891.1
37801.1
112376
11694.4
-111249
-63212.9
95349.2
37540.4
-33877.9
-4801.68
13068.7
1000.07
1246.75
-936.792
1744.19
7798.75
1692.23
-1075.13
5660.47
5206.22
536.056
-301.817
1220.94
2895.57
729.855
-1019.31
-205.297
594.554
280.89
-247.001
-461.549
-610.87
-792.327
-927.053
-971.111
-927.084
-904.881
-956.417
-964.206
-819.965
-551.618
-300.913
45537.1
-1353.34
-103088
30536
130662
50728.5
-120056
-28154.1
78331.5
-7132.12
-13850.4
14112.8
6115.35
-10083.9
9584.96
11025.9
-8846.08
959.738
9104.59
3315.13
-2657.4
813.53
5097.36
3644.21
-112.864
-593.906
1091.43
1034.46
178.79
18.4996
-57.6298
-522.268
-880.604
-1007.87
-1154.99
-1331.56
-1474.18
-1538.11
-1452.54
-1216.62
-901.417
-649.961
-64211.5
31521.2
99900.6
12464.7
-91524.2
-73479
46561.7
94532
-31071.1
-25843.6
9041.11
11038.1
4408.99
-9384.93
10065.9
8003.9
-7398.78
8352.88
9813.45
-2549.39
-560.061
3707.98
6048.99
1967.31
-1561.77
1380.1
2909.43
1186.9
-208.741
165.826
197.139
-474.357
-897.928
-1007.32
-1245.27
-1613.79
-1895.76
-1937.46
-1764.64
-1528.74
-1302.5
-1141.27
-46337.2
-6173.91
-16594.7
104943
40379.6
-87263.1
-70639.8
33079.8
54161.7
-23996.5
-8699.23
18492.3
4750.18
-3363.47
10126.7
453.116
-1988.83
9289.92
5804.42
-4812.83
2665.76
6457.67
4447.04
823.908
-327.909
3096.39
2934.17
545.91
56.3929
666.852
326.074
-485.988
-862.679
-971.17
-1254
-1726.64
-2113.1
-2163.99
-1991.52
-1872.08
-1834.63
-1802.27
66864.6
-9759.26
-127829
-1278.63
137117
29410
-55245.3
-73501.6
46575.4
28147.6
-17056.8
6354.53
1791.7
3208.93
8983.94
-3379.41
4215.78
8794.94
764.006
416.668
5582.82
5861.18
2901.63
1771.23
2897.73
3738.74
1673.41
241.217
755.16
1035.07
485.94
-201.356
-631.963
-916.462
-1223.26
-1631.3
-2029.04
-2229.24
-2282.35
-2381.8
-2533.74
-2626.25
-104265
80272
110038
23235.1
-136088
-8262.83
104099
-19368.2
-37300.7
35183.3
6685.51
-714.279
1841.4
8906.43
5395.36
-2791.33
5838.64
8826.72
3607.95
2889.66
2865.58
2215.39
2889.2
3773.76
3516.56
2240.43
1122.03
1360.17
1525.76
1188.51
776.896
406.639
-26.558
-530.632
-1054.87
-1517.68
-1869.65
-2205.65
-2624.04
-3056.73
-3364.69
-3517.16
-90786.9
109271
147216
-46566.4
-155717
20180.4
140597
-12282.8
-47662.2
27612.1
14055.5
2281.74
1390.87
6928.37
402.93
1421.69
8854.08
6442.84
3370.16
2962.72
2212.09
2337.66
2766.52
2753.02
1515.94
1418.62
3204.09
3366.76
1944.01
928.555
720.845
634.474
506.24
171.337
-526.634
-1309.43
-1833.74
-2283.45
-2965.21
-3714.58
-4172.57
-4346.38
142151
-126705
9536.82
-98638.5
-23302.6
169094
13995.8
-50626.7
-4412.42
35364
-6836.75
3289.05
3328.47
1429.17
-178.08
1685.04
3414.09
5555.31
6131.14
2986.48
1559.17
3754.11
3264.34
1185.52
-115.003
1244
4240.5
4575.19
2718.68
1300.41
778.538
619.316
758.354
677.994
-14.997
-1050.06
-1902.06
-2533.34
-3299.73
-4171.46
-4752.41
-4996.74
48648.3
-30585.7
75551.2
-75171.3
-128862
89082.8
114384
-42963.6
-79892.4
41170.6
8246.71
-6210.32
2493.07
4696.86
1780.18
188.424
2823.28
3483.53
995.964
1402.3
4407.93
4658.1
2365.5
993.52
1474.64
2372.93
2541.82
2711.13
3048.57
2612.31
1655.85
1108.14
965.863
700.573
59.1341
-896.048
-1900.91
-2768.35
-3589.74
-4400.85
-5002.74
-5372.72
90388.8
745.928
-181834
-21381.1
156260
76581.7
-116995
-61419.4
55911.4
3176.35
-9704.14
5049.63
467.767
4466.47
4656.71
-1670.68
6249.68
6376.82
-1169.71
2951.7
6727.07
3230.67
-827.669
2159.97
4583.67
3645.76
1676.94
1082.47
2746.97
2723.83
1969.65
1671.65
1272.21
491.217
-286.634
-1005.83
-1851.76
-2801.25
-3714.87
-4477.74
-5043.02
-5482.48
90406.2
19793.5
-243932
-682.94
262778
56843.3
-259612
-40153.9
133118
3832.75
-20909.6
8535.36
1937.47
6449.8
2678.54
-1193.67
7533.24
4450.57
-1719.94
4299.18
7075.25
3407.72
1386.2
3848.49
4818.05
2446.61
953.651
1754.43
2836.92
2113.9
1535.23
1729.83
1275.26
157.096
-684.707
-1206.51
-1887.25
-2757.45
-3671.22
-4382.54
-4840.05
-5275.75
-13270.5
-48109.2
-78158.6
167373
111092
-79102.3
-147048
20166.4
121322
-32187
-13903.8
11659.6
2542.21
6969.47
8361
4222.14
6447.46
4030.18
-2295.45
-874.884
4917.96
6569.24
4364.48
2912.24
2522.07
2291.24
2370.84
2910.12
2570.9
1314.53
1330.1
1644.48
631.274
-622.242
-1065.03
-1250.75
-1864.04
-2729.28
-3507.61
-4067.04
-4439.65
-4795.16
-157407
36453.2
190516
-28043.7
-21197.4
-212295
-8832.71
238994
-2533.13
-86885.5
10818.6
27594
604.511
-2974.84
13002.9
5331.25
-1140.39
3703.59
715.251
310.564
7109.57
7197.2
1647.18
-556.104
2059.85
3851.63
2529.1
2076.82
1916.34
1632.53
1693.15
1307.08
133.483
-949.109
-1276.21
-1464.78
-2092.38
-2862.59
-3325.72
-3609.07
-3836.79
-4046.91
-16745.8
123752
58104
-9371.36
-313798
-22601
290981
32747.1
-104532
-23881.4
34033.2
9482.25
1045.67
3144.57
9991.94
-2421.59
-1469.38
5679.93
2626.96
4327.21
7344.78
3754.97
-1134.93
392.613
4014.43
3585.09
1239.19
1154.85
2018.1
2334.3
1635.41
479.797
-661.423
-1353.97
-1443.75
-1514.02
-2099.51
-2750.26
-3054.68
-3141.58
-3131.88
-3097.98
177634
-113814
-36073
-163753
-12176.7
227946
93562
-108733
-49167.9
59000.3
1314.34
1058.32
-3352.63
4521.6
11120.3
-907.537
2229.91
7269.52
3847.58
2852.07
1600.31
-967.22
699.478
4978.41
4838.85
1073.6
332.284
2211.49
2262.71
806.216
332.601
-257.732
-998.675
-1519.64
-1525.19
-1432.14
-1733.12
-2210.62
-2512.11
-2563.95
-2419.21
-2245.06
34764.4
-5587.76
-97156.5
122535
63480.9
-25686.4
-107677
34332.5
87170
-39044.4
-16232.4
24721
-12799
7570.9
14187.7
-5901.61
7818.46
9537.6
-5425.68
-853.774
6274.39
4198.45
958.913
2681.44
2910.44
-156.099
550.839
3192.06
1714.02
-981.207
-1468.67
-1116.33
-1060.33
-1474.33
-1480.88
-1136.65
-1191.08
-1543.32
-1756.28
-1751
-1618.87
-1540.98
-153760
66313.1
233738
1642.35
-123337
-189244
75300.3
226261
-59922.5
-112947
48941.1
20601.1
-14186.4
10320.3
589.364
-7906.75
14569.5
7444.19
-14472.7
-2398.42
12641.8
9376.18
650.979
-2145.39
-1736.04
-787.093
2780.16
3734.21
-315.339
-2497.39
-1905.9
-727.114
-653.394
-1416.17
-1367.58
-860.815
-876.769
-1037.1
-924.612
-757.094
-720.208
-874.963
24070.3
58598.5
76190.5
-123120
-172248
109910
183151
-52706.5
-124319
39487.3
58795.8
-30841.4
1614.72
10398.9
-11064.7
-4645.31
14419.7
4229.7
-10338.3
-1032.5
8598.64
5635.25
-1024.87
-4306.76
-3611.99
798.843
4200.66
1757.69
-2176.57
-2658.54
-1146.73
-35.4657
-85.8092
-632.749
-537.975
-498.855
-777.572
-669.904
-198.377
107.054
53.6023
-237.971
-25794.3
-15415.5
-14798.3
111754
59462.1
-120438
-62807.1
68775.9
58254.7
-36609.5
-20085.1
14187.8
3677.72
-1838.15
-2735.13
-561.955
3996.19
228.966
31.2165
3998.62
2945.53
-1153.46
-3530.43
-3378.19
-986.976
2535.06
2309.72
-1391.29
-2628.75
-1027.01
389.427
671.778
236.464
-120.737
95.294
91.6267
-102.571
58.5653
460.846
696.765
600.115
347.108
-102670
-9199.48
35354.5
216484
8225.22
-200701
-109679
155842
87354.7
-56092.4
-48432.5
37322.9
-3728.02
-1998.65
-550.896
430.383
-975.27
-4145.98
1195.7
1648.63
-3782.03
-5050.15
-1989.07
227.246
191.457
184.247
-632.992
-2744.27
-1776.95
574.628
1062.54
1001.17
391.191
28.4678
353.428
812.893
1051.84
1138.08
1176.14
1145.7
978.568
836.786
25784.5
-8382.88
-82915.6
11249.2
199057
66019.4
-249208
-35515.5
120966
16823.6
-30300.3
676.356
3300.08
3059.18
-5428.94
-990.668
1808.87
-4406.31
-1409.58
247.68
-4249.56
-6043.57
-3031.78
-219.903
-543.138
-2094.98
-2821.45
-2320.74
7.19476
1307.68
829.513
591.827
210.617
189.626
671.331
1235.89
1645.53
1862.78
1848.45
1707.84
1542.96
1524.23
110850
-125267
-44748.4
-89513.3
-18608.8
226301
89194.2
-252096
-30421.3
113794
-167.225
-40413.7
5644.51
2008.01
-14392.5
-1186.69
1401.81
-6471.92
-5092.09
-2468.25
-2662.09
-2681.61
-2522.08
-2426.06
-2180.41
-2563.85
-3222.74
-1817.57
792.818
881.944
-154.982
-163.214
164.049
872.03
1267.89
1188.19
1475.56
2074.46
2328.34
2297.17
2313.29
2507.43
-1519.35
-55059.3
-47308.7
144009
59517.4
-140429
-79600.8
75552.5
35584.6
-39235.9
-25749.3
-5494.04
5494.4
-7064.1
-6926.89
6121.62
-8552.89
-11576.9
-101.664
-2031.19
-7534.07
-3733.67
-1160.26
-3194.88
-3797.09
-2027.32
-829.304
-89.6279
396.312
-465.332
-1506.62
-958.043
519.101
1550.66
1482.93
789.605
1129.62
2091.03
2600.27
2761.31
3048.15
3504.06
-221768
66651.8
198729
18744.1
-8572.38
-293456
32950
230353
-42822.7
-125931
17688.3
4967.95
-7584.78
-12461.7
-12724.8
9062.3
-8207.16
-15874
3928.14
1069.8
-14117.9
-3708.59
3674.44
-2143.67
-7474.77
-2422.29
3165.1
835.517
-2015.77
-2814.24
-2174.91
294.17
1888.5
1477.1
793.377
481.482
1354.52
2417.68
2744.57
3008.95
3587.6
4296.03
-46603.1
103169
93868.2
-59532.2
-247082
-1370.84
242269
17394.7
-171160
-49097.5
77691
-23951.2
-5830.42
-5978
-4013.36
819.972
-22230.1
-243.579
12665.3
-6587.21
-15774.1
980.528
5484.35
-5081.35
-8116.49
-332.381
4054.7
358.623
-3585.95
-4681.27
-1675.59
1425.92
2304.66
849.447
270.322
359.74
1739.78
2966.87
2873.59
3142.68
3866.35
4661.39
-186300
137971
207113
24877.7
-291334
-43957.7
229709
-36795.4
-75413.9
12465.3
5388.3
-8051.36
15855.9
-15508.8
2470.88
-4522.76
-32264.2
16725.3
16006.1
-21453
-12618.4
8482.95
3783.9
-10731.2
-4251.98
3975.95
819.394
-3306.6
-3656.2
-2780.63
-1419.94
612.914
1815.35
399.808
-475.707
1046.9
2416.5
2783.8
2822.63
3251.3
3999.39
4596.13
-61868
97883.2
117761
10508.9
-240321
-140281
185699
164910
-57396.7
-125135
11191.1
50510.8
-6242.43
-9625.76
11962.7
-16013.2
-21307
22848.2
17867
-25778.9
-4514.37
7665.4
-2037.61
-5841.38
-1046.5
-127.123
-3290.33
-2884.43
-1490.56
-1886.94
-1449.24
524.717
728.706
-530.973
-303.432
1256.03
2129.3
2384.75
2637.99
3305.98
4034.32
4365.9
-63419.5
-29115.9
6459.72
155264
91675.8
-233351
-68751.2
197200
87938.7
-107393
-39302
53046.1
-8918.39
-4920.99
8817.28
-10893.7
-5628.38
7741.02
-3512.59
-9556.57
-1641.99
1171.5
-1094.61
-737.384
-984.261
-2536.31
-1782.71
-210.066
-1197.99
-2885.6
-1852.9
61.3273
158.688
-453.075
172.44
1200.86
1634.14
1822.54
2250.26
3054.88
3709.53
3859.2
79771.7
14253.6
-111748
-41395.4
81703.8
111477
54017.6
-172922
-26997
105399
-4949.33
-25160.9
5248.1
3323.45
939.083
-9033.24
-1550.52
6163.3
-6311.31
-8445.59
2314.82
4122.74
-2620.04
-6278.56
-4093.1
-662.459
114.508
-557.191
-1418.93
-1930.19
-1092.33
-268.838
-31.0331
226.298
704.03
906.213
977.956
1277.28
1856.06
2578.63
3016.02
3124.01
122723
-124470
-35308.2
-78180.4
15674.4
129814
48805.2
-138874
-25368.9
92214.3
-36646.4
-24558.2
27386.7
-15630.2
-3723.59
4931.48
-13055.5
-3843.97
1320.81
-6137.96
-3886.92
960.094
-825.028
-4888.35
-4670.41
-1314.35
140.272
-624.342
-1060.46
-487.7
495.357
380.525
-194.524
97.5396
731.253
810.46
649.856
812.072
1367.25
1946.49
2145.22
2242.99
-132944
-13410.5
127121
129762
47423.4
-292868
-106419
201458
143521
-145736
-117742
94167.8
-12803.2
-45533.4
1549.46
22686.7
-9071.96
-20739.2
439.777
5044.76
-5558.88
-3624.2
944.149
-922.954
-4303.47
-1311.44
1107.37
408.359
-1254.44
-1040.05
1454.05
1521.22
-285.964
-534.78
694.062
1156.29
685.71
341.915
646.227
1055.67
1161.17
1384.59
-105219
-7566.44
108852
96867.1
65539.9
-288325
-86306.1
236847
163830
-235218
-113358
128202
-36128.1
-36660.3
10331.4
14577.8
-6634.67
-25078.2
-2469.72
11680.8
-562.496
-5430.95
-281.77
1660.63
-964.533
-552.431
801.457
372.522
-1169
-1084.59
1156.45
1163.83
-613.052
-566.82
983.498
1340.37
508.151
-17.5394
196.992
327.625
238.808
430.375
-40778.9
-14168.6
46558.4
-14072.8
39555.1
-137373
-68327.9
191317
52083.4
-160977
-60552.3
91142.1
-49043.9
-16846.5
25533.9
-5063.66
-14340.9
-1362.29
-1089.09
781.136
5107.68
548.116
-4936.37
-1737.43
2129.57
1396.55
232.033
428.033
256.132
-78.5723
132.044
148.625
-391.785
171.618
1209.56
947.521
-94.5124
-460.869
-251.192
-347.275
-582.649
-563.834
51827.8
-8223.82
-243754
-60346.9
356545
10387.9
-92112.4
-231436
25107.6
140272
-32624.3
-37318.3
-82.2606
16518.5
1903.51
-21993.1
3740.74
15972.6
-4892.84
415.439
6130.18
-1666.72
-3288.53
1288.06
1569.63
-1611.1
-537.297
1309.2
588.595
-266.26
630.258
1096.72
509.299
654.403
1008.21
335.431
-615.913
-860.689
-821.727
-1053.85
-1326.57
-1465.26
71810.8
-28993.7
-137092
-2577.29
341149
2341.59
-279656
-196945
258969
98886.3
-85978.2
-54978.6
39765.6
4386.41
-4935.18
6970.7
5266.64
-11238
-1771.79
9045.62
25.6383
-4322.11
1939.18
4398.09
1041.34
-762.723
-251.395
-103.745
576.568
2114.25
2153.81
342.869
-237.416
882.017
1138.72
90.9134
-972.876
-1257.04
-1313.59
-1628.3
-1985.1
-2158.21
189315
-84684.7
-263212
-41199.4
205216
199816
-14982.9
-387836
23745.8
237968
-14514.6
-52347
9940.35
4842.85
8199.22
20393.3
-5154.42
3954.71
9121.37
-12196.8
-4818.53
11380.7
7468.01
-3629.92
-1250.02
3344.47
2075
-4.40446
1192.56
2654.52
735.306
-1460.79
-311.973
1021.16
832.111
-384.094
-1416.32
-1607.81
-1628.53
-2070.33
-2493.94
-2461.28
-175389
34787.9
95676.6
233178
36304.3
-214394
-133796
161600
108332
-49297.6
-52146.8
32580.4
6357.84
3077.19
23051.2
-5507.05
-29614.2
34107.8
26897.6
-26505.3
-5301.43
21440.2
12644.6
-15550.3
-502.149
11827.1
2795.78
359.736
1638.38
512.226
-1648.46
-1234.88
803.112
476.918
-644.118
-1168.96
-1423.59
-1579.78
-1932.32
-2591.43
-2836.11
-2474.1
-121014
-12855.7
175713
153121
68076.2
-429841
-61210.1
449656
9287.1
-166765
14883.8
50395.9
15895
6853.91
16934.6
-24097.6
-4935.48
48764.6
10256.1
-40910.6
13845
23610.6
-9151.16
-7643.24
11114.3
11476.1
1456.45
148.184
-825.62
-3391.35
-767.909
2375.28
1640.81
-790.39
-2379.14
-1149.55
-771.921
-1388
-2436.44
-3192.6
-2976.74
-2490.8
-411185
271757
460431
3446.58
-476508
-218788
343798
288682
-256708
-57788.3
127110
8097.13
2504.22
15003.4
3064.58
-13686.8
25305.7
20804
-17378.4
-3317.81
12274.1
3350.88
-1819.1
4060.64
6172.19
4994.72
4105.52
1009.98
-4705.8
-4657.35
3871.9
4063.3
-715.791
-1853.18
-2062.1
-647.852
-212.884
-1445.74
-3097.79
-3236.42
-2703.79
-2621.33
-279573
206081
317325
-127143
-487140
160203
411890
-78266.6
-227635
84573.7
129913
-29244.7
2558.09
1549.05
11480.5
22560.7
-10661.1
3454.34
17901.1
-5591.47
-17484.7
9106.64
17037
1421.54
-5875.14
1453.62
5516.87
685.319
-1940.31
1107.06
3553.6
1140.62
-1218.14
-1438.02
-739.784
-577.016
-1022.81
-2501.31
-3177.12
-2545.61
-2287.98
-2681.71
-8762.57
149114
104606
-93686
-352607
67559.4
344879
19962.9
-214565
-6933.92
156329
-34091.5
-10694.5
12831.3
13869.5
-5848.14
-36735.8
32282
37974
-31549.1
-16884.8
23128.8
18082.9
-5126.8
-7265.88
1196.33
5866.68
4990.79
3276.86
574.033
-2138.16
-1256.66
902.037
467.963
-313.948
-1249.9
-2313.18
-2982.57
-2786.26
-1942.96
-1857.68
-2710.57
-53817.2
168498
148141
-58808.3
-360547
51569
378304
-16372.7
-274632
118.652
168362
-38881.3
-3974.4
20090.8
8607.37
-33197.3
-34111.9
61515.3
38795.9
-47316.5
-8851.18
27096.7
7080.56
-11130.8
-5365.19
3897.77
6145.17
6596.43
3479.08
-1481.47
-4479.61
-917.396
3636.64
1349.39
-1266.84
-2560.86
-2643.69
-2095.2
-1515.07
-1566.07
-2189.08
-2699.33
157876
-146618
53242.4
-161270
-152730
242816
253588
-171684
-291684
186887
132405
-78985.3
-17237.1
25921.3
3764.4
-17764.9
-7156.1
37672.9
5384.73
-26330.2
7354.53
18637.3
-2794.52
-8133.75
-1141.54
4688.53
5552.01
5396.24
1279.46
-4721.89
-3615.9
2176.97
3912.16
741.858
-2312.61
-2851.12
-2027.24
-813.071
-683.254
-1567.67
-2359.87
-2244.18
17426.9
-66284
28257.5
158727
98646
-198965
-75659.1
140029
-5692.93
-37815.8
17275.9
-4662.15
-174.167
-1290.77
19417.4
-6171.87
-8129.03
13197.2
-4531.5
-7019.65
2165.54
-456.346
-881.557
2534.64
2041.23
475.792
3442.17
4421.81
-155.036
-6207.23
-2246.74
4069.44
2388.55
-412.695
-2115.82
-1808.22
-633.492
13.6965
-859.382
-2031.69
-2170.17
-1293.27
-194304
-32531.4
10795
323040
137575
-472979
-130204
426068
36556.1
-219321
-39702.5
89183.7
-22062.4
312.399
33112.9
-49172.4
-18647.5
37663.9
11752.9
-8148.5
-12925.6
-7827.38
10274.8
12623.3
1393.98
-5480.7
-831.37
721.422
-5845.07
-3552.64
3297.6
2800.93
-188.784
-1667.28
-1239.38
-226.143
573.992
227.686
-1253.58
-2244.99
-1581.15
-276.442
-369760
139308
477220
-71274.8
-207336
-408957
221114
440933
-176803
-266085
121547
74702.1
-31984.6
8032.63
-3025.07
-30327.2
-1966.38
-4703.67
14309
8291.25
-28963.6
-9351.83
22193.7
14549.3
-6767.4
-6012.66
364.14
-1686.44
-7445.42
247.002
6324.46
236.799
-3226.86
-1909.06
-91.0123
1073.62
1023.13
81.0797
-1356.5
-1809.08
-585.88
444.51
-249836
132766
415834
-49280.3
-239008
-255835
17563.4
302409
77395.4
-161065
-93291.7
62295.4
-3162.95
-19707.7
-17188.3
9063.78
-16416.9
-23410.8
33069.1
11228.4
-40567.4
2699.58
22992.2
-2272.9
-10665.5
238.238
3448.77
-6248.02
-2473.34
6451.81
4025.34
-1917.64
-3109.05
-983.136
422.719
695.828
291.896
-421.87
-1206.02
-756.253
587.683
731.922
292387
69600.4
-370920
45435.7
424146
73394.2
-440262
-122554
321971
-10694.1
-205710
22747.6
-6585.88
-26738
8402.71
2402.28
-33255.7
16930.8
24847.3
-28476.1
-7110.81
15608.6
-665.911
-10051.8
328.372
5107.04
-739.374
-3422.08
2584.1
4562.18
-338.489
-2097.78
-1104.16
-327.39
12.2823
-136.259
-404.137
-730.59
-554.283
756.416
1503.54
676.66
234789
56723.8
-610854
57941.4
566765
-17461.5
-571247
-13510.5
423530
-121385
-191189
68371.6
-4117.54
-17557.4
17145.8
-28209.5
643.141
35419.6
-27969.1
-21520.1
26381.9
12514.8
-24723.8
-3872.47
11464.3
1349.07
-5548.89
1625.18
4630.27
-1320.39
-2900.58
-631.562
56.8624
-363.126
-620.153
-597.364
-470.883
-290.872
740.026
2051.6
1739.53
665.367
388190
-42480.8
-605430
227678
372341
-144886
-415381
86704.2
403642
-284808
-110347
150770
-40047.8
-12194.6
8690.04
-36821.8
48830.9
22707.2
-77010
93.6759
45815.8
-14617.9
-17025.3
9503.27
11128.9
-5498.69
-3753.66
3854.29
2289.24
-2702.51
-2464.81
-660.628
-334.424
-275.783
-133.42
-290.124
-282.11
576.286
2066.24
2502.45
1471.01
1036.4
252651
-56946.8
-453531
235908
351115
-307248
-282394
325293
95131.8
-191252
-32877.9
119734
-73643.9
-8044.4
4748.65
-9704.28
38359.2
-12097.5
-47303.4
17512.9
30929.9
-18732.7
-9363.36
9619.76
6562.95
-5156.11
-5382.73
817.118
2670.01
-342.699
-2521.31
-1698.7
-271.487
164.422
472.856
210.83
324.756
1638.28
2686.97
2116.18
1277.93
1833.42
-132516
-28719.4
-32827.5
271589
180965
-469514
-129523
517521
-51752.5
-187960
64219.3
31236.5
-78887.4
21365.3
18243.8
-22124.9
27280.9
16491.2
-42280.5
-1124.27
26360.9
-9139.18
-14031.4
6124.34
7789.07
-6497.17
-7979.46
2348.31
3595.72
-4070.14
-5047.7
-241.007
2224.31
1180.77
759.667
627.438
1137.71
2033.82
2237.77
1662.44
1697.94
2778.51
-211470
-3335.37
486363
-59571
-114116
-506797
137177
537940
-136072
-191497
124334
-20961.5
-53959.6
56805.1
4013.78
-22675
24339.4
1825.65
-25985
13799.5
9141.16
-22939.9
-1946.17
9466.33
-2759.95
-10533.5
860.423
7296.69
27.2232
-8085.66
-3720.53
2789.84
1215.5
16.7669
839.658
2355.67
2761.91
1770.44
1156.77
1359.72
2394.84
3568.8
-551251
366359
546774
16975.8
-764226
-180806
714007
-65988.3
-242353
39770.5
155182
-114992
3646.64
28856.6
-32522.4
7297.45
15659.6
-5107.39
8618.75
-4180.09
-26174.9
2396.64
14184.1
-5453.33
-13681.2
-563.653
7055.21
-168.571
-8076.72
-3028.33
3969.61
2378.14
-490.189
-478.162
1283.56
2820.06
2535.2
1173.34
930.041
1610.66
2996.89
4028.62
174296
-359380
19909.7
-226731
-56079.5
604095
169326
-493851
-84165.9
333099
-27231
-118484
71621
-43813.9
-15063.4
34543.3
-12821
591.899
20555.2
-24520.9
-23038.3
22455.8
14887.4
-19841.1
-10141.8
8302.42
5798.1
-7419.82
-8662.95
726.735
4150.87
-290.623
-227.292
1837.45
2565.16
1959.13
653.483
611.835
1482.36
2320.31
3346.18
3975.97
420938
-229331
-502667
-137935
594704
325401
-488702
-323720
376348
61636.4
-144434
45545.8
-1427.13
-34926.4
39289
-7863.09
-17769.6
18945.8
5922.49
-20815.6
-10330.4
9021.94
5852.53
-5098.15
-4135.75
1146.93
1212.37
-3851.21
-4755.69
-294.634
1427.09
-1073.3
261.952
2676.27
1973.88
427.127
-333.807
581.344
2002
2886.3
3353.89
3462.75
327843
-16553.4
-659534
131386
587521
-87420
-618078
44810.4
480957
-182859
-142333
149819
-49777.8
-6715.78
29437.1
-33786.5
26169.1
23187.5
-25841.9
-9044.42
-3160.88
-4198.82
8382.78
3711.81
-8705.04
-5301.8
-41.3581
-2527.21
-4635.66
1214.74
3458.66
-348.412
28.7768
1497.98
550.496
-195.264
185.157
837.685
1805.3
2770.08
2965.15
2819.86
-113957
-9227.01
-220852
501725
225036
-507061
-315552
621813
-34155.4
-209409
7501.02
120611
-59199.8
10708.5
-20559.6
-6371.98
51448.3
-27600.1
-12011
21093.3
-24160.3
-13364.8
19448.2
7341.05
-15896.2
-7557.06
979.784
-3065.05
-1473.06
4896.16
3559.04
-1351.81
-1229.58
525.099
527.37
379.781
589.431
842.055
1704.21
2344.06
2264.21
2306.57
-447701
189310
710396
30153.7
-444973
-308347
372217
365921
-449907
-132838
276419
-25802.7
-46773.1
19797.6
-37895.9
11527.1
10506.8
-43736.5
35682.5
30990.5
-61595.8
-10164.2
32378.3
-593.005
-16736.8
-5842.08
1876.86
247.255
3880.91
4595.63
-224.591
-2537.5
-1240.43
840.701
918.676
263.623
282.31
915.108
1663.15
1855.04
1614.08
1742.12
-330260
270117
264378
-319301
-240647
274632
403960
-325209
-283649
279352
45902.5
-88711.7
6485.62
-21530.1
-21508.7
6916.46
-32300.7
1624.92
49099.8
-21650.3
-48692.6
14817.6
30523.9
-11402.6
-11445.8
850.673
4497.95
2595.8
1923.11
-67.4798
-2017.58
-1623.35
10.8154
1020.39
643.05
-67.2804
-57.5284
565.677
1201.67
1290.9
1119.45
1200.16
571850
-257064
-446730
-189156
252403
435747
-184252
-291033
219795
105472
-152304
-14150.7
30542.2
-55833.9
-9187.52
-856.454
-28815.8
24828.4
35182.4
-44375
-33695.7
28376.2
22698.2
-15920.4
-7604.17
7695.63
7135.19
-579.953
-3808
-2044.32
-608.364
-1053.56
305.201
1663.61
295.075
-792.554
-338.667
487.359
873.158
699.256
623.987
729.321
74121.2
-58658.9
-179232
198506
168625
-273957
-190138
287771
150065
-265137
-70484.3
173748
-77995.8
-46607.5
7181.45
1555.29
-6995.32
7593.45
29173.6
-21083.7
-38214.1
14745.4
23120.1
-11963.8
-12308.8
4105.48
6980.36
-2101.79
-5730.85
-252.846
2019.97
-828.653
104.151
1411.97
-193.289
-909.232
-23.0592
741.011
686.514
157.855
-1.81342
154.843
-171531
147486
323190
-47833.8
-193932
-222549
177634
272402
-214758
-173416
256893
-4315.8
-124605
27639
5957.82
-1015.54
-1366.49
-3541.7
37673.2
-6596.91
-55067.1
-1389.29
36422.6
-205.471
-22248.8
-5820.96
5949.6
-199.26
-3315.05
1495.18
2665.56
33.6225
649.618
879.929
-932.81
-704.169
690.752
704.612
7.01383
-404.441
-484.642
-379.771
-450924
222545
618123
-13986.7
-555746
-271034
317751
262849
-210337
-41136.1
131035
-78749.5
-49213.1
64661.3
-13485.8
4184.22
-6209.04
-5917.6
38479.1
-1134.11
-54218.7
-5918.07
37865.5
1952.18
-21635.3
-6476.81
4998.43
40.0055
-2124.99
1411.29
1936.45
306.524
451.733
80.5312
-505.406
323.609
915.467
229.098
-619.309
-804.608
-925.487
-812.533
-564584
310243
502765
-126240
-593335
72278.3
534432
-179268
-213460
234240
-32400.5
-146504
89674.8
6705.76
-24077.3
11715.8
-435.288
-4558.18
40759.1
11931.7
-47639.3
-6148.94
33321.6
-431.965
-16820.3
-2713.07
4957.54
-898.885
-3431.12
-672.464
670.622
-26.6213
-401.778
-650.22
316.403
1234.04
619.066
-258.696
-759.558
-966.027
-1385.29
-913.63
271492
-409858
-55202
-227834
-50595.6
711935
-16242.2
-284863
-13847.6
202810
-128333
-75822.1
143236
-61342.1
-12319.2
38849.1
-10981.6
-18798.5
61163.6
26915.2
-52072.7
-2922.64
37233.2
-4732.8
-15953.8
1935.15
7067.67
-2240.15
-6813.8
-2720.46
509.352
-949.749
-2283.03
-154.249
1846.73
1098.15
106.47
-412.604
-713.016
-1128.56
-1617.18
-659.334
549681
-409623
-463974
-149004
395444
511284
-337419
-320166
326978
-30907.1
-128547
132223
28009.6
-81268.9
31743
30082.8
-51731.8
21455.4
85719.6
-21069
-39368.3
24934
31460.2
-17243.7
-6338.19
8409.99
2365.14
-7804.58
-6614.08
-228.8
437.041
-3231.09
-1981.72
1536.05
1904.12
895.816
287.979
-369.596
-1218.62
-1733.66
-1504.52
-423.754
166586
-52323.3
-495421
35320.9
732112
-98834.2
-564936
63404.5
401396
-206872
-87745.7
243993
-98000.7
-58650.5
82652.8
-33903.7
-34849.1
87137.9
31767.7
-52869.7
-10282
38836.6
8165.76
-13371.3
763.93
6560.72
-2611.45
-6475.19
-1291.91
1898.83
-1342.8
-4073.44
201.427
2999.56
1011.82
116.753
-250.465
-1055
-1915
-2083.44
-740.704
-332.965
-420851
-15243.2
98118.7
527093
28362.9
-628709
-38137.6
660880
-120814
-237209
184590
43318.4
-104034
36192.4
30189.9
-64107.8
47592.5
69576.2
-43873.9
-18208
22664.8
4637.07
-3887.17
-3531.51
-423.165
982.04
-934.402
-191.289
2320.69
1930.76
-1135.09
-186.294
1998.77
855.826
-566.413
-744.586
-1449.84
-2639.54
-2223.67
-1382.65
106.852
-329.987
-597569
307310
802970
-101877
-848372
9353.85
693473
-187305
-269590
245643
117283
-175922
-42189.6
92285.7
-47322.7
-12677.5
85867.1
-32613.7
-42802.1
47886.5
16329.9
-29001.5
5594.89
13713.3
-16268.6
-5908.62
8094.76
5760.94
961.16
419.997
2289.8
3256.17
1392.13
-679.124
-1822.94
-2941.63
-3147.02
-2946.4
-1500.01
-316.18
-165.38
-783.599
448743
-377504
-258444
-287874
52879.1
765426
-204581
-398198
65108.1
366459
-109140
-147598
106549
3829.12
-39975.5
24611.8
14941.6
-78088
17440.7
75502.7
-52124.2
-29720.5
42377.8
30027
-36652.3
-6299.61
17357.5
-622.101
-3432.89
5361.59
6191.6
-1364.13
-1350.46
281.366
-2798.42
-5132.38
-3491.19
-1067.44
-835.87
-980.218
-973.029
-1203.77
350113
-57330.7
-655828
64773.9
721923
-223078
-627289
65429.9
539198
-173023
-167588
120868
2831.2
-17284.5
-45966.3
-19141.9
-15638.5
-13121.8
79279.7
3387.56
-89477.3
-6041.73
68599.7
-12011.6
-10094.4
9557.27
1245.31
-4303.03
6142.61
6894.17
-2471.26
-5371.91
-1086
-797.337
-2904.01
-2228.02
-1183.67
-841.476
-1982.07
-2352.29
-1243.43
-1212.13
-282854
-33709.5
-132413
732560
194379
-786525
-300660
817092
-78803
-206588
58314.4
-1172.84
-53291.7
18595.9
-49837.8
-11863.3
-10614.1
26129.8
41325.9
-63379.3
-40881.7
44668.1
32229.8
-15579.2
-1543.96
10626.7
3053.17
1891.91
1485.03
-1341.82
-4564.92
-5034.57
-3933.47
-1728.11
1399.4
2481
-353.097
-3648.85
-3380.82
-2587.03
-1041.59
-1013.07
-545080
201865
851078
728.672
-468908
-504343
307626
552503
-404153
-142938
197405
-62231.1
-21726.9
8856.99
-35050.3
7675.78
-2263.08
22676.6
12654.9
-31349.2
-3873.85
26813.7
5473.8
-3062.68
4406.01
4655.07
-478.941
-790.978
-2.04485
-981.146
-2917.34
-5240.77
-2650.24
2475.55
3531.75
1434.06
-2575.26
-4992.43
-3403.89
-1921.62
-999.357
-963.125
-346161
515293
330432
-159444
-986604
19257.5
1.04517e+06
-188218
-420456
90277.7
159966
-107090
40901.4
-31550.4
-16071.7
43805.4
-34653.5
2739.15
51776.7
-6518.16
-10112.3
10439.5
4090.37
202.672
325.642
345.244
-646.264
-3423.99
-3455.73
1432.55
3916.33
2336.6
1025.62
-196.425
-1727.67
-2939.65
-2995.92
-2485.09
-1921.77
-1383.91
-1564.04
-1492.36
366582
-418037
-41866.1
-495780
-123262
831100
265706
-590070
-112186
375910
-48833
-101372
85872.9
-44874.2
20916.9
25193.5
-64634.1
25588.6
71434.4
-22173.5
-19150.2
13058.1
15929.1
1451.22
-10897.3
-1018.91
9795.93
2365.58
-7896.04
-1042.03
6555.28
3952.19
-568.555
-3120.19
-2699.65
-2498.43
-2114.61
-1150.11
-1150.77
-1101.36
-2042.77
-2249.77
293644
-7364.1
-753528
-263469
752787
522095
-717268
-423851
715323
-54384.3
-179588
105958
9979.56
-25129.4
33908.8
-30998.2
-28948
35503.9
27175.6
3439.23
-3802.14
-7425.33
5956.9
2663.17
-6453.38
7266.74
17558.5
4420.16
-23336.2
-2882.13
14882.2
7463.65
-400.106
-4863.41
-2807.3
-1900.6
-1688.84
-1182.66
-884.722
-599.878
-2109.86
-2569.47
-220589
-104354
-245759
739713
363983
-527648
-598007
481418
389542
-290162
-94786.2
184507
-58023.9
13606.8
11376.8
-34706.4
3720.74
22191.8
16255.9
7441.51
-12487.6
-11526.1
8903.84
4319.79
-6544
5045.49
10497.5
-75.3591
-7606.87
3349.46
6584.88
1564.53
-2154.58
-1560.12
-883.646
-1535.74
-1488.15
309.227
-171.547
-392.718
-2633.63
-2999.16
-586490
172230
860603
-102144
-544972
-467784
339457
612024
-365243
-158522
260510
-8570.74
-42871.3
47971.3
-14360.7
-1833.45
-5458.57
-13286.3
26965.9
9525.48
-12513.5
-2834.01
-1259.69
318.68
8954.01
3826.3
-4905.04
-4516.42
771.026
2099.43
-73.4139
-752.595
843.054
1818.95
1239.68
-881.024
-694.731
1557.35
-8.9472
-1442.67
-3406.44
-3530.58
-322222
402678
365982
-177275
-853271
-10071.2
937766
-157296
-384300
156291
176011
-133709
-917.543
57948.7
-16298.1
13553.7
-20618
6836.42
44048.9
-21220.8
-9330.92
29080.9
-6813.46
-15768.4
2030.57
1319.35
-4450.42
2654.95
3688.89
-1888.99
-1078.37
3183.96
3550.38
2811.96
1661.94
-43.7738
251.617
1167.15
-762.412
-2746.62
-3521.5
-3542.36
-211537
259232
292481
-66612.6
-617882
-9687.63
546980
-122542
-223436
166960
50315.8
-117843
32254.5
11325.2
-31335.6
31457.5
-15905.7
22113
26471.4
-41655.2
-468.272
46309.1
-6659.12
-15885.2
-996.221
439.485
431.494
6091.97
2211.71
-3737.54
1796.85
5857.54
3519.36
1822.83
170.204
-533.407
-441.242
-420.242
-1952.16
-3329.42
-2637.84
-2852.81
-179480
192596
412528
-65008.9
-543208
-141521
404449
243977
-327249
-170363
117111
86168.4
2443.63
-64000.1
-8632.83
28278
-7760.26
38960.7
-6127.4
-35046.7
24789.3
31755.9
-15255.1
-13248
1819.71
133.458
555.702
3414.64
-2178.93
-4439.82
1574.78
5980.07
1409.79
254.276
-1891.19
-1796.01
-1290.46
-1489.84
-3094.89
-3285.22
-1962.85
-1400.12
-147959
24580.9
130133
-75362.7
-40329.2
-37356
454519
-1690.86
-377513
-177053
107441
237890
-118712
-124012
70084.5
22120.4
-21287.6
34967.4
-22194.6
-20319.6
38555.9
8640.2
-22177.9
-8114
6742.07
-770.022
-317.101
3296.95
-3574.51
-5531.22
-648.758
3653.26
-884.327
-1234.29
-1761.87
-542.112
47.4725
-990.893
-2377.66
-1779.03
-1028.13
-435.978
158579
-71157.5
-362654
-14127.8
850764
53833.3
-424228
-129170
168066
-152386
-125589
193293
-139302
-97835.6
114484
-16320.5
-25049.9
30369.5
-29186.1
-8725.06
35295.2
-6735.18
-22219.5
-2203.14
7701.85
-2293.3
190.967
4948.91
-2632.7
-4720.51
-1016.5
1396.83
-2554.89
-3221.8
-1700.41
942.931
2650.36
249.812
-989.658
-671.642
-507.459
-33.8498
-202737
101899
-163818
634514
328253
-519360
-464381
565515
98465.6
-315818
-118272
189325
-152618
-27846.9
105738
-50964.5
-14835.5
17270.4
-29052.9
2778.16
23734.7
-12236.3
-16058.4
2036.89
5409.84
-2153.98
1689.8
4558.77
-1654.05
-2749.17
454.14
910.932
-2771.79
-2836.55
-1206.98
1940.79
2884.94
589.757
-453.554
-306.22
-47.4698
407.605
-577477
244772
952902
-3852.42
-550514
-529227
394220
567382
-430598
-271081
328066
-44500.2
-146031
80441.7
35623.1
-54982.9
3468.79
992.935
-18358
11553.1
10258
-9405.39
-6483.51
3285.18
3267.53
200.537
2546.44
2334.14
-729.219
-160.027
2275.09
1417.22
-1070.32
-1248.67
-21.3701
2475
2463.11
503.66
-229.444
79.0764
359.382
274.854
219807
-96718.7
175026
-414646
-332031
497710
465907
-420582
-400814
492816
30347.3
-202065
9744.01
90013.9
-39284.2
-26838
13732.6
-9515.36
-4175.58
10793.8
-1626.79
-3053.53
2108.72
2391.99
2507.19
2940.72
2323.86
635.649
320.412
2149.93
3421.12
1870.49
235.815
44.4705
961.256
2471.63
1615.12
-6.70828
-259.585
450.588
584.962
-89.3855
524867
-98556.2
-828084
-196314
766219
360404
-593163
-414009
602604
41853.4
-217109
-17183.9
135238
-34020.4
-29730.6
3998.84
6456.87
-8514.46
7711.06
194.156
-10306.4
4053.86
7235.61
727.672
2753.46
4701.53
1494.88
-260.357
1112.38
3405.5
3490.75
1715.39
760.954
708.383
1460.67
1876.11
476.69
-710.752
-425.174
722.767
664.983
-556.296
-368178
-34887.9
40111
576375
191906
-656670
-339179
706319
109553
-306443
-75580.4
217854
-49344.7
-20075.9
5020.27
3361.42
-2298.28
2019.38
11826.1
-14371.9
-10791.9
13758.6
6965.5
-2371.11
2916.25
4923.91
301.824
-762.924
1471.93
3176.47
2276.64
790.661
534.077
828.758
1353.74
901.216
-467.364
-1054.51
-328.174
913.205
581.753
-971.253
-386242
346235
646288
-23414.1
-831564
-218368
794299
67804.1
-425572
-3452.16
263690
-89939.4
-70001.7
56767.8
-8273.91
1096.85
910.754
12224.8
1408.1
-21890.7
1911.17
18720.8
-1311.66
-4929.91
3477.49
2447.37
-1271.14
-126.005
1707.42
884.162
-279.741
-368.381
-41.8749
479.948
543.604
-213.08
-905.878
-721.449
244.01
1049.93
464.874
-924.044
359298
-384736
28011.5
-414217
-114460
741870
261663
-617707
-227171
567975
-63903.6
-236667
89619.9
39225.5
-25025
2921.89
5713.46
14230.3
-15113.7
-15186.8
18280.1
8571.42
-10340
-2047.78
3768.45
-2680.43
-2506.15
1975.56
915.051
-3105.19
-3388.61
-1231.23
-461.696
-261.126
-674.63
-1185.01
-867.883
208.233
1205.44
1255.91
631.327
-83.2219
594753
-66704.9
-821884
-215640
782489
371461
-595569
-424293
597915
25513.3
-240850
-85402.3
217496
-34395.5
-22541.2
2529.44
15784.3
6687.6
-19622.4
2044.14
18546.4
-7001.82
-9996.4
3280.54
-845.277
-6734
-1664.51
2783.26
-2146.59
-5963.48
-4549.01
-1175.35
-673.664
-1129.07
-1681.83
-1767.11
-600.288
1266.22
2165.93
1648.32
1273.74
1399.37
59949.5
-211250
-296537
374066
615033
-267134
-585874
110433
623568
-468912
-236498
344807
44714.6
-64888.9
-7196.82
11863.5
19047.8
-3218.8
-5455.95
13259.3
1776.51
-11085.4
-1275.98
1406.35
-6584.51
-5144.15
309.536
-1546.76
-5983.93
-5504.95
-2146.62
-502.296
-1224.54
-1811.29
-2097.98
-1908.57
-341.063
1917.16
2762.2
2241.87
2248.96
2909.71
-894841
45482
395124
631827
-95706.8
-697205
58091.9
692339
-248336
-423431
263813
216348
-106710
-17504.8
21742
9877.75
8615.95
-3893.42
9554.47
9477.9
-11209.4
-6231.95
3732.66
-4105.18
-6285.85
-400.411
-1802.87
-7720.39
-7381.32
-1008.53
1923.19
-640.587
-1787.47
-1961.95
-1864.49
-1586.54
-91.7742
1947.39
2849.4
2825.3
3050.77
3567.48
-163418
295681
338188
-347887
-486666
80962.6
630145
-227938
-463386
277031
256496
-131953
-48363.5
65911.6
-1491.7
-8143.65
8619.2
-2794.39
7462.45
3603.35
-12460.7
-3207.25
3463.84
-3358.36
-2384.29
-510.39
-6438.07
-9156.69
-3989.02
4186.04
3659.01
-780.252
-1740.09
-1606.04
-1277.31
-886.328
135.909
1440.41
2524.89
3140.24
3219.85
2982.4
271079
-45127.9
-241294
-34890.1
220419
37719.6
-447223
-224300
507382
80164.5
-139161
-35919.1
28511.2
17321.6
-24223
-61.3871
12263.5
-19861.7
3109.06
7097.77
-12483
-3253
6253.79
879.098
-2508.11
-4503.21
-6528.43
-4279.43
1793.84
5380.84
2657.54
-621.351
-1303.36
-1116.09
-581.917
66.7499
326.519
852.567
2157.95
2946.49
2417.69
1318.45
-314139
47818.6
606990
-87139.8
-227622
-556574
2054.55
646503
-85715.8
-224690
87134.1
6602.99
-53653.1
20408
-23444.8
16493.7
-8247.59
-28038.6
16958.5
1543.56
-16560.1
1277.38
9307.37
-259.117
-5005.52
-4092.59
-993.976
2315.14
3643.57
2546.64
1625.15
35.6813
-1222
-714.452
198.299
942.913
462.179
704.531
1983.12
2035.26
759.539
-571.638
90607.7
46978.4
141881
-321206
-452534
342188
554652
-230746
-443341
291457
75617
-161496
27004.4
-5679.73
-31105.2
35396.3
-31663.8
-8710.34
19305.6
-16646.1
-11666.8
8785.92
3310.61
-4767.07
-3170.24
1464.44
4440.49
4084.48
1203.18
145.647
1568.71
168.499
-1514.14
-290.801
955.581
1341.54
685.279
1225.87
1871.52
700.483
-791.194
-1647.2
411125
4574.21
-864579
-83642.7
813252
256580
-357462
-487233
435423
45129.6
-215568
1805.78
95760
-96471.3
24122.8
17514.7
-38279.6
11404.7
-2368.91
-21241.8
2924.62
6702.33
-5613.63
-4288.49
2090.13
4382.2
3688.55
1141.74
-1140.2
-286.621
1113.45
-542.311
-1306.75
391.083
1265.01
1219.38
1201.52
2031.7
1576.1
-159.066
-1120.46
-1368.7
-425747
-31140.1
112389
572061
126264
-592670
-311419
722694
-11565.1
-358800
-91724.6
258081
-124743
-47980.7
75470.5
-35122.3
-21974.7
11974.3
-17391.1
-7979.69
9110.16
-3601.89
-7926.26
637.408
4095.32
1068.85
-1247.85
-2216.19
-1619.23
-58.8834
-367.565
-1098.41
-34.3856
1135.56
989.798
984.353
1818.4
2301.98
1261.17
300.525
181.842
104.831
-210309
346045
399879
-147804
-675274
-123002
816163
-93079.9
-416257
-26735.2
298871
-133501
-110756
92123.2
1374.26
-46632
2671.97
2332.74
-11847.8
2618.94
1956.34
-8592.07
-4456.99
2332.96
-90.9955
-4513.54
-5111.61
-3242.89
-1160.17
-833.061
-1846.43
-459.139
1642.76
1348.74
728.166
1014.89
1931.99
1738.3
1400.83
1980.37
2489.06
2223.03
687310
-212893
-616598
-229123
376801
469679
-183128
-465418
73332
400386
-158015
-204483
113261
33607.6
-50064.8
-15718.4
12295.3
-755.675
-5128.88
1455.37
-2910.58
-6774.82
-2680.93
-498.291
-4818.18
-7928.37
-6144.97
-2086.14
-1015.98
-2687.51
-2067.06
1075.58
2176.15
1080.82
946.506
1267.5
1393.27
984.617
2029.72
3817.42
4555.14
4227.76
-178607
2212.4
-78001.2
552187
131165
-302704
-513583
347000
367646
-276585
-249280
190027
43281.5
-58494.6
-17101.7
4455.81
13110.3
-2733.41
-7823.87
797.652
906.737
-6053.78
-5707.72
-2793.02
-5616.75
-8042.49
-4891.6
-174.247
-1459.05
-4216.18
-1651.44
2078.16
1612
697.98
1367.82
1501.45
893.003
838.614
2752.67
4865.65
5619.53
5640.56
-388767
240172
616468
-16240.1
-505666
-434860
609127
319276
-359647
-336603
306002
58604.7
-105228
5354.43
3330.63
8958.17
12022.5
-11037.5
-9038.92
7234.04
2808.37
-10914.3
-8539.29
-790.674
-2913.79
-6138.41
-2919.2
725.253
-2046.49
-3989.6
-839.813
1382.74
355.085
409.492
1621.26
1707.71
1052.76
1342.96
3018.33
4677.41
5441.06
6111.8
400189
-229802
24608.6
-463735
-180338
851214
262888
-539189
-445681
547967
58752.8
-188991
562.055
37500.1
-13001.5
20045.8
934.434
-14571.7
-477.259
12196.9
-2445.08
-14853
-6772.68
3045.37
-267.443
-4083.48
-1598.31
409.214
-1884.71
-2279.37
-232.531
-233.764
-671.214
473.662
1670.79
1856.01
1564.5
1829.15
2622.24
3605.53
4325.47
5505.31
427250
-40574.9
-567896
-151709
846628
169506
-622862
-458960
711492
94046.1
-242994
-46975
109138
-40343
11085.8
17105.4
-8600.6
-5291.91
6745.71
6923.5
-7906.85
-11141.9
-760.796
4755.45
-377.619
-3583.49
-1490.52
131.866
-652.555
-695.097
-602.657
-1251.88
-653.063
847.753
1645.05
1971.7
1960.36
1877.63
1850.89
2300.74
2888.38
4252.45
-560265
68852.9
185012
653279
64710.1
-830923
-315369
938912
48869.5
-325105
-103398
211104
-60047.4
-5851.91
28649.4
-6701.51
3676.04
4539.64
4857.25
-1899.6
-7579.14
-2289.77
4049.19
2413.5
-2785.64
-3982.15
-1372.11
381.065
62.1025
-460.279
-824.573
-697.278
184.843
984.99
1272.54
1735.81
1834.97
1548.03
1238.27
1314.59
1697.57
3032.24
18834
105710
241262
-253238
-438139
40908.1
681426
-133569
-360275
31495.6
276935
-107442
-33961.1
53542.7
-22474.6
12902.4
10073.5
-2920.85
1502.4
-4636.79
-2297.39
4813.38
3161.5
-2700.25
-4938.24
-2920.81
-317.941
-571.545
-1783.23
-1265.66
196.735
837.255
777.129
917.548
996.842
1482.56
1458.85
1207.05
1013.97
857.693
1101.83
2352.04
268928
-45761.3
-546367
-71966.9
740405
90479.2
-364884
-385461
357903
79664.2
-148439
390.693
86984.6
-62397.6
11164.2
37240.4
-20187.6
-4476.63
5853.94
-3961.89
1900.06
5499.2
-2308.38
-6718.09
-3635.47
928.103
201.526
-3785.16
-4513.99
-738.923
1604.36
1131.97
547
831.184
1027.66
1454.1
1317.56
1297.67
1210.17
877.769
1059.65
2131.03
-222328
52203.8
296635
65404.5
-236407
-180616
192000
142875
-112222
-166110
139131
59374.2
-101125
-7531.71
66577.2
-22745
-29797.8
13621.3
3847.24
-7732.45
2060.46
1962.16
-6587.24
-6218.7
1424.75
4408.31
-2431.24
-7426.15
-4245.42
1311.24
876.047
-261.048
-181.4
826.898
1045.84
1352.49
1446.08
1898.01
1918.92
1488.38
1494.86
1938.65
-488734
267233
633063
-15985.3
-564663
-242745
557143
30284.8
-203984
10782.1
129367
-117981
-48446.4
92770.7
-8306.2
-52717.4
10755.7
18916.2
-12644.6
-9586.56
2247.84
-3367.2
-7971.24
-1455.37
7320.37
2920.27
-7576.53
-7781.78
-629.354
2042.62
-1248.86
-2031.39
-474.343
772.755
626.383
937.511
1480.24
2343.83
2555.91
2199.48
2064.71
1525.5
-441816
261051
710205
-57714.9
-682118
-328978
615257
174605
-200362
-102284
108983
-57402.9
-1339.7
50362.2
-48169.3
-13723
27781.6
-10503.8
-21336.8
-2591.06
2115.81
-5413.25
-5026.92
2842.25
6276.87
-4329.42
-9211.08
-2818.39
3857.11
-214.286
-4571.72
-2553.78
-72.1916
221.584
115.755
861.314
1983.65
3048.85
3416.3
2989.18
2080.78
188.651
179653
-31438.4
169860
-374085
-428722
482142
319783
-200106
-280456
207994
44735.1
-101570
33205.3
-4199.13
-39278.9
20746.8
1035.28
-22565
-6705.04
3266.68
-2597.49
-4198.14
-1426.47
2761.87
-473.411
-7452.94
-6675.57
228.88
2351
-2736.08
-4615.32
-2029.64
-553.289
-489.063
378.7
1127.44
2217.46
2716.28
3100.47
2659.49
1690.94
-90.9132
558777
-88309.1
-933613
-73345.8
751617
156198
-341313
-399788
425033
45879.3
-179278
-27709.9
70618.9
-63650.4
-1637.3
13947.9
-23900.9
-6720.59
6251.47
-1011.62
-4537.78
-4046.75
-1800.37
-4010.5
-6620.68
-5919.66
-4065.18
20.2241
-598.405
-3883.77
-3281.7
-609.377
196.275
318.394
1634.37
1780.37
2181.23
1982.88
1859.13
1165.62
712.173
68.7746
-316917
-22490
86522.2
459037
110384
-411491
-347147
516540
80765.8
-258909
-133290
174389
-68637.6
-51257.2
27822
-16615
-11638.8
12622.5
-2420.83
-8046.86
-4114.79
-1402.84
-4632.03
-6486.29
-5812.71
-4030.59
-906.201
-31.2218
-3312.22
-4672.8
-1126.34
1177.16
763.869
772.72
2662.16
2386.3
1762.32
1038.23
773.164
227.536
-25.5222
-80.7394
-238891
375803
360264
-11889.7
-745177
-163933
747639
14856.2
-452145
-79630.1
263457
-71850.7
-93072.8
32030
-3216.04
-23815.1
14142
4064.22
-13966.8
-4743.4
5265.09
-1887.21
-6874.45
-5386.56
-3977.93
-1370.98
990.407
-1580.94
-5211.88
-3987.37
649.07
1518.16
860.451
1635.46
3361.67
2178.46
840.521
228.575
105.794
11.4042
-170.796
-63.6537
524426
-327830
-116301
-393857
-149273
773289
67279.4
-503125
-170118
461380
-73061.5
-178578
34957.2
64242.5
-24142.7
-4056.8
9174.14
-20171.4
-3292.19
18192.7
2888.27
-8216.85
-8036.56
-3929.51
172.393
408.072
-1414.28
-4497.9
-4592.53
-646.229
2327.95
1076.96
1391.02
3273.09
2987.4
764.765
-188.038
-305.664
-199.771
245.224
370.941
333.582
601779
-146902
-691891
-214551
750267
179564
-623961
-273945
577454
91783
-250521
-82989.7
130860
-2452.01
-27725.9
36623.1
-10978.1
-30513.9
6107.94
29434.2
1769.97
-14719.1
-10447.8
5115.13
3933.72
-1898.88
-4080.2
-3427.48
-864.147
1746.13
1657.2
478.475
2058.82
3527.57
1336.57
-673.826
-973.736
-454.688
132.472
964.848
1252.09
937.978
225453
-98336.5
-247935
79367.2
451003
-280279
-425919
159542
366783
-251969
-150783
139964
67908.7
-50651.9
-16656.8
42121.5
-68870.6
-11794
60171.5
-14675.8
10443.5
-15160.4
-5121.2
9337.45
672.415
-4222.65
-1999.59
547.532
1289.77
752.456
6.45828
883.015
1883.57
1203.87
-902.411
-1391.97
-1199.43
-144.629
927.834
1814.45
1927.36
1644.22
-593640
107441
-21484.6
682688
-103344
-480373
-1163.74
520936
-178743
-258029
119095
142001
-37307.5
-51373.3
60334
8585.48
-68066.1
-24819.2
28586.5
29906.5
-1404.61
-17994.2
4544.72
8447.36
-2319.01
-1203.47
1469.33
1361.11
134.764
-194.679
647.065
1456.34
-194.533
-1902.25
-2308.1
-1406.17
-624.767
659.818
1796.32
2471.1
2505.28
2761.3
-402554
305785
675340
-11074.9
-834237
-193018
687287
14735.4
-293342
-107081
207333
11993.6
-46014
-33099.6
87285.1
-54763.3
-59474.9
20021.7
20223.4
28114.4
-12717
-18344
11183.4
5239.82
-877.708
2961.11
976.109
-776.959
-890.094
605.137
1068.12
-302.31
-2625.41
-3094.74
-2099.36
-827.893
448.382
1632.62
2410.48
2707.88
3168.81
4193.21
348227
-352209
-179327
-248603
-107704
720968
18033.6
-435571
-21522.6
218117
-12861.6
-16099.8
-17649
56539.2
-43621.1
-53015.5
7305.59
23317.4
22151.1
-768.679
-31463.4
-1667.65
14748.9
-207.498
1399.51
1128.93
-2674.39
-614.629
2662.24
2101.04
-1216.77
-3757.41
-3502.7
-1975.34
-1118.52
-321.421
1344.72
2207.46
2506.36
2732.83
3659.52
5169.09
-31576.5
-48586.1
-219681
361275
244549
-180583
-185748
55095.2
24673.1
-24404.6
95237
-24448.9
-40875.2
-16680.4
-94739.3
11890
45667.6
32180.6
10378.9
-34553
-29770.8
16790.4
6223.21
-4780.31
444.389
-4503.42
-2036.79
3183.06
2000.27
-1601.17
-2889.98
-2680.31
-1269.81
-897.732
-672.821
209.773
1948.98
2221.77
2263.03
2888.11
4139.09
5000.88
-373984
277011
288323
13855.8
-404057
-60893
300238
-46869.5
-72354.3
139241
-38613.9
-108055
27414.6
-72989.6
21624.7
37682.2
7747.01
17984.8
-9057.65
-48799.6
1818.14
18339.3
-6757.67
-4032.47
-4538.89
-6837.99
189.433
1861.86
-1524.5
-3449.81
-1078.89
198.583
15.7493
-515.939
338.322
1283.15
1537.3
1111.72
2011.1
3334.55
4305.81
3985.73
309921
-215714
-78725.6
-206494
28563.7
61178.5
5216.98
197318
155020
-159404
-194849
15900.8
-45575
-3959.32
48192.6
62696.1
3160.98
-30252.2
-32181.5
-21411.8
15300.2
3207.28
-12014.4
-6045.29
-4876.81
-2493.25
-3255.59
-5101.65
-3418.26
1428.28
1046.22
-1079.25
-182.471
948.129
1860.01
1711.13
823.439
358.99
2142.98
3448.01
3699.97
2956.72
92684.7
15506.9
-207837
186800
148667
-202939
-162528
314701
173189
-236515
-142584
60056
-29279.6
33808.2
49975.6
36571.1
-12663.6
-58198
-20550.1
3538
5617.19
-10518.5
-12736
-4250.35
3396.56
-4101.24
-12309.1
-5947.83
2562.66
2931.11
-2461.72
-2282.77
799.052
3246.26
2683.45
777.501
468.785
1437.76
1992.24
2414.44
2504.18
2680.6
-375092
6683.58
125630
385227
-8478.19
-286234
-46574.2
427371
-92236.3
-200347
65784.8
9387.97
-31537.5
28140.2
43983.6
40467.1
-44102.8
-59675.5
-3169.53
16597.9
-3323.54
-15092.6
-10694.9
1669.07
1933.71
-11152.6
-9748.32
641.192
3998.27
-1780.4
-3623.73
-161.598
2535.37
2136.45
547.601
1163.39
2460.1
2625.98
1127.26
1190.76
1483.51
2612.26
-451283
4328.42
438581
175458
-158467
-229979
50823.8
486276
-124507
-210958
152203
-18270.2
-36262.1
874.889
3698.86
47606.9
-54412.3
-43480.4
30198.4
6298.41
-18182.1
-10151.8
-980.734
2557.49
-5828.44
-9437.63
-1034.04
2039.84
-1517.58
-5335.3
-189.529
3630.56
1864.28
-319.319
86.0833
3050.74
3450.28
2384.94
863.986
996.4
1106.11
2136.61
-557054
170241
640587
-28564.4
-265975
-362774
140765
503677
-150579
-223942
173432
-23522.3
-14868.6
5500.97
65897.3
-27372.8
-82605.5
21646.6
52272.9
-15398.3
-30988.9
5036.26
6909.66
-3192.92
-5992.46
-205.141
3223.68
-2334.9
-5853.28
-2652.11
5086.38
3888.65
-1108.36
-768.132
1574.01
3568.13
2653.32
1845.42
1849.6
1663.71
1127.06
1158.19
-291009
362844
342227
-168127
-431409
-79786.6
706919
-235351
-328311
77857.7
181046
-86109.1
-32943.7
89075.4
72515.8
-138561
-98643.6
105657
85318.9
-58256.7
-34231.3
28919.6
6696.64
-10681.8
-1747.56
5955.14
2453.03
-4849
-5271.71
548.787
5348.28
1901.88
-2139.6
693.95
3355.37
2420.57
1583.36
1518.23
2576.18
2061.19
1226.64
474.44
244763
-98305.8
111735
-177941
-249928
672439
-20314.2
-721042
-328210
461733
36254.6
45140
55799.4
149031
-83806.9
-261201
-24219.3
232904
88425.2
-128692
-21304.6
45616.7
3275.3
-14348.1
-580.138
6402.03
1349.97
-4382.49
-3010.11
2235.27
2652.47
-1051.14
-931.366
2331.71
3249.14
1488.23
630.546
1334.04
2388.7
1690.62
1004.43
378.59
577905
-9695.19
-38743.2
-460277
-101324
356468
-144100
-357262
-96546.6
270360
-91293.6
5246.93
323071
41218
-206810
-173926
43956.9
198612
41916.8
-121112
13304.9
29629.8
-6353.16
-9132.01
-1282.62
3379.58
567.533
-3178.83
-1998.98
2209
1026.12
-2149.64
-1266.37
2197.15
2095.07
197.543
407.439
1172.2
1529.6
976.125
684.748
365.924
692772
112439
-685658
-204304
324826
198121
-243697
-451697
213044
4735.95
-167078
266081
190718
-81204.2
-112511
-12631
6566.24
75083.3
3232.5
-31099.1
8378.36
2502.13
-1747.68
-5843.44
-3726.1
2976.55
-1520.68
-3849.68
-2935.09
-21.6752
668.927
-1551.17
-861.015
709.372
242.523
-377.943
36.506
665.982
620.886
341.035
487.632
297.87
-184441
-182290
-44351.7
328968
210647
-172770
-266861
177531
281075
-221738
-47921.5
-9381.83
-54337.7
58533.3
-23284.2
-17551.9
59282.7
444.082
-33754.7
6778.9
4522.4
-3901.94
-2854.2
-1958.28
2418.83
835.197
-5941.81
-4844.84
-410.641
1384.4
836.581
-1498.07
-1188.76
-675.371
-1263.07
-1485.01
-961.663
-168.475
-188.034
-106.454
421.78
189.559
-363949
8222.89
-81231.7
-56960.7
-483855
-66259.1
1.04422e+06
413757
-141338
-91203.7
-6452.89
-237438
-377756
135650
150065
18349.8
63621
-80670.5
-49775.2
39313.1
4000.54
-7033.45
3906.81
1961.46
435.539
-1585.55
-3203.92
-1770
54.0546
833.849
861.238
-875.606
-1511.93
-1785.71
-2295.84
-2459.05
-1709.56
-727.31
-715.822
-480.676
-147.733
-635.118
162476
-541779
-786676
-406962
260830
1.11442e+06
271422
79306
465051
-20752.1
-366510
-573468
-279267
256431
219861
173953
-32512
-250318
48414.9
64774.7
-12447.4
-3137.5
1535.55
-2817.17
1850.51
4538.51
1665.94
-175.492
40.9574
469.658
250.802
-308.055
-904.969
-1819.83
-2407.44
-2240.27
-1558.24
-1130.96
-1350.46
-797.654
-504.471
-825.362
-493104
-513688
-262092
-156094
150455
503232
391296
1.02145e+06
65049.3
-119604
-739751
-649827
-72865.8
387250
282079
245292
-264416
-288139
240858
31756.5
-60254.2
20312
6995.93
-7622.73
4492.38
8845.04
1121.28
-986.327
1829.1
1755
40.5688
-448.625
-655.763
-941.005
-1363.17
-1285.72
-1315.41
-1876.89
-1926.6
-1655.52
-2133.59
-2204.64
-485512
71139.5
188288
-74383.6
-376085
-125780
997322
400212
-23445
-331370
-230629
-158102
-138748
242569
332556
20231.8
-299605
98981
57189.7
-61183.8
-15649.2
41928.3
-14827.6
-16777.7
17790.1
11395.9
-4409.79
-4197.4
2358.05
3327.99
1374.96
-188.439
-192.711
690.491
347.78
-1040.64
-2055.02
-2357.94
-2351.45
-2899.69
-3667.86
-3646.49
630740
292476
-80965.9
-288403
-278630
244124
-54564.8
-616556
-450218
451532
391074
220297
-151154
-6009.26
-15797.5
-230618
125657
110812
-124218
-78253.8
126666
-3556.14
-31388.7
-3117.02
21425.5
7375.78
-4110.75
2086.65
2728.94
427.707
269.097
405.5
641.627
1707.94
1301.23
-1479.25
-2480.39
-2086.21
-2434.19
-3324.53
-3881.9
-3882.93
605616
398790
238002
51812.6
-126050
-154324
-1.31643e+06
-586894
431266
287289
470752
427112
-121656
-243518
-262754
20175.5
254414
-57023.9
-87074.2
73708.8
38117
-55910.3
-27414.8
15290.4
15060.8
1181.8
-2331.07
3184.02
2184.93
-147.952
-265.68
1278.03
1703.05
1201.4
341.002
-1399.66
-1936.31
-2125.34
-3100.87
-4068.81
-4417.72
-4431.43
258515
317927
141101
89984.5
-567838
-458183
-89274.4
502134
-22929.2
-64579.1
186641
294143
-247758
-429230
84030.8
380658
79669.2
-286644
-94538.8
227105
-23517
-44967.4
-24992.7
23449
12758.1
-3707.88
-4505.42
2691.93
2969.34
1111.5
443.688
1170.78
1161.37
-110.661
-1034.42
-1192.5
-1702.33
-2728.83
-4104.01
-4630.29
-4395.45
-4220.89
-255185
-621917
-220370
-479648
46680.1
581465
1.30256e+06
288916
-165844
-549271
-369005
-48643.6
20979.6
-22249.9
318226
209595
-319014
-65059.3
217281
-21908.6
-74416.2
-37852.4
18550.6
32665.5
-4091.7
-5013.65
2299.35
4025.95
1949.68
303.259
550.19
862.626
8.59346
-1102.22
-1629.33
-1697.02
-2434.23
-3471.87
-4143
-3887.89
-3378.89
-3039.87
-87005.2
-680561
-1.24669e+06
-197883
730468
1.65523e+06
626636
-67947.3
24831.7
-489821
-1.00905e+06
-79677.7
530663
303621
130183
-256614
-106622
149097
53643.5
-71529.2
-17605.9
5951.74
22796.8
9453.62
-3554.64
-1591.45
2114.26
424.838
-392.844
-1211.22
-634.167
-116.003
-1191.08
-1960.46
-2147.85
-2357.32
-2873.76
-3275.66
-3017.1
-2517.77
-1969.17
-1658.62
-740426
-724438
-545106
197298
1.36379e+06
117843
489814
183135
145717
-589216
-1.04351e+06
191134
485399
478602
-20883
-544904
-37627.1
312959
-20605
-48051.6
25322.4
28358.7
-3207.41
-3968.36
4555.97
815.571
-1171.71
225.52
145.738
-480.87
-16.1055
352.903
-632.339
-1371.2
-1918.03
-3027.22
-3271.41
-3414.94
-2524.64
-1730.34
-1444.58
-1363.71
-1.10116e+06
7983.86
390792
554537
222206
-94473.2
-63522.7
329755
-18018.4
-550643
-259285
231116
321791
237177
-324556
-195418
215789
27941.7
-60973.4
23596.7
18391.3
-175.107
-3756.3
2730.82
2253.18
-600.457
1025.19
4103.26
1428.32
78.9513
912.339
1149.51
18.794
-851.395
-1567.18
-3032.92
-3276.36
-2873.57
-1352.94
-533.552
-479.459
-535.915
-41555.9
141763
716585
-163223
-291981
-753975
-371306
575560
20540.1
42324.4
122989
-58735
-243837
-28878.3
202257
-13506.7
-80735.2
18635.5
38792.2
531.128
-9415.37
27.8329
8908.82
5377.95
-15808.5
2708.98
7601.35
3218.53
737.132
-346.274
1589.31
1568.28
87.9159
-723.43
-1105.08
-2588.65
-2589.4
-1666.94
-333.896
-194.92
-643.641
-923.166
-126148
493030
302630
-45919.6
-1.22503e+06
-601397
97830.9
1.28044e+06
-3218.29
97042.1
70676.3
-540818
-304098
525793
286310
-293687
-86603.1
209239
9231.01
-82217.8
-30013.4
6849.97
27155.5
2179.44
-14047.3
986.496
9516.69
-465.571
10.7046
-465.57
1056.5
566.296
958.394
538.516
-275.063
-1731.03
-1578.47
-816.746
-233.646
-790.15
-1476.91
-1805.14
116319
-639689
-741782
-354112
1.07333e+06
425403
158960
386898
-2529
-235512
-518911
-287266
267400
529967
36750
-390705
30683.9
183652
-61215
-50560.7
-22485.3
13957
28946.6
-4996.74
-11293.5
2014.34
8529.85
-2729.55
-490.138
726.665
1248.38
525.308
751.803
612.475
377.297
-544.855
-444.389
87.6105
80.0204
-610.029
-1110.99
-1295.07
-1.44876e+06
-672922
141709
740070
249938
890605
1.08589e+06
59998.8
-674624
-1.41308e+06
41692.5
489833
554556
118631
-598215
102827
143631
-13842.3
-54648.6
-18812.2
1890.78
19623.1
14450.7
-7137.68
-7033.88
4432.34
3261.27
-4928.76
-2509.34
1807.46
399.937
1002.2
965.349
-300.636
-213.996
283.274
560.831
469.423
140.416
-48.001
-213.056
-503.716
-594158
-441335
121510
342057
373394
505118
404985
-86642.3
-1.11028e+06
-340001
155444
737156
317961
-677736
-216113
340302
112445
-128717
-1150.38
15913.2
10822.7
2420.54
-543.695
-2351.38
3310.93
-1207.57
-6602.32
-4741.02
1546.85
2621.7
-1377.63
1409.04
722.399
-1133.38
-818.998
734.507
1041.12
665.625
398.642
322.263
236.294
-4.32647
359895
53488.6
-79830.8
7896.92
263502
127337
-525897
-545729
192634
172713
134338
495801
-359990
-505386
467657
158001
-243097
-56841.2
54862.6
16153.5
-8750.55
-8037.5
-1297.13
4120.79
4331.64
-7705.09
-7598.37
-895.017
2826.63
1388
-1323.34
-2159.99
-1668.08
-410.856
577.182
1698.45
1075.21
402.11
480.54
762.04
788.062
582.965
706538
367027
149600
157723
-892333
-360244
-1.06294e+06
432550
783870
184148
326511
-24265.8
-927022
-13285
506846
5179.43
-261145
86544.7
24734.5
-16552.9
-9319.77
973.481
-596.889
-4062.04
-2478.99
-3561.82
-5147.6
540.566
1594.91
512.374
-2488.97
-1736.65
-447.038
1715.52
1671.78
921.809
671.087
1244.78
2147.86
2536.17
2332.86
1890.95
857396
517879
148342
-372021
-113179
-1.4792e+06
-561904
554888
861955
533300
14808.3
-918697
-362833
754243
133649
-428998
-91757.4
146520
-16240.1
-14689
1600.97
6651.84
-4926
-7055.68
1268.09
308.574
-5169.41
-1443.18
2564.96
2330.75
91.2384
896.661
156.147
802.564
571.571
-29.9768
738.578
1549.73
2608.33
2872.91
2557.68
2028.4
832594
93369.1
157774
-106701
-1.06874e+06
-714508
-30065.1
555609
793390
409516
-612548
-559563
575369
301217
-241288
-263506
119979
24860.7
-15100.8
5700.53
6402.34
-8418.8
-11600.2
9852.44
16144.2
-7584.15
-8229.58
488.722
3875.47
2182.86
4678.61
-2061.16
-2367.27
-434.435
630.266
751.878
1500.01
1955.02
2189.44
2203.41
2017.46
1635.39
-83388.3
-249277
-374142
43949.5
83957
181066
863930
41719.7
-135972
-373824
-503780
306162
548844
-45243.8
-410176
107174
27945.4
-36317.2
32723
18261.1
-14415.5
-29129.8
-13548.6
38444.9
11585.5
-13406.8
-5550.91
5380.28
1774.92
-4071.87
695.31
-3354.43
-1391.11
25.2506
1328.79
1769.3
1918.37
1911.38
1529.92
1912.56
2602.55
3250.73
-688382
-883697
-565175
697161
1.52385e+06
822386
234506
-581537
-1.12733e+06
-314674
476817
630998
197783
-687446
133128
71716.5
-68182
20976.7
30725.1
-12114.7
-27060.1
-24198.8
5766.23
38856.5
2003.87
-8659.97
1412.36
6111.42
-2573.56
-7189.06
-3229.98
-1427.65
-219.956
-68.8531
1172.96
1643.06
1046.96
812.301
637.509
1259.37
2146.95
3107.61
-2.12113e+06
160827
620656
657325
519749
1.03923e+06
-56382.5
-953656
-1.16522e+06
249443
744031
554779
-408168
-469070
273010
66315.4
-131557
43591
10235.3
-13814.9
-13995.1
-9038.67
9888
19468.3
-1543.04
-7800.91
11933.5
1001.56
-6548.68
-6053.45
-5755.17
-2247.02
-668.416
824.508
1639.31
1247.45
-63.0595
-311.157
-118.74
628.666
1269.94
1975.98
-1.0798e+06
45289.9
530972
483783
55532.1
299020
-11180.9
-849920
-566370
193128
865874
169051
-874430
8569.2
301229
-54787.9
-90880.1
41242.7
5453.91
-18180.2
-9344.97
9606.35
26491.9
-10239
-17477.5
-2737.87
14350.1
-627.661
-6723.17
-2943.38
-2226.9
-2060.25
-2150.77
2302.75
1494.82
47.0045
-718.029
-259.678
502.927
871.701
1005.45
835.313
635306
-444319
26801.4
228573
-79381.6
-147728
-234586
-270927
82635.1
273793
523027
-488178
-539485
479021
84160.1
-241863
64054.4
20555.8
-51067.6
-28899
-8778.67
32730.8
25450.1
-21059.4
-23387
3006.08
6374.06
-1912.07
-2191.84
2240.93
72.2046
3156.73
2172.56
1654.01
-632.624
-1863.8
-875.851
-359.063
420.914
472.395
168.624
-808.151
752649
278641
-303352
-143438
-269966
-760034
-127496
771010
163973
404809
-4701.19
-800132
177540
287468
-95649.5
-127140
135056
-27904.8
-52477.7
-23459.8
19343.9
26545.9
-7704.7
-12892.4
-3985.43
7950.5
-2726.33
-4604.04
-3259.01
551.806
7146.44
6251.67
3149.33
-576.813
-1369.57
-1219.56
-946.588
-861.226
-73.3987
-220.257
-1388.62
-2805.45
601671
619521
294068
-981592
-359339
-934495
168743
679231
519382
255726
-355229
-494200
370311
129116
-135937
75905.6
-22086.4
-58784.6
-8049.3
22857.7
23759.3
-13981.4
-24524.1
-2404.76
16848.8
818.968
-6801.8
-4430.44
-1577.21
-713.875
7270.03
1086.84
1009.72
-437.223
-423.839
-161.352
-553.794
-748.629
-349.554
-692.253
-1674.15
-2411.48
554106
348533
121332
-369654
-547922
-672464
252634
471259
218268
153924
-290774
-310549
264754
85369.6
-28929.9
23702
-61047.6
-3520.69
34082.6
36591.2
-9257.84
-28990.9
-20478.5
16788.9
13332.4
-6917.78
-3856.52
-1601.06
-1570.36
-1961.97
3257.6
166.802
-336.018
-32.9447
-62.2057
-568.028
-1198.29
-1256.03
-1086.22
-977.768
-1472.47
-1491.54
666079
286875
40407.6
-262333
-636155
-752724
602671
377729
122681
70148.3
-459295
-143660
257926
73345.2
-33210.2
-59544.7
-19093.9
42811.5
59286.8
4813.32
-24726.5
-31693.8
-969.313
26110.2
-918.014
-7412.72
9817.68
2005.38
-3822.91
-2487.81
-1610.49
-422.315
-200.542
-240.448
-855.747
-1620.01
-2627.23
-2533.86
-1415.52
-1266.88
-2136.98
-2437.89
738525
686133
-50465.5
-622687
-1.04253e+06
-370778
256921
763643
372460
-321828
-610895
241612
221191
-40314.8
-44935.1
-49027.2
8776.02
66642.2
16350.3
-7622.41
-27860
-20246.8
24586.9
15264.2
-3394.34
-5059.5
3812.11
570.048
-1075.23
-310.403
-4725.8
-2588.28
-336.088
-313.222
-681.817
-2172.73
-1574.38
-1623.72
-877.975
-1617.29
-2045.91
-2016.45
908914
312743
-87800.3
-898234
-752706
-145559
254311
831734
198158
-657022
-201705
398305
152685
-119988
-87110.7
-4758.99
83550.8
59292.4
-16873.1
-33023.8
-25468.7
7614.44
26443.5
-3716.36
-4565.65
4074.59
-217.898
2242.75
2202.42
2735.39
-4455.17
-3928.21
-1920.85
-199.968
821.235
473.182
1098.92
-1280.66
-2548.7
-2477.17
-1753.81
-1547.67
493905
-7574.21
-375232
-286521
-245788
132674
118496
405794
50470.8
-592018
124065
342203
1052.38
-151492
-19771.4
55870.8
66597.3
-13451.5
-28532.3
-23896.4
3002.43
27027.3
-5765.37
-11243.4
5493.74
11614.3
-2497.18
823.058
1930.95
2064.12
-253.621
-1021.7
-2016.75
-3511.44
-2516.68
8714.01
374.942
-3684.21
-4217.39
-3646.58
-2861.78
-2697.49
109612
-134345
-413666
207061
-260113
414752
-747.481
155932
49853.2
-504210
93400
283504
-32254.8
-199227
18779.5
102630
-1442.51
-52668.2
-13361.2
-1017.29
28002.4
18175
-7779.7
-5682.59
16928.4
8120.81
-9186.25
-2593.33
4087.66
3253.66
73.9168
-941.706
-413.692
-876.735
-2023.69
6017.67
-2066.67
-2543.89
-3843.98
-3671.6
-2929.48
-2710.48
80775.3
-92348.3
-334607
140940
-228987
347720
3936.36
171733
-11171.2
-522775
48238.7
275063
-11696.7
-219481
24832.8
114662
-6380.18
-57975.8
-23461.5
5792.33
33651
6889.15
-3027.1
2405.03
13380.8
1479.91
-12182.2
2221.55
4766.42
1330.15
-677.428
-75.3673
979.66
343.8
-258.698
2048.91
-555.554
-1527.23
-2516.95
-2055.25
-1477.75
-1480.89
326951
71553.1
-197198
-167614
-208678
49609.9
3067.83
271736
80982.2
-459238
-101913
252065
-3521.96
-183005
102092
103810
-53033.3
-58466.7
-24323.7
19406.4
43447.3
-3428.98
-8154.07
5092.43
-657.86
-4069.66
1953.97
11382.5
2612.22
-2862.65
-447.421
717.573
972.034
710.773
189.683
-1563.09
-1731.84
-1991.76
-2149.28
-1623.22
-1589.45
-1992.43
447990
118919
29462.4
-490178
-475253
-74123.4
132041
478439
163672
-436727
-270414
263219
34490.7
-125640
158500
48679.5
-108121
-14396.1
785.335
46553.5
19303.8
-17466.9
-18405.7
8315.76
-6612.54
-5229.13
20010.2
10516.7
-2604.82
-5160.66
-689.623
475.744
1003.16
1794.99
1163.8
-2643.99
-2043.96
-1457.37
-1358.54
-1321.21
-1749.5
-2363.36
908546
287557
-43937
-1.07823e+06
-599389
-4277.13
339704
707101
210864
-602477
-222184
320582
62397.1
-73588.3
132038
-27336.4
-59058.6
-969.952
38719.7
39770.3
-12447.7
-24823.8
-13693.4
1504.78
-9147.97
13753.5
19660.9
-2052.4
-9370.85
-3570.67
-879.267
-212.701
807.717
886.77
833.344
-1227.61
-312.526
352.863
402.569
245.838
-5.94696
-345.818
754972
162943
-424836
-621040
-258495
87862.5
246830
664799
37164.3
-758205
180100
306160
-32677.8
-13095.9
71644.3
-63861.4
-5444.72
24911.6
49538.6
-12973.2
-27226.2
-22822.2
13664.4
8484.97
-2787.94
10709
1342.02
-3943.76
-2047.71
-428.842
-754.615
-604.756
512.785
304.691
-57.593
-864.309
493.074
1048.61
927.752
549.957
65.9806
-9.27462
-19148
-37845.2
-331138
248994
-206896
225146
126853
350507
-175383
-518109
358173
271898
-145397
15765.3
7347.17
-46404.9
12134.6
57863.1
-1956.63
-29207.5
-35383.2
-7407.13
32229.9
14007.7
7973.25
-12273.3
-6959.97
-3039.77
926.602
1011.1
-634.405
-566.576
380.793
-371.194
-667.37
227.99
1037.67
217.182
-934.585
-749.369
695.161
-75.952
-360881
-424342
-34568.4
190608
497762
363066
-16951.7
-96097.2
-277038
-244073
385063
189429
-235487
73215.2
-30082.3
-59917.3
8864.29
60406.8
-11118.8
-24389.2
-31125.5
4505.51
31073.2
4502.84
10283.9
-19200.7
-18417.3
-1350.04
5564.22
1255.73
-2253.13
-965.442
352.561
-235.218
-250.793
2412.57
2078.37
761.35
-416.884
-292.399
1272.51
-518.283
-410984
-504269
-60773.9
454259
942244
55952.4
-187795
-214625
-202315
-123844
294457
82044.7
-151649
15544.9
-60980.4
-21612.4
42698.4
40805.1
-12003.1
-22934.8
-19222
22682.7
13449.9
-5551.76
-3629.78
-9712.58
-10971.9
6994.93
7512.54
-1423.53
-2025.31
631.46
1585.05
1186.48
1053.79
2231.66
1482.36
916.853
247.658
378.679
279.455
151.926
-161514
-132720
-52979.8
247053
37591.1
211596
-47939.8
-42559
-147135
-258393
152808
120875
-60411.4
-43344
-26377.1
53670.8
33006.1
-4199.45
-9811.6
-16255.1
1685.07
25060.4
-4575.89
-7295.53
596.483
-2265.39
-2090.76
10432.8
5044.25
-3281.5
-1685.62
394.966
1721.17
2537.6
1981.14
596.613
32.264
-519.978
-841.108
-504.866
-802.629
-535.232
25420.8
63137.1
-59390
-95022.6
-190032
195351
104909
237654
-258228
-453821
221187
182986
-85819.3
-66482.7
-1780.43
75384.2
30933.4
-8478.73
-10982.3
-9804.95
14003.8
7481.33
-14636.1
-11597
4338.65
9115.48
10536.8
2338.67
-5446.44
-4202.9
107.903
2412.6
3212
1967.34
490.586
11.155
35.3637
-754.401
-1210.8
-1062.89
-1166.36
-1650.3
-242428
-105281
37655
69823.8
274798
266382
97194.4
-24422.7
-466456
-213027
328597
170041
-181711
-47831.6
61381.8
38740.2
-5158.22
-419.527
-4011.6
11149.4
14004.8
-20948.4
-21099.1
-13176
9138.83
21657.9
2586.74
-7829.64
-7193.66
-1017.2
2757.32
3152.06
1877.98
-1080.86
-348.792
1330.81
1065.12
-90.6497
-233.964
-42.5851
178.683
-218.009
-362578
-519765
-279059
854852
809175
105512
-127115
-422901
-447650
189657
344052
7698.21
-263085
48781.4
39695.3
-14104.8
5180.01
13065.8
10108.7
2195.9
-7835.96
-14714.3
-9955.87
-2334.71
8801.38
10310
1991.7
-3937.09
-3129.92
1090.21
3668.81
2143.18
-668.638
-2015.51
437.655
800.594
26.5067
280.411
1106.74
1454.15
1279.65
1502.58
-959219
-471443
200066
940031
872900
117510
-384880
-683253
-110542
421514
290019
-210315
-152711
93778.4
55331.1
-70256.5
-14470.8
2373.32
22140.4
16876
-7960.86
-13899.9
-4239.64
7619
8346.62
-4784.65
597.507
-408.445
-105.045
2528.66
2455.4
-416.221
-1978.32
-596.629
895.275
-247.432
-718.614
538.043
522.215
290.037
247.971
11.6121
-1.22937e+06
-64121.3
222859
830099
544692
199122
-384435
-659337
58702.9
490564
286701
-270148
-132759
194937
39973.7
-133564
-19419.3
-9859.1
35282
20254.4
-11387.7
-13667.3
3791.33
7132.76
2457.96
-7380.56
-4051.15
-2088.08
894.634
1505.63
-1596.4
-3839.65
-2933.22
-414.352
-662.733
-1309.51
-564.864
642.032
451.716
339.965
1253.19
864.926
-843680
-87545.4
135410
622998
327011
254996
-157609
-445716
-89873.1
312983
207229
-280978
-21667.8
211285
22377.4
-146311
-8311.84
-6209.25
43706.1
1218.02
-11888.5
-5878.22
11698.6
666.355
327.977
-7709.68
-4920.61
-583.276
1571.7
-1909.61
-3713.13
-2457.66
-727.084
-24.3981
-250.116
389.18
1063.41
1230.64
1575.8
1852.31
2155.37
2471.62
-427643
-281811
15981.4
206772
749862
13616.6
-171210
9329.28
-124398
-86526.5
169201
-48882.4
7481.81
119879
-28140.9
-97615.9
-7862.99
24416.6
42492.8
-10192.8
-16671.3
1313.34
7111.14
-422.118
2673.77
-10148.4
-1671.4
5049.76
2675.72
-2094.31
-1942.38
-505.041
447.154
510.71
-0.123502
-64.7307
365.538
898.262
743.579
566.005
464.336
827.612
81442.9
59267.4
141910
-131855
-62574
-17376.4
62041.8
180958
-46236.5
-174488
-8886.73
114460
95314.3
-69382.6
-89016.8
5886.51
42717
41393.1
-10180.8
-23549.3
-8205.74
13392.4
-3817.98
-4176.18
-457.724
-3251.45
29.2168
358.742
-2655.87
-3050.2
-1333.66
-396.182
511.847
723.732
40.4366
-378.153
-424.949
-402.271
-983.39
-1315.43
-998.9
-1136.97
338779
231679
-31584.3
-227836
-478569
-158208
97696.4
328956
123010
-115331
-192084
125063
55197.5
-137510
-23595.4
43702.1
53221
-5461.63
-10715.6
-12880.4
12030.6
-265.419
-6666.98
-886.87
378.25
293.048
-149.595
-2654.73
-1935.69
717.328
695.933
429.594
153.365
-994.495
-1266.6
-410.613
-655.841
-1955.7
-2118.3
-2048.48
-863.187
-1356.96
306490
150439
-21727.6
-209091
-152183
-284605
146396
184512
96719.2
51302.8
-194743
18962.8
9842.84
-63674.2
-11881.2
79254.7
15261.3
-26408.8
-15195.9
2579.98
14447
-7961.98
-5693.69
3237.88
2596.45
1271.39
517.112
-933.314
-207.208
529.616
722.543
1504.17
1071.78
-148.652
96.9148
537.727
-427.94
-1825.33
-1694.46
-1452.3
-1392.06
-1292.47
65856.3
-32518.4
61212.1
-76904.8
-39662.2
20893.2
24614.7
-191076
28396.5
146030
22299.6
-27243.2
-127987
-4181.52
117948
29302.9
-62946.4
-14633.9
-4931.88
22589
-491.997
-10583.2
-1440.19
5360.62
418.81
-100.475
-630.851
585.845
1214.07
670.397
1189.28
1796.01
855.243
57.4768
275.234
-117.264
-943.551
-1455.98
-1215.3
-1184.29
-1300.54
-1064.03
-358564
-39815.1
44606.6
227646
195570
109102
-121827
-231466
-71566.6
98094.9
136270
-119954
-31703.1
66610.5
31417.3
-42483.6
-8925.54
-16266.3
2546.31
12226.5
-10083.3
-5657.56
4968.19
4044.66
-33.7237
696.52
144.011
1412.41
1643.44
1048.74
1281.77
1155.18
184.661
-182.388
81.9792
-553.123
-1115.42
-1091.05
-1180.68
-1582.81
-2077.75
-2556.97
-202882
-121565
-105413
146152
438030
81002.3
-199363
-91099.8
-2698.84
-114796
166949
-56528.4
-636.871
48920.3
11087.1
-54909.5
8009.09
-4743.28
22098.9
-2347.42
-7899.51
3017.05
5264.54
3547.27
2764.36
1908.37
1607.97
1964.59
2378.28
2230.34
1757.5
1097.62
373.171
111.239
-43.0179
-878.53
-1432.77
-1703.4
-2185.03
-2440.58
-2422.89
-2472.78
180149
86405.3
-22596.3
-215437
-148900
-111559
73262.2
266807
-22322
-158914
8214.25
21772.7
22742.3
40770.9
-15911.3
-22617.5
3765.3
10010.7
14930.9
-2511.65
-2169.04
6133
2648.13
2369.02
2478.24
2691.54
2683.7
2049.45
1774.7
1960.35
1683.98
878.378
139.894
13.0652
-230.856
-1153.8
-1417.98
-1418.31
-1879.4
-2290.08
-2362.45
-2367.82
)
;

boundaryField
{
    lateral_sides
    {
        type            empty;
    }
    outerwall
    {
        type            calculated;
        value           nonuniform List<scalar> 
214
(
10780.9
47777.8
71044.9
142344
70434.9
-18118.5
-103298
-81466.9
84734.7
-36469.8
-67531.4
61964.8
-72469.2
-142299
-72980.6
-1230.62
-106732
-17378
-114446
-148628
38045.9
52502.2
-120323
-75713.8
-68891.1
45537.1
-64211.5
-46337.2
66864.6
-104265
-90786.9
142151
48648.3
90388.8
90406.2
-13270.5
-157407
-16745.8
177634
34764.4
-153760
24070.3
-25794.3
-102670
25784.5
110850
-1519.35
-221768
-46603.1
-186300
-61868
-63419.5
79771.7
122723
-132944
-105219
-40778.9
51827.8
71810.8
189315
-175389
-121014
-411185
-279573
-8762.57
-53817.2
157876
17426.9
-194304
-369760
-249836
292387
234789
388190
252651
-132516
-211470
-551251
174296
420938
327843
-113957
-447701
-330260
571850
74121.2
-171531
-450924
-564584
271492
549681
166586
-420851
-597569
448743
350113
-282854
-545080
-346161
366582
293644
-220589
-586490
-322222
-211537
-179480
-147959
158579
-202737
-577477
219807
524867
-368178
-386242
359298
594753
59949.5
-894841
-163418
271079
-314139
90607.7
411125
-425747
-210309
687310
-178607
-388767
400189
427250
-560265
18834
268928
-222328
-488734
-441816
179653
558777
-316917
-238891
524426
601779
225453
-593640
-402554
348227
-31576.5
-373984
309921
92684.7
-375092
-451283
-557054
-291009
244763
577905
692772
-184441
-363949
162476
-493104
-485512
630740
605616
258515
-255185
-87005.2
-740426
-1.10116e+06
-41555.9
-126148
116319
-1.44876e+06
-594158
359895
706538
857396
832594
-83388.3
-688382
-2.12113e+06
-1.0798e+06
635306
752649
601671
554106
666079
738525
908914
493905
109612
80775.3
326951
447990
908546
754972
-19148
-360881
-410984
-161514
25420.8
-242428
-362578
-959219
-1.22937e+06
-843680
-427643
81442.9
338779
306490
65856.3
-358564
-202882
180149
)
;
    }
    longitudinal_symmetry
    {
        type            symmetryPlane;
    }
    inlet
    {
        type            calculated;
        value           nonuniform List<scalar> 
42
(
-2144.9
-43.0417
609.374
2340.14
-66.9985
4408.74
-82.8408
521.384
-961.819
558.153
616.454
1226.23
1124.22
741.176
636.12
650.272
578.41
558.304
537.178
511.454
473.626
447.06
429.81
401.252
386.918
321.954
250.281
185.609
114.03
47.8312
-7.58828
-49.6099
-96.3935
-154.635
-227.959
-285.645
-356.012
-430.192
-499.915
-560.314
-612.93
-629.401
)
;
    }
    outlet
    {
        type            calculated;
        value           nonuniform List<scalar> 
42
(
180149
86405.3
-22596.3
-215437
-148900
-111559
73262.2
266807
-22322
-158914
8214.25
21772.7
22742.3
40770.9
-15911.3
-22617.5
3765.3
10010.7
14930.9
-2511.65
-2169.04
6133
2648.13
2369.02
2478.24
2691.54
2683.7
2049.45
1774.7
1960.35
1683.98
878.378
139.894
13.0652
-230.856
-1153.8
-1417.98
-1418.31
-1879.4
-2290.08
-2362.45
-2367.82
)
;
    }
}


// ************************************************************************* //
