/*--------------------------------*- C++ -*----------------------------------*\
| =========                 |                                                 |
| \\      /  F ield         | OpenFOAM: The Open Source CFD Toolbox           |
|  \\    /   O peration     | Version:  2412                                  |
|   \\  /    A nd           | Website:  www.openfoam.com                      |
|    \\/     M anipulation  |                                                 |
\*---------------------------------------------------------------------------*/
FoamFile
{
    version     2.0;
    format      ascii;
    arch        "LSB;label=32;scalar=64";
    class       volScalarField;
    location    "0.013";
    object      ddt0(rhoE);
}
// * * * * * * * * * * * * * * * * * * * * * * * * * * * * * * * * * * * * * //

dimensions      [1 -1 -3 0 0 0 0];

internalField   nonuniform List<scalar> 
8988
(
1724.54
5343.25
6709.07
-9756.22
-18751.4
54287.7
14715.8
-16981.6
-14389.9
-2010.55
2187.94
6920.69
5592.14
1921.46
2093.57
3301.13
2681.75
2101.91
1942.27
1850.09
1662.45
1525.17
1486.04
1419.4
1500.56
1285.88
1028.73
888.624
665.178
341.283
80.8418
-171.401
-390.692
-588.777
-796.403
-970.881
-1211.73
-1484.09
-1748.65
-1980.23
-2177.58
-2260.6
33042.5
-2372.54
-46140.3
78173.8
-11994.7
-30430.1
-29558.3
22219.7
51989.1
8206.4
-31292.9
-4681.78
20762.6
4254.1
4061.09
602.56
2383.57
3797.69
4132.62
1863.78
1857.43
1997.08
1529.31
1499.84
1486.97
1337.85
1251.51
1000.56
811.152
541.017
118.962
-324.928
-785.935
-1168.24
-1502.56
-1876.88
-2226.6
-2509.83
-2710.58
-2868.67
-3013.46
-3014.18
69258.1
6578.02
-76559.7
-100582
207246
17211.3
-121897
-17769.5
99003.9
1384.48
-38096.6
-4032
25236.2
6809.92
2528
4594.38
6101.36
4696.04
3912.46
4744.94
4712.52
4397.16
4082.98
3753.89
3408.59
3003.35
2695.53
2394.06
2053.41
1563.84
866.795
136.273
-477.037
-1004.45
-1485.82
-1985.42
-2469.04
-2878.4
-3216.74
-3486.41
-3648.15
-3729.72
92226.7
10851.9
-117985
-43644.2
-12304.2
137950
16072.5
-86101.4
22576.2
31527.2
-4272.65
-4603.29
9101.55
3156.01
2755.04
2804.5
3218.75
3682.11
4231.19
3937.35
3831.56
3929.17
3613.34
3184.03
2848.15
2617.08
2480.23
2418.53
2194.32
1959.62
1587.07
1056.39
454.76
-141.717
-801.623
-1553.26
-2333.13
-3050.23
-3491.55
-3862.26
-4377
-4572.53
51532.8
-34452.4
75472.6
-59604.7
-105100
128380
1082.4
-30744.6
-37853.8
39166.7
15050.2
-4518.94
-2731.75
2622.33
2186.12
2346.55
2185.75
2865.59
3223.3
3250.12
3014.25
3157.05
3121.3
2989.41
2781.62
2638.95
2541.05
2435.11
2164.92
1920.99
1758.57
1581.9
1256.11
756.556
78.2624
-779.76
-1723.12
-2612.77
-3334.83
-4141.6
-4763.92
-4941.03
-28285.7
16665
113260
-42478.6
-78501.2
-102306
189629
15490.3
-78933.1
-6155.66
30003.9
-3631.22
478.844
-2290.94
-3938.25
6289.64
7483.22
1060.13
-1587.29
1924.74
3713.06
2488.11
2310.42
2519.38
2569.05
2355.94
2336.9
2381.25
2166.41
1847.72
1668.27
1595.22
1428.3
1071.05
571.684
-51.4541
-808.145
-1695.39
-2572.46
-3464.81
-4271.37
-4622.68
-55303.7
15410.2
-19778.3
151002
-30214.2
-107726
-25113.1
111653
8889.87
-46494.1
3095.61
9662.79
9216.15
1930.29
-14753.4
-5130.95
12532.5
3812.17
-946.868
-634.954
2156.28
1967.88
958.619
1209.93
1581.3
1390.55
1216.9
1310.37
1289.44
1099.95
1002.77
1011.46
955.19
767.364
503.222
196.911
-182.811
-694.888
-1316.62
-1996.08
-2785.92
-2958.41
-66086.4
-6588.45
37575
85211.5
-2809.38
-1086.48
-116417
64819.4
12065.2
898.263
-20001.6
1634.5
13428
3962.75
-9338.63
-15302.4
6483.83
9932.83
-1426.92
-6947.01
-977.65
2287.18
-687.571
-686.275
167.267
168.463
-135.12
-96.4028
97.8554
128.379
153.808
251.422
303.605
296.273
288.464
305.829
335.611
359.225
308.943
207.365
-223.866
-67.6388
81768.4
-24192.4
-55239.8
-21885
-95573.6
151349
-7169.69
-38064.8
-21107.5
17233
-3320.66
-4290.5
-4269.89
7136.36
-1145.66
-14674.6
-3177.71
6931.23
-1439.94
-6405.95
-3362.5
833.084
-2123.13
-2457.42
-1476.78
-1196.9
-1564.5
-1553.93
-1211.83
-951.003
-775.213
-535.729
-286.706
-36.7128
257.822
612.787
1028.45
1544.56
2088.53
2647.95
2764.01
3380.94
-19337.5
-7539.64
71302.8
-13111.4
-35967.5
-101578
106483
-627.128
-30667
-15683.5
18360.1
-4062.6
-17930.2
-3376.05
5151.28
-7264.86
-12191.6
-3349.97
2544.96
-4843.75
-6651.55
-4244.04
-2003.42
-4160.32
-3958.13
-2797.39
-2889.76
-2951.37
-2593.34
-2104.52
-1696.01
-1265.07
-761.605
-190.201
459.121
1197.52
2017.51
2963.87
3972.09
5009.55
5522.01
6485.61
-55068.1
-10200.3
21699.7
61051.6
-16884.7
-16955.8
-78030.2
31439
11799.6
-12042.5
-17750.4
6429.47
125.262
-20254.3
2086.55
548.629
-17048.4
-11831.3
-950.697
-1386.12
-7589.04
-7520.3
-4401.11
-4742.51
-5484
-4574.58
-3741.51
-3922.78
-3612.24
-2964.92
-2304.41
-1658.67
-903.377
-28.4053
951.043
2037.26
3192.09
4419.95
5653.19
6832.93
7477.7
8552.72
45847.9
-40116.3
-1655.87
-25964.4
-98656.8
86530.6
-2077.09
-46812.2
-2002.46
3695.75
-25918
2521.26
1022.5
-23929.2
-4094.74
-1457.78
-16017.3
-10867.2
-2616.5
-4356.41
-9359.49
-8046.11
-5004.92
-5941.62
-6551.09
-5706.51
-4468.45
-4367.67
-4078.21
-3346.21
-2489.62
-1630.64
-658.087
427.057
1617.49
2903.19
4218.32
5528.3
6767.73
7837.28
8490.5
9456.33
-26468.6
-8445.29
8588.26
8785.21
-16452.8
-99673.3
47791.8
10195.9
-32424.6
-5857.28
-9031.67
-10311.7
-8490.36
-11394.8
-7607.88
-7561.27
-10689.6
-8701.91
-6323.9
-8420.25
-7679.82
-6330.2
-6775.1
-7083.67
-6487.39
-5699.95
-5293.67
-4753.15
-3804.83
-3070.93
-2361.26
-1389.88
-220.104
1007.14
2217.25
3507.6
4808.37
6056.6
7223.6
8162.12
8763.58
9430.21
-35991.1
41804.4
-15001.8
-4421.5
6726.94
-142432
105643
7396.1
-40886.7
-23469
20.707
-11703.5
-14611.5
-7414.06
-8316.02
-11214.4
-9122.31
-7608.88
-8444.79
-7818.63
-6717.9
-7205.98
-7488.52
-6791.63
-6057.67
-5778.83
-5295.41
-4465.11
-3666.57
-2883.67
-1954.05
-899.739
225.393
1387.42
2572.26
3760.02
4936.77
6070.24
7120.63
7907.86
8486.4
8905.14
-39888.7
-22959.5
4159.54
30785.6
26656.3
-59485
-6262.56
12001.2
-17074
-12055.3
-4283.77
-13681.2
-5898.9
-5607.24
-12242
-9589.94
-6991.7
-8547.32
-8355.99
-7018.62
-6845.8
-7290.6
-7010.9
-6031.69
-5805.72
-5505.5
-4739.68
-3973.55
-3255.14
-2429.1
-1501.26
-498.471
540.317
1581.42
2631.3
3679.74
4703.85
5645.55
6519.24
7217.92
7859.61
8247.35
-4429.09
-56616.5
124630
-5692.92
-155152
52989.7
15851.3
-25741.5
-17435.1
3875.88
-6711.89
-10880.3
-5862.42
-8393.27
-10471.4
-7989.38
-7967.62
-8644.18
-7209.57
-5949.55
-7165.91
-7257.93
-6128.28
-5776.59
-5569.64
-4808.05
-4059.84
-3517.29
-2862.71
-2024.15
-1101.36
-148.68
771.189
1644.57
2524.74
3407.06
4262.35
5045.68
5792.22
6414.24
7060.15
7336.52
-34851.7
39361.5
9023.88
-24821.7
7796.89
-131803
79259
22450.4
-33554
-5544.72
-594.921
-5522.78
-5797.05
-9146.46
-7163.29
-6821.49
-8206.16
-7119.39
-5833.25
-6052.41
-6365.51
-6110.58
-5766.05
-5645.74
-4981.05
-4120
-3502.72
-2942.33
-2338.17
-1727.19
-972.978
-65.8477
806.671
1567.16
2295.07
3031.32
3766.33
4461.61
5099.45
5602.85
6169.33
6268.84
-38861.2
-18578.3
14634.8
13788.7
5940.37
6413.97
-62638.7
15192.4
11038.4
-10323.1
-4357.84
-2588.99
-7023.29
-5646.86
-5592.16
-7312.19
-6137.8
-4633.46
-4967.93
-4669.02
-4764.88
-5082.15
-5425.92
-4971.69
-4005.07
-3517.29
-3184.49
-2495.47
-1786.02
-1287.12
-739.582
-42.9298
660.895
1308.8
1934.18
2558.4
3193.14
3827.32
4380.16
4758.05
5219.17
5156.98
-32800.4
19174.5
-34483.8
28480.8
40448.1
-95813.7
35903.7
17558.8
-22690.5
-5629.44
1266.46
-6132.87
-5147.62
-4288.59
-6239.22
-5404.44
-3823.6
-3438.57
-3465.26
-2938.56
-3653.95
-4127.01
-4142.65
-3366.35
-2771.87
-2677.87
-2425.89
-1895.96
-1467.92
-1142.38
-708.428
-190.808
349.822
947.626
1563.25
2119.11
2624.42
3138.39
3586.81
3844.65
4221.74
4039.11
-122900
38154.2
18747.6
130581
8256.43
-83979.1
-48790.3
69662.5
-23000.8
-12292
3461.25
-6405.76
-1528.48
-2283.9
-7583.96
-4150.54
-2181.48
-3385.38
-2295.7
-1549.39
-3257.64
-3786.6
-2994.75
-2535.26
-2645.29
-2448.56
-1726.58
-1184.95
-972.329
-776.305
-494.29
-203.525
139.238
616.717
1152.74
1620.66
2003.51
2382
2714.55
2838.58
3118.48
2818.68
21954.5
-54007.8
7365.11
-4620.55
104641
40658.5
-138001
13444.6
41812.9
-13535
-9352.91
-4385.1
1418.08
-3488.7
-6918.01
-2489.3
-1144.34
-1954.49
-1194.49
-1137.72
-790.343
-1129.6
-1589.61
-2311.47
-2395.3
-1530.58
-922.831
-954.778
-989.402
-715.15
-421.548
-217.589
26.6201
366.084
728.685
1033.95
1270.22
1503.22
1734.9
1764.7
1956.31
1531.19
15039.4
6736.34
-69041.4
-6084.7
-98808.2
160864
1401.5
-64156.5
407.273
17487.5
-9193.28
104.011
3242.49
-4520.67
-3554.84
-447.94
510.195
-328.662
-1379.6
-506.106
487.359
753.127
-680.667
-2908.37
-1863.89
-289.406
-166.006
-708.934
-825.593
-607.335
-456.303
-364.236
-232.597
-40.578
199.653
427.577
571.065
635.915
713.425
672.009
850.332
386.431
15390.1
67195.9
968.827
-28051.7
-56064.5
-97623.5
56791
29921.9
-24714.4
11512.3
-3341.98
-1283.73
-1914.88
-1682.83
910.7
-630.216
1459.69
2233.07
-720.29
664.065
1503.96
1466.83
-56.2787
-1832.62
-306.935
535.21
-19.3906
-544.426
-588.756
-592.758
-593.719
-521.61
-502.845
-551.54
-527.598
-386.454
-235.205
-192.032
-186.938
-265.013
-60.5546
-462.703
28331.9
-10684.9
93545.6
-28487.1
-104540
4209.01
33443.6
46908.3
-62819.5
16806.4
-755.398
-3056.05
-1574.13
775.878
819.916
2096.62
2579.76
2217.71
1283.7
2545.14
2811.97
1060.98
233.128
948.969
1268.58
510.558
-23.4889
15.9319
-140.583
-567.033
-835.985
-891.466
-946.518
-1064.85
-1149.16
-1132.01
-1053.41
-1001.77
-933.271
-920.704
-652.001
-949.659
11370.3
16396.2
52075.2
-27432.7
15628.9
-110442
73387.9
31937.9
-6325.6
-2149.79
9915.36
3737.79
2546.59
1741.32
2381.38
5810.18
3834.9
799.805
3913.55
4677.47
2208.56
832.138
1383.92
2736.04
1072.1
-399.857
169.521
696.661
313.057
-299.856
-676.736
-962.198
-1229.3
-1457.54
-1619.55
-1663.9
-1627.73
-1592.88
-1492.64
-1375.29
-1002.75
-1163.09
12453.8
-33513.4
15765.7
18105.3
74561.4
17917.2
-80686.5
14625.2
43575.3
-3423.05
260.343
11648
2723.46
-4962.97
8210.29
5171.91
-1365.03
302.922
5748.35
5823.63
300.132
1211.16
5200.85
4228.48
714.514
-0.305895
1138.32
950.411
122.412
-165.381
-376.144
-891.986
-1314.26
-1548.63
-1791.59
-1979.18
-2023.42
-1967.67
-1810.99
-1636.7
-1216.19
-1299.5
15733.5
-22850.5
7388.54
-23032.4
11013.4
-86125.4
116884
-17468.9
-10750.4
-1704.71
6504.15
12194
6850.56
-5688.47
10069.4
7812.78
-2395.94
6690.39
6805.73
2273.7
1113.43
2520.72
5658.45
3078.99
-733.259
1392.43
2616.61
1122.75
-237.517
-80.7608
-111.114
-749.216
-1239.32
-1457.06
-1748.16
-2075.73
-2256.53
-2228.06
-2033.45
-1833.12
-1394.64
-1484.5
-79560
-59904.5
97645.3
126926
-99727.9
-2787.06
-79377.6
47542.3
24037.9
-6494.58
2188.46
15178.1
6827.47
-3024.77
6452.64
4894.06
-2329.57
5351.15
7889.29
-624.079
1653.65
4877.77
4671.29
2284.35
-150.869
2553.74
2677.06
705.427
71.3364
417.472
99.6689
-661.221
-1125.74
-1329.7
-1626.94
-2038.9
-2368.59
-2420.46
-2243.21
-2094.4
-1720.17
-1925.08
24725.4
18209.5
-49854.6
-36266.3
145527
-48442.1
33944.8
-69114.7
32890.5
11832.3
-9478.07
4623.89
3198.13
3056
5455.3
1590.65
3133.59
5573.01
4682.24
962.462
3202.43
5200.11
3855.13
2405.11
2422.46
3272.49
1783
537.454
797.98
975.623
495.913
-210.311
-757.25
-1124.19
-1436.98
-1815.21
-2244.54
-2522.6
-2573.37
-2606
-2376.7
-2779.94
67447.4
-54577.2
55778.6
-36110
-52725.7
37268.5
3585.45
7713.78
-3841.95
24539.9
3388.6
732.2
333.846
5761.36
3838.68
-673.108
3453.85
6188.52
3447.79
1413.04
2069.71
2562.78
2752.76
3301.41
3581.46
2587.33
1729.61
1737.43
1717.44
1439.39
1098.71
689.947
141.184
-487.043
-1086.29
-1597.99
-2059.15
-2529.28
-2983.78
-3407.55
-3416.05
-3996.46
78987.3
-76941.4
85896.7
-17299.8
-115890
126054
-34209.1
44387.5
-10924.6
11153.6
7128.06
4298.7
-304.522
4392.29
2378.67
1499.12
6025.11
5531.21
3186.73
3054.6
3147.2
2644.14
2392.49
3117.7
2831.26
2393.91
3794.18
3631.43
2226.67
1373.71
1290.14
1232.71
1013.47
512.1
-338.002
-1266.23
-1975.61
-2609.88
-3404.65
-4284.89
-4641.6
-5346.66
61766.6
-4303.34
-75663.2
28279
-92331.6
161332
5027.96
-27515.8
-12684.2
13468.4
2912.88
7184.79
3912.02
3271.3
1913.05
2315.48
4131.07
5518.27
5693.83
4932.28
3127.24
3596.58
3554.97
2715.91
1656.86
2101.81
4612.8
5097.52
3445.03
2147.98
1687.08
1441.75
1368.48
1108.06
305.493
-883.66
-1973.43
-2857.81
-3831.9
-4973.22
-5684.48
-6488.82
84092.2
-113901
36353.4
7923.12
-170291
262190
-111673
20714.6
-38478.9
20893.7
4295.89
5435.45
5813.7
5974.14
3406.07
2051.76
3589.71
3839.15
3429.22
3647.64
4577.09
4648.35
3836.74
3178.87
2715.06
2856.71
3237.32
3671.41
4144.1
3724.98
2691.68
1903.07
1484
1083.18
415.733
-650.305
-1916.11
-3108.68
-4233.89
-5398.75
-6305.67
-7131.59
-28406
35088
16074.3
-63413.5
120723
-26615.4
-47055.7
-19943.3
20736.8
-3685.59
8418.18
8586.1
2931.96
6365.16
5969.1
2156.45
6860.52
7011.07
3183.76
3283.35
5596.16
5143.48
2159.54
3492.57
4808.45
4265.29
2736.23
2010.11
3470.41
3509.06
2754.26
2224.45
1628.97
812.572
29.0546
-830.854
-1949.82
-3227.35
-4471.19
-5582.85
-6501.06
-7151.81
-38847.3
22915.5
25896.2
-23463.7
121991
-20533.6
-93870.4
-12863.4
47014.3
-5163.71
6480.13
4804.36
2522.1
6963.91
4513.94
959.97
6314.34
5968.62
1731.72
3765.51
6994.83
6077.2
2998.04
3391.85
4871.09
3702.38
2079.02
2372.93
3211.13
2661.9
1995.29
1904.96
1378.3
385.398
-508.616
-1307.42
-2189.7
-3260.72
-4427.89
-5385.06
-6141.76
-6508.26
-99800.6
-65286.1
122854
158487
-103100
-2676.39
-95606.3
70727.5
11463.4
6972.41
4093.09
3465.46
4207.96
6594.35
7582.42
4337.55
4903.2
4235.34
1526.79
741.329
4916.95
6612.42
4408.09
3413.54
3701.42
3608.84
3133.29
3257.68
2991.21
1857.25
1458.21
1359.43
496.73
-657.071
-1222.65
-1558.68
-2300.49
-3237.23
-4152.85
-4808.58
-5379.42
-5471.29
34571.2
-9932.89
9902.7
-111106
30573.6
-105516
105041
-11977.7
86846.9
-51517.8
-98.5614
11064
4211.55
-2284.31
9396.53
6647.35
995.648
4515.62
5726.12
1882.72
4669.31
5942.93
3409.93
1697.14
2734.93
4094.81
2883.15
2522.82
2425.81
1755.73
1257.27
789.494
-66.2222
-1100.38
-1656.5
-1997.28
-2654.67
-3341.2
-3792.5
-4003.91
-4361.55
-4225.81
98183
55208.8
-105994
-5249.61
-49413.7
-30685.9
128531
24282.7
-39202.5
-25235.5
13369.3
12094.2
5227.64
3022.83
6979.06
2826.08
1244.13
5641.98
5535.74
3379.76
4866.47
5561.87
2370.85
1560.82
2941.19
3082.27
1701.27
1389.37
1773.89
1759.49
967.793
211.71
-743.572
-1556.78
-1793.91
-2009.18
-2546.82
-3107.86
-3342.68
-3253.44
-3385.47
-3014.15
19774.2
87707.4
-101680
-8331.91
-58013.8
200026
-17353.2
-37272.2
2430.63
10371.5
10397
9164.22
-2094.69
5447.35
9013.98
2440.16
2540.21
5737.37
3818.72
2441.43
3350.27
2248.09
1537.02
3352.37
3347.33
1370.96
616.791
1671.71
1375.58
112.541
53.7064
-257.592
-906.53
-1520.13
-1704.53
-1724.75
-2000.61
-2403.06
-2616.65
-2529.94
-2668.16
-2189.52
-44027.6
-25137.6
84701.1
153490
-112451
26778.7
-73174.3
109257
-43859.1
14117.7
12727.8
2321.32
-6778.07
9198.1
9068.84
-2115.58
5815.28
6647.63
-397.215
482.677
5859.94
4284.68
-226.61
933.542
2480.68
775.417
313.683
1951.19
908.048
-971.886
-1123.59
-921.947
-1002.69
-1461.62
-1618.85
-1391.44
-1395.93
-1587.25
-1721.91
-1704.21
-1984.11
-1568.12
77729.5
16177.9
-10574.6
-150468
48903.7
-137247
217062
-63229.2
107666
-107974
23156.4
-5381.7
-396.367
7665.27
2388.84
-6359.44
9867.52
4287.05
-5779.75
-3849.01
7831.68
6955.38
347.952
-1573.68
-550.606
-26.3676
1621.16
2475.82
-68.5797
-1398.26
-1207.76
-751.269
-845.168
-1537.73
-1711.66
-1280.48
-1092.18
-1041.02
-943.366
-848.783
-1172.36
-857.988
119989
-133098
22095.8
-1928.2
-117209
275137
-122139
2467.56
-58214.8
29176.8
6412.36
8403.81
4541.27
1712.84
-3605.71
-4212.78
8806.54
4398.3
-4277.86
-3746.89
3894.75
4358.01
716.149
-1801.49
-2143.1
29.4415
2421.42
1574
-707.309
-1299.91
-771.426
-374.495
-351.584
-890.266
-1052.25
-939.591
-987.428
-840.355
-494.97
-192.03
-347.465
-37.1154
-82942.2
-5820.05
116654
65434.2
-65615.4
17553
-58003.4
65471.1
-10747.8
-26112.5
11070.9
12478.7
-5125.3
-430.781
-724.195
-1571.61
1952.4
2273.03
750.848
1220.18
1328.88
199.135
-1081.04
-1797.22
-1319.71
658.863
1463.28
-61.116
-876.706
-296.625
-7.68851
-46.3065
-161.382
-403.147
-150.359
-2.4361
-206.325
-252.71
-11.8152
334.242
365.504
682.774
-74731.4
-40017.6
93707.9
132547
-110995
-5804.6
-133934
252249
-114662
45477.8
-27499
4793.69
-5175.09
-1607.43
-3199.79
-1740.6
-1334.16
-3452.44
-1084.28
382.854
-1732.13
-3371.56
-1958.2
-747.993
-1242.55
-934.555
-214.932
-1466.6
-1124.9
178.551
42.5956
275.463
220.728
120.753
542.667
978.098
1049.75
931.806
877.788
972.21
960.979
1187.2
-66739.1
-36155.7
61447.3
-1000.23
140840
-10321.2
-95991.5
-50576.4
55424.9
13183.1
-11355.2
-5775.03
1004.43
-910.019
-4999.99
-1850.78
648.926
-3064.9
-2635.95
-240.36
-1972.98
-5210.42
-4268.47
-1909.58
-1671.75
-2249.77
-2231.86
-2201.61
-641.851
136.016
-180.613
329.644
512.399
556.059
883.235
1355.56
1767.48
1982.58
1993.88
1957.88
1860.87
2003.66
-26675.9
74240
-169224
27754.3
-129655
249729
-33389.9
-91475.9
-27216.8
32586.9
-11751
-12154.9
-1736.6
-2088.75
-9056.17
-2523.15
-665.117
-4265.73
-4144.47
-2098.85
-2039.71
-2910.71
-3423.48
-3433.31
-2794.2
-2610.21
-3226.06
-2837.52
-789.289
-378.349
-498.175
259.363
667.098
1011.66
1254.65
1363.19
1844.31
2516.83
2872.97
2978.58
2994.96
3249.37
-79193.1
-65627.9
141306
74860.2
-120035
27369.6
-75569.4
15356.6
3172.75
-22689.8
5584.41
2439.94
90.4086
-3597.49
-6167.85
296.539
-5255.11
-9035.17
-2108.72
-1578.07
-6472.9
-4745.31
-2151.15
-3511.5
-3819.57
-2300.92
-1825.36
-1976.23
-1347.76
-876.229
-938.174
-342.457
565.019
1125.48
1460.16
1347.09
1826.6
2779.16
3438.32
3809.28
4052.36
4539.89
-56194.8
14922.3
50496.4
-77473.1
-23136.3
-79340.3
96264
-31547.2
113564
-134068
-1985.61
-11635
-436.3
-5227.07
-16178.3
690.729
-1339.55
-13452.6
-2223.53
2720.14
-10008.8
-7000.43
-160.48
-2152.35
-6336.21
-3706.71
335.953
-1222.8
-2209.66
-1871.2
-1277.88
397.721
1117.11
920.706
1354.51
1576.15
2334.39
3306.11
3864.52
4383.05
4841.27
5547.88
93384.7
-124540
42334.9
-57930.2
-15725.4
6679.61
72880.8
-53625.3
-99649.5
41020.6
-2482.68
-2983.16
-513.284
-8611.07
-6391.4
-7711.05
-6054.28
-8299.67
-1269.45
-203.688
-13336.5
-6057.85
996.722
-3311.95
-6750.88
-3286.76
505.341
-313.368
-2278.14
-3709.03
-1671.06
327.545
1267.73
1132.16
1599.16
1686.21
2777.32
4037.54
4326.36
4728.15
5170.18
5949.8
118173
99854
-154618
10664.6
-44633
-41220.5
68456.1
39027
-97584.3
-15322.7
18773.9
21117
-5230.1
-16725.5
590.195
-7758.57
-22812.8
7031.96
-3096.86
-7163.98
-15647.9
-464.223
2901.6
-7742.61
-6341.78
-465.687
-859.051
-2369.01
-3160.15
-2796.1
-2542.35
-834.999
1616.99
1480.7
1021.95
2239.88
3281.96
3980.63
4437.67
4881.63
5290.48
5870.17
137932
74307.8
-171915
-22319.8
7401.82
-155686
320028
-129997
72736.6
-88369.9
-3065.97
2051.88
1328.47
-7118.85
3795.58
-3882.59
-24894
8247.27
14037.6
-20237.1
-11669
1051.56
-393.052
-6111.63
-4930.51
-2030.21
-2634.87
-3056.43
-2327.4
-2780.66
-2402.14
-39.7663
1047.86
537.061
795.388
1908.55
2856.74
3594.88
4192.94
4813.03
5257
5672.89
-60181.2
-87893.8
153979
85681.3
-7788.39
-43557.3
-134997
204661
6017.24
-25265.9
-38931.3
2999.99
947.925
-2904.42
200.88
-5439.37
-10165.5
-2352.88
-1697.4
-7926.84
-5803.65
-894.088
-2010.33
-3038.3
-1948.59
-2053.26
-2504.77
-1670.49
-2024.6
-3195.83
-2088.31
-149.206
468.216
162.683
557.312
1487.92
2273.65
2904.42
3501.36
4162.77
4771.28
5119.37
-15060.6
90918.1
-49267
-100407
98975
53769.6
-19964.3
-68320.9
20998.4
33950
-20530.5
-4160.03
3754.52
-2028.67
-942.013
-5041.32
-4388.6
1033.4
-2166.34
-7737.09
-2487.63
56.6519
-3389.87
-5208.82
-3212.57
-1276.48
-814.681
-733.215
-1305.41
-1766.4
-1347.83
-581.969
-116.332
185.884
636.251
1112.99
1596
2166.23
2679.36
3208.93
3893.3
4070.12
-33967.5
109897
-131816
-26298.8
-30239.2
101445
1610.94
-76791.5
37760.5
-37320.4
24140.6
4225.36
-5081.73
-11001.6
312.358
2356.18
-9902.56
-3976.37
1832.18
-3360.21
-4950.98
-462.956
409.091
-2627.96
-3414.5
-1619.46
53.3143
-383.536
-1217.29
-620.844
-39.6777
-217.397
-579.518
-70.6114
746.785
1069.26
1132.61
1376.15
1744.83
2159.55
2693.94
2530.8
-6005.13
-23282.6
117549
246.736
-47939.5
-13898.4
-141921
243363
-86710.3
-39069.2
-14024
-3060.47
-25311.3
-11437.6
1899.41
11849.4
-2253.76
-12798.2
748.176
5353.18
-2245.17
-3253.39
375.109
258.276
-2423.73
-1513.45
-74.0753
63.1696
-1493.09
-1344.78
894.558
1090.68
-181.199
-215.336
763.198
1085.48
739.142
487.299
631.742
950.886
1335.54
1037.5
-83181.9
-50878.5
112419
16410.1
-27833
17448.4
-193733
286545
-58911.4
-97712.6
-320.866
-375.853
-30346.8
-7363.86
2325.62
7555.09
-1738.03
-12976.3
-4556.07
6463.83
2451.93
-4403.93
-2034.09
1607.15
261.906
-921.721
-105.329
624.278
-1029.54
-1254.7
715.384
1217.8
41.3735
-257.073
518.301
737.895
268.43
-110.87
-61.0189
7.65836
52.7364
-365.302
-74053.3
-118599
196659
6751.2
-26738.4
14179.8
-151163
142326
1027.74
-79256.1
19101.8
-14347.4
-9021.72
-8064.22
4509.86
-2287.77
-6620.72
-400.402
-1115.4
-876.947
2912.65
1601.32
-2543.33
-1148.86
1736.54
1357.11
1113.09
1241.6
556.684
110.329
291.494
620.134
36.433
-224.446
167.547
87.0725
-524.658
-910.59
-863.889
-960.242
-1115.47
-1605.88
-162168
-38430.3
90523.7
-77776.5
314951
-230487
-64087.2
-103368
182608
-28692.8
-21963.2
3807.29
5792.1
737.221
-2463.53
-8020.59
1411.44
8094.62
-90.6972
-787.683
3344.1
3041.36
-590.563
42.2059
1607.45
548.561
715.237
2022.49
1576.96
488.532
931.993
1124.74
262.418
-130.203
-8.18691
-407.386
-1147.97
-1589.24
-1704.78
-1969.5
-2143.36
-2602.9
-52186.8
51545.3
28669
-88130
172701
-105405
-64021.3
-130417
337015
-155574
34047.9
-30774
676.97
2580.04
2171.55
4414.28
-684.948
-4555.67
-595.584
5004.45
4499.41
537.831
1252.79
3716.8
3026.59
1175.95
838.485
1279.25
1121.62
1727.41
1436.05
49.5538
-453.89
174.405
241.453
-587.173
-1516.2
-1995.13
-2280.18
-2693.39
-2856.83
-3239.24
-60858.4
128584
1786.12
-113119
129118
6931.49
-43844.4
-129657
105700
10853.5
23218.3
-9573.9
3915.94
9873.27
8910.44
9845.43
2300.51
6458.59
3456.01
-2716.21
-1412.56
7350.04
5912.09
341.777
988.368
2869.61
2099.44
372.744
-131.3
1492.05
475.962
-1244.77
-709.29
-91.6169
-235.21
-1023.59
-1852.13
-2301.72
-2570.05
-2940.16
-3114.6
-3422.59
-27115.9
26983.8
80253.3
44210
-123942
-17742.4
-70171.7
279202
-156997
17583.7
15651.9
10189.8
9321.21
6711.43
16244.9
1983.88
-19016.4
25680.8
7680.77
-4413.11
-8604.08
10920.1
15946.2
-6428.75
-3033.39
8279.17
2312.04
-39.6165
71.523
905.837
-481.429
-1136.41
-313.579
-690.858
-1315.94
-1508.53
-1967.72
-2511.78
-2778.26
-2998.77
-3172.84
-3323.33
-56286.6
-52894.7
110116
35848.4
-64262.1
-69376.5
-1165.48
226124
-23094.5
-61643.2
22188.4
14008.4
32192.9
3069.76
4194.94
7949.43
-15834.4
26324.7
15320.8
-20345.4
2260.38
10511.6
1194.95
-5098.26
5314.58
9077.47
1836.19
-538.462
551.012
-338.241
-60.9558
1082.13
555.155
-766.272
-2158.37
-1592.39
-1897.82
-2571.91
-2938.59
-3132.91
-3251.91
-3146.02
68544.1
132844
-67143.1
-128697
-121085
-127087
482720
-116790
-62688.3
14332.4
24499.1
12689.6
22011.9
9317.47
5685.39
-3424.21
13958
11703.9
-1703.69
-5140.29
3849.55
6438.85
1532.44
726.401
4839.39
5008.21
3105.29
2897.31
-223.724
-3518.75
1697.8
2154.2
-166.817
-598.063
-1933.89
-1768.77
-1499.04
-2139.35
-2977.45
-3117.18
-3148.76
-2930.96
225765
-136025
-119193
-101091
-55866.9
400766
-122692
-156978
-35309.3
156113
-12280.9
20294
13860.9
2585.73
13816.4
11296.5
855.68
6049.9
8876.15
2750.4
-9210.09
5987.96
9468.03
2678.28
-2198.45
1340.67
5442.08
3338.42
-646.876
-1140.2
1418.15
1317.67
253.045
-931.542
-1498.73
-1835.77
-1636.22
-2208.2
-2923.19
-2815.32
-2741.61
-2645.52
131444
-83406.4
31718.6
-57152
-55845.1
128523
54941.9
-46045.9
-102833
125353
1101.96
1874.44
13300.4
4715.84
14278.9
58.0033
-14186
27574.1
9592.23
-4303.37
-14244.8
13006.6
10756.7
1597.56
-2531.38
1663.15
5300.1
3309
564.343
-579.838
-1288.27
-27.1467
1083.08
-427.686
-1333.19
-1560.9
-1684.67
-2186.88
-2749.15
-2653.4
-2269.97
-2476.81
207323
-184283
5737
-6673.45
-25866
122783
37931.1
-98418.8
-144136
141738
-2562.41
14311.5
20718.2
-3352.59
8081.14
2183.85
-32665.4
47493.1
10507.6
-14482.1
-13343.8
14641.3
8730.5
-2535.65
-2795.82
3068.21
3593.57
2767.72
1361.72
377.742
-1981.78
-543.2
2161.88
-193.551
-1089.54
-1219
-1165.6
-1435.77
-2025.12
-2426.75
-2382.32
-2750.9
15507.3
26810.2
-65490.6
-7522.98
-85547.5
530354
-386320
-72322.4
-89956.6
312248
-107368
16737.8
-16723.5
-7702.78
5526.12
3811.1
-15338.1
19816.4
9935.12
-9353.06
1246.31
11080.5
5593.92
-2185.92
-1049.99
2889.76
2716.36
2380.6
1521.47
-960.793
-1266.15
1337.09
1900.03
494.799
-429.533
-926.343
-1038.45
-1011.1
-1574
-2090.17
-2315.9
-2823.03
-54714.5
-82216.7
257932
72853.9
-106748
-14508.2
-24949.5
12290.2
-14781.3
-52565.7
46737.3
22572.7
433.528
-2031.53
9972.59
-2998.65
-5272.88
8178.21
3546.8
-4033.13
741.208
4763.19
3656.62
2359.78
1138.35
-194.882
1261.99
2805.51
2781.98
-1661.22
-1007.07
2732.14
1450.85
1066.39
29.7201
-831.689
-1005.97
-1042.71
-1532.6
-1890.24
-2159.08
-2236.31
-115378
-285943
278723
98503.4
-68994.6
-100634
-94423.9
290070
-76334.6
-121418
69422.4
-27373.4
6120.64
20965.5
-2615.12
-17281.1
-12996.4
22714.4
9021.74
-5235.76
-1883.53
-1685.59
6223.6
6680.16
1983.13
-3287.57
-1329.11
2177.05
-717.098
-946.602
2201.89
1275.67
661.975
530.726
11.3181
-471.32
-597.064
-756.389
-1146.38
-1492.25
-1899.42
-1347.19
-70.3398
85119.1
104661
-274958
-300835
39768.7
577868
-258870
-91801.4
-26347.1
63870.3
-29874.1
14276.6
9748.11
-9335.13
-14514.3
-7104.6
-2865.19
11105.6
-820.169
-6069.32
-10643.1
11949.8
9915.13
205.281
-2833.16
479.483
1910.46
-3312.47
-1280.89
3691.87
385.666
-546.334
-60.529
82.3658
254.523
36.1359
-204.8
-575.194
-1030.89
-1540.33
-634.54
210764
135548
-240161
-85694
-22674.2
-107020
160207
79244.2
16250.8
-85630
-35925.3
5826.32
-7285.06
4466.1
-11254.5
5424.1
-126.854
-21016.8
21405.7
6724.87
-19213.3
-7516.85
9133.2
4843.35
-3998.35
-990.878
3918.48
-1562.93
-1948.72
3102.47
3005.4
611.971
-741.005
-448.987
-126.298
168.98
89.8635
75.2126
-262.773
-667.666
-971.217
-15.7767
-44799.9
131487
141114
526.57
98083.1
-85064.8
-162132
-31973.9
47188.6
72913.8
-152202
11397.2
-19057.3
2923.13
8758.78
-1810.99
-14339.2
10713.1
3930.19
-5582.07
-7971.9
1995.47
3148.25
-3049.77
-1823.81
2450.69
1322.74
-1783.54
-133.023
2706.69
1156.6
239.373
-150.537
-417.708
12.1025
289.563
347.368
380.392
52.6889
-48.4949
3.41488
677.757
-272737
165101
269545
29176.7
-51446.6
-117715
-129612
190233
-66267.2
1926.42
-87967.2
11391.5
-20116.1
7558.47
-3459.03
-5133.61
-1435.73
3220.9
-1593.39
-17710.7
13547.3
8025.74
-11332.1
-7894.02
5160.58
2284.06
-3027.62
-907.656
2455.48
-72.068
-800.914
253.607
389.423
49.4593
185.924
400.992
790.627
875.794
593.725
794.497
987.184
1220.93
-282463
147575
210059
352411
-444713
-171903
-114003
460721
-133485
-91751.6
-1389.19
-5252.61
-28251.4
24143.3
-3886.37
-29030
39043.9
-2971.04
-34314.7
-5686.11
13710.1
1686.46
-13312.8
741.581
7934.33
-1604.24
-3464.62
1798.14
2496.45
-888.242
-1536.65
-221.43
312.082
386.052
478.911
575.638
849.024
1073.73
1161.83
1569.79
1617.93
1614.04
-81237.2
27761
76292.1
381189
-387594
-147127
-142861
446969
-118378
-135969
82697.4
-19941
-315.643
11557.8
-8168.96
-11084.1
21838.6
-1058.77
-31621.8
4942.62
9391.52
-2791.01
-11231.8
2332
5341.57
-2000.73
-3829.61
212.568
1928.99
-206.804
-1549.34
-737.484
226.913
-11.8474
333.627
618.665
649.234
1027.96
1612.99
2164.37
2015.56
2232.58
11987.5
-398176
365596
46305.5
-59067.3
-107628
-32063.8
300193
-66748.8
-103483
-29583.1
34406.3
24409.6
7047.5
-14317.9
-10674.1
18457.7
66.9665
-18183.5
-9540.88
8354.04
3924.95
-11693.1
-623.708
5252.17
-1104.53
-5224.75
-1100.79
805.397
-2506.58
-3063.35
-232.57
1051.56
-33.8945
360.215
424.939
292.956
822.869
1856.03
2723.29
2506.9
3122.07
29986.3
-88693.2
254641
-211091
-300024
75981.2
507132
-108592
-97942.7
-37069.3
-19651.8
34334.6
33149.9
-2355.11
-7616.67
-12225.4
10762.3
3000.99
-18203.1
3111.7
3859.56
-8155.93
-7045.61
1321.19
2346.85
-4495.86
-3057.28
1667.08
854.69
-3942.12
-4040.89
186.869
-771.582
-456.048
455.21
942.715
1096.27
1088.08
1800.39
2797.11
2853.66
3908.58
193079
62098.8
-340014
-951.325
-67976.9
-77749.6
382536
-244936
-75293.8
250637
-85217.8
-29353.6
30889.7
-39262.3
-3620.97
7554.26
2840.88
-3311.96
2527.52
-4844.56
-10451.8
-1164.57
1322.78
-876.356
-6937.8
-4491.58
505.248
-141.157
-3081.21
-2620.34
699.941
-155.976
-919.633
-768.223
-558.349
264.618
1418
1778.91
2204.58
2814.52
2985.61
4273.38
43129.4
-145909
-270701
46115.2
74919.2
417498
-255823
-80885.5
160082
-102471
49556.5
28587.2
-33922.2
-18290.6
11504.5
4336.09
-1140.25
-2206.09
3784.43
137.757
-19278.5
10290.5
5170.05
-6866.22
-11043.1
-123.586
1484.64
-3759.17
-6763.93
-2256.57
1453.55
-692.36
-345.979
-127.517
-583.425
217.706
1211.41
1875.65
2513.38
2956.9
3021.72
4124.64
-136601
187966
122672
-262329
587070
-472599
-197721
-138077
510496
-90250
-44220.5
-637.089
-47884.1
17566.3
6355.7
-12327.3
-5111.83
7594.57
29.9818
-4113.95
-9553.04
711.84
3716.51
-1934.41
-7586.93
-3797.89
-340.917
-2289.95
-5066.12
-2601.61
-81.3223
-1740.69
-1530.24
-326.461
-18.8657
1009.17
1184.49
1513.41
2463.06
2994.89
3040.71
3664.46
-333115
153653
312857
261391
-453155
-187512
833.578
383563
-157602
7837.41
-14538.5
-14618.6
-25868
24257.9
-12496
-24387.7
14968.6
5770.46
-14312.7
-6283.99
-438.708
-5928.56
1434.86
263.271
-6937.17
-6340.37
-1357.47
-1262.97
-3928.8
-1401.14
810.817
-1571.39
-1473.14
158.141
944.778
1493.66
1456
1247.66
1807.05
2649.46
2954.93
3209.24
-56701.8
-234109
87354.2
272985
-104845
-149763
-110393
411793
-197146
-48166.3
69916.1
-24773.6
13399.4
-6626.42
-17662.7
-4567.89
6647.43
-1901.98
-8028.06
-950.039
-4685.39
-14892.3
7747.15
4125.74
-8153.55
-7300.19
1079.57
-932.896
-3169.85
179.451
1076.82
-671.345
-553.337
1161.36
1579.71
1524.53
1385.74
1086.39
1612.15
2245.39
2662.58
2766.38
93730
78742.3
215600
-436330
-73410.1
-98022.5
747426
-347943
-144397
31387.4
-8354
-7336.71
43880.5
-21035.1
-22711.2
16665.9
2151.98
-26335.3
30122
-4091.46
-22141.9
-13689.9
12890.1
3798.21
-7275.76
-4804.08
2513.88
-693.226
-1062.16
1250.76
684.399
52.4635
105.458
1313.16
1094.97
789.197
1088.21
1317.08
1744.4
2032.21
2185.57
2005.79
336425
-240192
-82382.8
-112670
10832.5
608638
-436966
-37124.4
-121430
79733.9
-9564.13
23258.1
-7195.21
-12104.3
3522.14
-4953.96
-2742.64
-6123.2
17539.7
-2310.91
-28492.3
8257.98
10395.2
660.624
-5611.98
-190.12
1973.03
-872.263
-531.822
1038.56
338.263
62.8188
518.347
648.955
485.517
779.799
1095.06
1112.85
1680.26
1941.63
1773.92
1526.26
46000.5
297768
-367308
-148422
666786
-398696
-142286
-78841.1
331656
-134593
-59058
-8104.09
-38111.6
18938.7
17.7376
-9930.8
-5943.07
8210.95
4443.61
-2875.65
-27833.8
16079.4
9388.54
-3060.39
-7061.15
3019.3
3231.04
-305.148
-1201.88
-221.587
213.795
-289.759
275.686
1053.26
793.327
979.073
1209.29
1262.67
1653.45
1757.7
1665.6
1472.52
-361748
-53358.8
412649
127225
-240166
86501.8
-149181
308584
-188645
-124946
128376
-96925.5
-4046.11
30972.1
-29508.6
-739.763
2564.88
-5358.03
13282.2
-1409.18
-27225.3
6698.38
9004.58
-1084.45
-10104.5
422.308
5268.79
1756.39
-1588.24
-506.224
1593.12
-253.531
-245.219
1194.4
1464.36
1491.79
1335.4
1410.89
1526.81
1331.94
1348.08
1030.57
24313.1
57453.3
-98992.8
20052.3
-44077.9
-82208.8
387584
-270854
4398.3
-94923.2
39003.2
19694.2
26812.3
-9988.05
-37104.9
9377.14
1594.21
-9349.06
25878.2
-3777.91
-25708.9
-6027.99
19264.8
6247.86
-11581.9
-6172.67
5804.81
2898.27
-1280.61
47.6647
2137.04
477.87
226.589
1566.71
1333.1
1006.17
1080.37
981.506
859.813
482.877
619.007
110.699
-70204.3
168692
-44956.4
-65291
-138108
-188009
498133
-170634
-57734.9
90616.3
-105827
30085.3
44763.5
-47268.8
-2971.53
12033.3
-3554.27
-5786.27
28818.6
-3779.78
-18790.7
-9391.27
21398.3
7650
-8394.99
-6034.88
4207.08
1355.85
-1768.61
-13.032
1609.6
568.982
410.822
1289.08
1002.02
469.276
357.058
300.087
-76.6933
-471.041
-218.619
-918.995
343028
-183587
-233465
-163029
74321.1
533045
-232259
-66308.7
-92927.9
41290.8
50429.4
8867.63
766.721
-42641.9
22464.6
5766.46
-1959.54
-3283.45
30726.9
-1989.2
-14331.5
-8426.12
16118.2
6320.28
-6238.71
-2940.18
3581.81
-270.474
-2899.83
-1346.29
305.356
-7.97399
165.779
195.725
50.4191
33.8979
-447.577
-421.48
-717.603
-873.746
-631.316
-1395.62
13612
-21022.5
-531384
201102
109454
325336
-192832
-103703
299720
-103164
-50864
72768.2
-55390.3
6792.53
16870.3
6037.67
-1648.11
-17755.9
43148.1
-2028.89
-16942.2
-5457.14
13487.8
6100.13
-6872.08
23.8526
4721.59
-63.2
-3916.38
-3125.16
-475.212
-468.301
-1234.84
-746.394
-275.052
-807.635
-1012.88
-1300.83
-1093.22
-756.746
-939.757
-1340.2
-185224
356513
-20656.1
-248193
585916
-476326
-80192
-102272
327430
1319.56
-40173.1
2177.05
-43485.8
32342.4
13005.2
-17166.6
-11624.1
4441.23
31559.2
-808.857
-23737
16488.5
6648.14
1418.07
-4974.73
4289.04
3352.45
-1812.36
-4332.62
-2189.36
-453.697
-1500.4
-1911.75
-757.627
-683.775
-923.865
-1284.26
-1664.63
-1469.87
-1190.41
-1529.72
-1498.03
-329518
76678.1
343589
386937
-524196
-221228
78358.8
450863
-212060
-4259.55
73339.7
-57143.6
3553.1
36570.3
-13463.1
-10761.4
-24965.1
45124.2
-1277.54
-5902.07
-9544.37
17075.6
6215.77
-2417.28
-1877.7
3437.16
2501.07
-2533.11
-2951.92
-941.271
-932.655
-3062.68
-2119.12
-254.937
-1295.5
-1467.77
-1691.56
-1098.83
-1510.42
-1913.9
-1749.5
-1828.46
-243948
-239905
528541
-252028
-188661
102736
303706
97741.6
-99290.1
-71832.8
72755.4
8607.83
58457.5
22249
-35725
-28805.5
42386.9
7721.84
-10579.8
-2589.79
8652.05
1588.1
2622.88
-663.651
-2623.64
1342.37
1330
-1580.58
-975.762
427.164
-880.237
-2610.63
-1600.23
-1550.35
-2114.35
-1835.05
-1493.59
-1198.22
-1814.82
-2169.81
-1678.45
-2023.1
485449
-3638.2
-505361
-103234
106026
275895
-61013.3
-172654
-93957
391023
-133299
-21985
73012.2
-63406.1
-1681.88
-3201.94
23462
6182.89
-28141.2
32222.3
3002.38
-17521.4
7834.49
3824.55
-7610.01
-4923.07
4052.27
1874.41
526.562
172.886
-198.584
-128.52
-430.913
-1732.05
-2581.17
-2193
-1415.61
-1924.03
-1920
-2388.7
-2113.46
-2114.29
-90090.2
295815
-626766
-17151.1
385980
-28780.2
-282029
187.308
557964
-300356
10385.2
97493
-75651.8
-25299.6
2399.51
26438
-4521.29
-22384.9
14224.6
11812.3
2284.55
-19826.7
33785.4
7439.98
-13078.1
-8496.29
10120.8
3987.04
-1922.84
898.037
2622.13
-686.05
-1420.84
98.3805
-758.807
-1761.96
-1770.95
-3269.39
-2286.4
-2602.18
-2179.9
-1928.38
-496610
190658
429569
304756
-500701
-333656
97853.6
477053
-232620
4788.31
-7935.43
-51303.2
-23830
25616.4
-26744.1
10195.8
11042.9
-13078.8
55143.3
-12993.6
-30243.5
3384.37
23833.5
7069.38
-3452.75
6880.86
6581.91
-1713.11
1570.77
2622.33
-101.872
-2041.91
-301.117
1748.15
541.473
-1564.97
-2374.95
-3273.68
-2375.11
-2095.2
-1785.02
-1920.35
-124971
-393387
291181
153914
-114596
-50453.5
-22028.4
379326
-149427
-77042.1
-53329.7
-24393.6
59760.9
-15597.9
-22815.1
9174.24
3767.25
15594.8
12470.1
1181.02
-27275.6
28370.6
10690
2994.71
987.166
8194.82
4657.55
1403.63
1072.12
1165.66
-566.944
-1808.16
-554.457
-62.9494
-694.174
-1814.01
-2126.19
-2173.46
-1883.96
-1602.1
-1559.44
-2071.96
158621
111963
241359
-640421
-245440
34473.5
968448
-507059
-147070
24424.9
-44076.2
-13454.8
49000.4
-39081.9
7830.12
9264.18
-4522.61
18616.1
7066.28
-6094.73
-2511.85
11429.1
6195.66
1923.62
2459.67
3487.38
1745.55
925.647
2748.04
2872.81
1220.57
-1542.03
-2063.33
-2027.3
-2499.56
-1208.49
-1340.75
-1506.21
-1437
-1736.45
-1647.1
-1897.69
378555
160173
-544546
-153849
25665.6
298787
1607.36
-282988
-47250.5
280757
-124286
6359.41
9935.54
-22474.9
29838
-3720.47
-14092.1
7201.16
20924.6
-2952.68
-6430.11
5398.91
3398.8
-583.472
-177.814
1407.64
735.918
-611.912
-919.059
2503.62
4246.4
1479.42
-1145.69
-1703.67
-1028.08
-217.323
-781.885
-1023.27
-1309.76
-2156.46
-2011.17
-1788.55
-115910
-62212.2
-717684
393032
51828
464845
-307961
9821.28
202147
-109420
1766.97
79820.8
-61418.9
12723.4
36715.2
-20240.8
-26923.2
18489.1
21453.4
-7422.97
-12159.6
3534.2
7840.38
-1542.05
-3330.59
-2763.66
3259.07
280.115
-4032.43
-481.265
5855.89
3539.3
1558.42
1245.48
1392.19
549.131
-575.422
-923.481
-1303.4
-2023.99
-2155.13
-2004.05
-482768
136091
533068
-317857
657884
-588194
-161737
-157952
582239
-81981.5
-62944.6
-1352.6
-29090.8
51513.3
-15578.3
-13042.2
-8174.71
10642.6
8821.75
2651.83
-3117.3
-7355.32
2887.87
718.584
-6334.37
-595.943
6959.85
1302.43
-10957.9
-5861.09
11821.8
5266.22
3067.97
608.19
383.377
547.487
120.747
-362.929
-1162.55
-1513.11
-1952.14
-1874.54
-176211
-225913
-14033.5
1.0459e+06
-943440
-316098
64089.2
782529
-231008
-132133
151587
-74397.7
50375.7
28052.1
-36065.7
-3844.63
1250.18
4540.25
7046.15
2961.12
-4272.96
-6697.23
4815.5
1598.25
-4346.97
-1973.14
3626.91
2654.13
-2737.41
-1209.02
3798.38
2821.97
1677.16
85.6248
-139.999
404.632
381.41
-391.683
-1987.95
-1257.82
-1607.5
-1223.19
248222
9027.28
39734.4
-554364
-244197
36096.9
1.02245e+06
-543024
-83797.8
-2828.01
46181.7
19284.1
76320
-28651
-12651.1
11399.2
-3198.31
-7284.71
11036.1
2663.73
-4337.55
-1749.88
-3335.37
-524.47
5136.78
1080.93
-566.282
-509.294
1185.32
2104.57
1902.75
1030.82
522.433
-892.178
-475.764
-716.183
-341.008
-1137.96
-2394.99
-791.599
-740.777
-554.99
351217
-88366.7
-314583
-184648
-1182.87
326894
-93305.7
-272944
37112.6
365896
-127785
-18995
24164.6
-50475.9
8905.94
6578.41
-8836.54
6400.44
10136.6
-3352.49
-2841.6
12492.1
-2256.55
-8281.68
3275.7
3200.29
-692.025
1472.41
998.227
-237.531
-1346.79
501.809
-657.879
-1706.46
-845.833
-1514.39
-1119.47
-714.766
-1252.31
-555.566
-414.634
-603.996
297689
-86037.1
-219658
-49409.2
-42284
127502
47646.4
-4839.38
-111801
67197.2
-6794.61
3904.97
-10755.3
-46654.1
12087.8
1678.63
-17258.3
15876.9
382.619
-13530.4
3973.08
19011.8
1145.06
-3950.61
2621.4
3178.61
899.548
2875.78
-1345.83
-4390.36
-2230.42
745.498
-1310.37
-1244.41
-272.228
-506.169
-299.235
227.732
-527.379
-1166.44
-559.961
-433.34
274634
22993.8
-202540
-42580.2
76085.6
-162303
387757
-222614
-82243.9
-15165.2
18315.2
-43689
-13240.8
-6540.91
18935.1
-7067.85
-13658.5
18353.1
-1094.84
-15577.7
16328.5
10367.4
641.498
-1069.08
3262.25
1350.47
1222.34
4138.86
-2422.94
-4440.41
-453.735
2534.75
-482.313
-785.715
405.182
954.076
679.143
797.945
-212.4
-1461.49
-584.978
-405.241
62183.9
-25611.9
18452.4
97136.1
-88662.8
-4489.7
99154.4
-69164.6
-58119.3
-22920.5
70323.2
-122350
10317.6
19542.6
15443.8
-14938.4
-2538.37
14580.8
145.277
-6648.57
20518.7
2351.52
-3352.07
61.4767
3411.12
-221.67
346.379
3517.59
-244.284
-3096.45
447.613
2773.42
-771.33
370.686
1059.41
992.672
578.031
-165.251
-774.38
-1448.49
-1101.46
-1304.43
-251242
12605.4
280885
199350
23110
-169562
-74356.9
142677
-149694
-64385.6
59716.3
-85656.5
6709.77
52191.5
-6413.09
-16876.5
8429.84
10494.8
-5819.76
-663.88
15640.6
-614.365
-5649.35
1189.9
2762.82
-1154.88
145.082
3101.64
-123.463
-2056.25
778.087
2308.73
115.019
135.617
1016.52
521.285
450.78
-776.568
-1160.5
-1290.22
-1296.65
-1220.33
-38452
-303969
136798
668743
-358216
-280904
-32600.7
566782
-208170
-206569
205100
-187483
15824.9
63594.8
-37095.4
-11298.6
11733
3709.45
-9828.02
2474.51
8067.13
-2413.45
-5654.57
806.499
1404.81
-1392.12
456.047
1977.74
-444.489
-906.905
900.686
1730.28
433.727
596.631
399.257
362.26
467.137
-364.815
-904.748
-776.488
-1323.69
-1168.64
329414
115341
12416.9
-409621
-165876
25361.7
1.01684e+06
-609775
-164086
-78240.6
64660.7
-1531.24
69792.3
-3987.59
-31929.6
5073.42
6561.32
-2451.51
-8125.16
1658.8
808.622
-4035.84
-4782.27
-1475.73
-461.074
-1167.71
266.463
783.743
-354.783
-19.5933
739.778
843.988
220.915
233.322
-344.788
-12.0288
411.974
-0.350577
-375.173
-517.505
-1087.97
-1240.68
160001
-243551
-118747
-34664.9
65972.6
802515
-588499
-77645.6
-110221
302366
-75752.3
-19496
57681.8
-82498.4
21599.6
6813.17
-489.736
-6876.41
-4057.46
-1328.63
-4010.26
-3082.44
-2794.89
-2910.89
-1349.37
-366.511
-212.727
-209.052
1.47436
580.548
564.227
-56.2403
-344.125
-393.599
-906.509
-150.052
442.908
281.854
179.253
-175.925
-725.2
-991.319
-293316
-27976.4
508804
-233014
493046
-462885
-137241
-113289
457201
-175497
13257.6
108444
-122572
37576.1
12071.7
-3810.74
-1024.8
-5205.3
567.194
-3849.46
-5460.67
763.08
-217.791
-2538.76
-539.608
564.908
-658.945
-976.224
-80.8668
644.056
260.24
-595.991
-654.059
-760.49
-952.054
46.7747
607.415
554.707
498.009
170.312
-317.42
-531.139
-247830
-265024
293203
143319
-166961
-47460.7
-112413
450829
-195373
-64099.9
230533
-162026
48943.8
40926.4
-24845.2
3748.36
-2019.56
1123.46
1880.32
-5500.18
-3131.77
5262.08
416.57
-2103.24
695.537
977.378
-1067.03
-1430.94
-580.546
146.279
-184.92
-733.842
-527.549
-754.789
-478.146
437.931
764.469
713.564
585.998
435.675
68.2272
-23.4614
542577
55844.4
-430179
-124068
71344.5
-101917
380867
-280657
-13428.2
199910
-172854
23846.8
101865
-50377.8
-3247.28
7364.98
-5297.17
4657.73
-1940.74
-6335.23
3283.55
5876.85
-818.724
-530.627
1961.34
625.529
-671.217
-614.143
-657.204
-712.748
-528.265
-467.712
-267.003
-586.95
-45.6555
501.565
601.621
580.353
513.844
596.499
424.77
485.083
31657.2
-112398
-455055
205727
103819
378119
-226116
-45518.7
23788.7
75692.5
4742.81
-11421.3
17861.7
-72124.4
25926.6
-8128.66
-2248.95
3474.12
-3845.34
-2514.05
9443.41
2900.7
-546.283
2956.49
2117.74
-670.82
-66.9796
599.391
-761.393
-2009.02
-1182.27
-331.455
-353.014
-399.249
-2.37071
217.791
240.833
333.678
474.234
658.192
581.475
753.229
-217329
14016
536188
-228663
570239
-480536
-116159
-124628
397695
-220596
30414.6
211760
-221514
16965
10973.2
-12920.9
5323.63
1153.14
-3411.86
3887.89
6077.3
-641.343
-249.43
2484.59
-656.815
-1936.56
-160.795
590.62
-994.758
-2364.16
-1427.64
-220.524
-679.805
-133.566
-181.605
-97.6971
-167.293
111.41
496.825
595.917
413.786
648.818
-170150
-36510.9
64723.8
888020
-763645
-292583
107891
659791
-395729
-126196
60604.2
40906.1
-57973.7
53716.6
-14669.9
-4254.92
4408.48
-6.99682
-4.90768
3524.95
-1429.96
-2813.38
-393.093
-1760.24
-3027.37
-1844.28
-927.872
-998.016
-1025.32
-1537.98
-716.713
-47.1516
-1105.1
-66.2953
-426.545
-298.587
-477.994
58.1944
621.624
547.56
151.974
463.017
-238623
-41984.4
525140
-551538
-386345
219845
442140
-148199
-319351
-27720
326161
-130313
71450.8
25384.1
-23425.9
3783.44
2025.38
-685.338
3395.53
-320.041
-5480.48
-2609.87
-1087.25
-3849.52
-2928.1
-1334.39
-2109.61
-2195.8
-1368.94
-59.061
446.567
-314.326
-1194.77
-241.48
-431.169
-300.89
-434.265
264.843
811.015
594.44
15.6837
423.294
436913
-222761
-211767
-222576
128109
563251
-405838
-287757
57913.4
408123
-268588
66258.8
70227.3
-38363.2
537.871
8350.83
5206.63
-2003.59
3530.57
853.319
-5423
-1947.24
-292.73
-2557.7
-2040.06
-1529.15
-2255.28
-2051.58
-1486.39
916.448
1028.51
-325.887
-809.483
-499.463
-175.586
-290.306
-91.0681
549.97
975.362
852.032
307.044
843.189
-179147
-57213.7
81227.5
111943
-944.467
-149606
18070.9
-50693.5
206861
-139577
59836.5
48519.2
-7430.75
15678.9
-2601.14
15629.1
3575
-6671.21
6749.35
2934.9
-4918.87
-614.189
2080.4
-773.294
-1739.39
-1216.22
-946.817
-1265.57
-877.534
1129.83
917.736
-331.271
-110.565
-523.212
135.394
-250.868
429.206
805.258
1168.07
1375.78
1043.4
1639.32
163881
39277.4
-321225
41934.2
-246473
82253.3
460086
-196173
-166249
17106.7
18733
-52837.2
69800.4
-12559.9
-3880.44
21467.1
-9070.25
-3776.76
8421.59
-2112.8
-5123.68
1643.3
2583.82
-460.621
-862.08
30.6585
222.711
-224.771
-245.598
545.708
1005.53
175.429
563
-201.259
205.655
-128.953
748.129
813.767
1327.91
1991.47
2014.59
2572.02
199752
-196156
-122970
-291184
244898
740328
-486028
-245501
-39528.2
209426
-102731
37588.3
15547.9
-63808.7
38913.8
-2415.99
-15378.6
3354.36
616.776
-7093.76
-2113.58
2497.81
225.224
-271.179
736.321
1152.05
878.208
471.599
272.144
76.7695
1485.65
848.537
774.318
211.993
9.03427
81.4972
558.947
552.229
1446.19
2465.22
2916.76
3316.71
-147239
92051.8
394812
-73630.5
275857
-439326
-57542.2
-11195.1
372439
-211244
-24499.5
61304.8
-144029
31754
24156.7
-30192.3
-5976.03
3194.47
-5970.71
-5521.77
1838.42
482.47
-1240.24
484.288
1290.78
949.491
696.437
794.99
460.969
-132.137
1653.86
1047.32
356.281
577.843
-266.611
328.616
60.7448
369.719
1578.62
2533.92
3250.68
3411.94
-174839
-66712.8
232287
5704.21
-166851
-36794
-80124.6
365159
-237124
-56141.1
231316
-228453
35190.8
56416
-48985.1
-11677.4
3619.28
-2394.68
-5933.98
-1199.51
1383.24
-1863.86
-1111.24
1037.12
796.145
93.9931
234.673
521.097
202.241
-61.7276
988.475
627.426
-282.243
916.366
-535.393
485.006
-261.612
534.746
1646.4
2130.71
2897.24
2671.57
392126
-329958
8587.87
-199988
70628.8
196277
5017.89
-281601
17852.5
248264
-278405
37118.8
86775.2
-61429.8
-20251.6
7129.99
-163.14
-3069.95
-3400.05
45.7026
-753.837
-2284.53
-819.588
420.044
-201.699
-407.769
77.5667
141.738
32.5091
61.5152
-251.677
87.7705
-385.875
1036.58
-667.793
510.427
-53.4456
921.527
1480.19
1425.08
2191.11
1424.54
-112844
272819
-1135.7
-3497.49
166624
-141635
-338839
122835
483521
-408887
9110.44
82200
-75894.5
-39159
22179.6
-2650.07
-2189.04
-2658.17
-2767.2
-502.588
-848.429
-2099.74
-870.793
37.1664
-770.161
-926.605
-278.548
38.1281
52.8411
-435.502
-1003.09
-115.703
-355.363
834.938
-565.72
436.016
465.346
980.061
936.539
618.88
1480.52
196.658
-45795.3
-233914
324088
139051
-136206
-215478
132391
495483
-387121
-64181.8
72005.3
-29384.2
-62110.2
51652
-9136.23
-4989.53
-975.663
-4880.52
-4128
399.444
-169.212
-3121.33
-1524.91
235.289
-875.496
-1352.87
-751.377
61.1284
36.3442
-1548.86
-1652.75
-52.1355
-137.457
237.216
-274.933
356.657
836.942
698.922
511.98
228.448
1157.89
-409.653
366008
-54853.2
-240153
-185337
97155.4
-29649.3
477177
-376324
-119697
-38419.6
134610
-91339.6
84062
-11608.6
-20070.6
5311.31
-5999.34
-7342.62
-4449.23
1600.61
-1393.77
-4876.32
-1738.28
618.322
-953.053
-1810.92
-1372.26
-171.012
-399.464
-2301.14
-1958.44
-283.408
166.856
-487.91
264.9
402.693
959.627
485.216
474.849
298.616
1108.65
-308.273
15669.2
199023
-311787
73465
118379
306157
-264271
-96782.6
-85530.5
316729
-192130
57885.8
12040
-57977.5
20361.2
-4493.78
-8634.88
-6545.52
-2578.7
1430.32
-3545.13
-5734.88
-2002.29
-30.5138
-1534.15
-2342.2
-1955.3
-658.715
-1132.83
-2444.76
-1585.55
-592.264
245.648
-933.198
782.731
301.558
901.673
539.269
713.838
705.121
1172.06
271.455
-332645
79003.4
482273
-64848.8
251311
-293211
-84989.4
-53968.8
464518
-240831
9492.17
58813.4
-96666.5
41290.1
9208.27
-16006.4
-3456.21
-5362.92
-1735.22
-856.321
-4068.25
-4423.8
-1858.54
-1311.13
-2480.41
-2814.36
-2246.97
-1121.47
-1504.42
-2284.42
-1243.54
-959.37
34.9468
-992.862
1132.07
179.996
996.016
864.811
1003.93
1260.95
1362.44
1205
-170705
-100154
131088
122027
-240427
25866.5
-89772.1
416446
-263975
-10578.2
168746
-118732
60282.1
45968.2
-37317.6
3727.04
-1098.05
-4060.67
-1798.88
-2957.04
-3388.26
-2209.45
-1598.27
-2253.81
-2802.43
-2763.93
-2321.87
-1585.08
-1490.13
-2293.69
-1242.91
-1644.87
-442.025
-1180.82
912.472
-16.5959
1182.86
1251.44
1304.17
1805.97
1562.12
2125.5
313696
-68137.7
-225306
-195803
261917
270772
-120399
-296697
65297.2
313460
-259056
58847.1
72464.7
-61504.8
13239.5
9698.33
-8408.78
-2206.96
-936.871
-3306.52
-2237.73
-1076.89
-2333.87
-3093.42
-2852.75
-2786.59
-2804.58
-2590.02
-2031.93
-3038.4
-1040.41
-1801.04
-458.362
-919.752
746.497
147.344
1364.39
1387.12
1487.59
2137.81
1616.4
2662.5
-225140
-5600.41
277684
137927
36451.3
-274880
-7070.4
38901.8
289283
-204533
70991.4
69657.9
-97564.9
24720
29957.4
-16801.7
-6200.27
2093.94
-52.8429
-3561
-1435.2
-1444.88
-3565
-3399.59
-2636.91
-2562.39
-2817.26
-3289.52
-2621.57
-2969.32
-310.179
-1479.01
8.37144
-200.278
624.119
702.148
1411.96
1333.16
1519.03
2141.3
1437.46
2650.94
163667
-72104.4
-69400.5
-39442.8
42840.5
7711.81
148902
-92688.1
-27055.9
68455.6
18779.7
-90083.5
46563.2
30620.2
-28139.1
-9347.14
388.325
2990.42
-2549.7
-4138.15
-474.132
-1473.4
-3277.42
-2487.35
-1861.39
-1547.72
-1762.37
-3506.67
-1958.93
-1291.71
-100.228
-682.461
191.27
663.681
314.016
1432.2
1335.59
1548.89
1670.53
2073.53
1049.27
2096.31
366664
-23493.6
-269449
-44054.3
111346
-122707
122207
18051.2
-51420.4
59279.6
-114443
39369.2
47226
-37114.6
-15118.6
6622.78
4939.78
-953.586
-4899.53
-1520.41
886.08
-1557.21
-1731.52
-677.831
-333.428
-169.583
-1037.89
-3258.08
-555.426
781.897
86.2192
104.2
-115.209
1767.9
-141.461
2040.53
818.887
1600.38
1372.54
1662.4
577.694
1511.31
295604
103683
-351837
-101976
-21233
-108488
245619
-35593.7
-100796
78869.6
-38265.5
32348.3
30957.4
-33579
4559.64
11422.6
348.606
-3037.78
-1340.64
2744.02
1993.64
-236.708
-221.757
-872.05
324.929
-347.028
-1860.04
-1542.12
1962.59
789.615
-1829.52
639.47
-91.2523
2784.18
-464.961
2732.03
785.321
2221.78
1418.63
1454.88
308.761
529.125
165118
-130022
-179384
-193379
71227.4
502202
-357276
-95332.1
-14777
50043.5
-27547.2
61562.7
-6350.36
-24895.8
22938.3
7254.07
-171.958
2640.83
3265.69
2311.77
-326.763
834.986
-821.112
-1802.27
1056.58
-1474.43
-2380.12
-498.99
360.763
79.8941
-1823.52
1514.69
-663.037
3046.76
33.1037
3101.39
876.386
2184.19
1084
1182.64
723.261
672.281
-218193
23810
259287
-62179.9
164188
-314908
-59902.2
-67188.3
262051
-168666
-2848.75
36483.1
-93706.5
18690
20931.6
-5563.46
2173.91
3561.17
986.449
-1627.49
-1722.34
-2489.82
-2528.43
-4069.42
-1919.56
-935.943
-2472.76
-1189.79
-147.821
1371.81
-488.517
2656.58
47.4011
3759.83
1226.02
2720.01
918.35
1442.38
492.441
663.9
1145.05
1216.97
-133864
-105569
322555
-8324.92
-203090
-89786.2
-60779.1
303748
-197552
-68446.4
138969
-187848
4591.91
40311.8
-17200.5
-2266.49
2392.67
-553.509
-5074.05
-2782.23
-2719.81
-2545.87
-2921.58
-1548.62
-940.538
-707.392
-1438.56
1147.04
1164.47
960.675
676.073
3178.91
283.771
2320.07
1382.33
1153.68
743.655
598.352
621.041
1026.53
1726.37
1443.27
386301
-237198
-82662.7
-87032.1
112130
5807.99
61325.1
-158747
-38308.3
89706.4
-160493
-6272.41
71956
-29325.5
-14778.6
1760.32
1374.77
-4468.19
-4454.42
-1257.2
593.748
-1461.38
-916.482
317.049
-2148.08
-154.646
1417.92
1877.25
-18.8434
-871.724
964.586
1783.37
-466.43
-175.435
1131.71
-564.749
570.181
45.556
1272.01
1840.98
2253.37
1584.27
17318.6
276273
-506845
174869
213796
22971.3
-146717
-11754.7
-8175.5
33591.1
-24668.9
39657.3
12034
-59333.3
10773.2
2039.93
-4075.44
-6748.18
-2613.81
1673.1
56.2595
-2240.67
-1928.06
-2348.19
-1233.63
433.087
977.288
-78.6611
-644.915
-740.415
1189.9
-470.39
-756.439
-1706.57
578.185
-1667.14
663.047
21.6991
1862.97
2278.52
2517.54
1715.79
-248057
-164447
564688
-178140
227015
-189559
-26544.6
-88462.6
305746
-119110
-36551.2
77559
-78929.4
9261.74
6938.57
8451.79
-11804.2
-15427.5
453.901
2097.7
2983.25
-4854.11
-4997.75
-325.388
1969.63
1738.4
-251.352
-2078.06
-157.055
-1066.81
-89.0369
-2366.66
-566.091
-2006.68
-63.5009
-1403.03
931.644
361.407
2128.02
2135.96
2601.1
1803.7
-328219
91201.6
390190
229931
-299023
-157566
16729.4
467020
-303985
5565.58
20833.1
-14254.2
-43362.2
33857.7
-10925
-9632.79
8945.05
10423.2
-12174.9
-25886.7
20888.8
1132.75
-7270
-1214.1
812.008
-269.402
-1164.01
-1858.47
-1072.29
-2230.79
-1378.13
-2457.35
-148.882
-1401.82
-527.354
-47.9291
851.142
653.017
1865.74
1499.18
2342.25
1428.39
-163851
-182055
140775
92873
-287799
117553
389209
-130777
-140047
-11448.3
126465
-80705.8
17744.4
12789.8
58246.5
-36192.8
-26371.3
3001.52
-16323.2
20162.4
8424.24
-4309.76
-4001.9
481.306
-28.7632
-1542.33
-2352.22
-1914.14
-1871.9
-1815.84
-725.951
-763.014
288.301
-137.426
-453.908
1368.92
359.643
933.203
1373.25
1093.54
2034.73
893.53
406289
128498
-444130
-79200.3
14492.5
-30705.6
190088
-174441
-63672.9
221427
-125759
14703.4
41146.3
-28618.3
46797.7
-27360.3
-13577.1
6552.97
-16210.3
11806.6
400.401
-7572.19
496.571
2913.12
-84.4075
-2214.32
-2234.17
-1382.68
-2405.11
-496.401
-294.426
894.915
806.669
1284.6
283.623
2012.87
-251.26
1174.23
1015.28
1215.97
1885.38
624.108
-126109
205808
-286121
-62233.6
288319
74603.5
-120243
-85112.9
140240
-93980.7
16684
24288.4
-14268.1
49946.6
-26108.6
-36792.9
7990.27
3418.24
5800.12
2411.45
-2170.69
1796.35
4293.7
727.967
-1721.29
-505.782
-34.0351
-1742.17
-1138.68
2413.88
-1364.21
437.925
331.71
1662.2
1013.15
1489.08
-590.101
1171.63
895.491
1487.84
1400.8
659.054
-137443
-82566.1
337775
104428
-296119
68759
-61335.8
45703
-24315.1
19651.1
5978.11
-1864.2
-17432.5
11721.2
4828.44
5400.41
-6143.93
10410.5
9113.27
-4654.34
-3270.22
2329.53
885.599
-1792.14
-1062.61
1311.25
1008.03
-1837.87
-2530.32
604.462
-910.705
1174.42
292.191
584.274
1302.47
484.037
-49.2303
1054.36
945.832
1309.55
780.415
699.97
315905
-119911
-116134
-125171
-8886.41
44385.8
-103283
170.561
-45070
-29320
51876.5
-22796.1
-5339.89
24347.2
-2045.84
1915.71
-15346.9
11304.4
4800.79
-7902.46
122.552
1519.59
-1586.7
-3521.43
-1122.93
-1249.03
-3590.91
-2254.93
693.278
-192.897
-1903.81
31.5809
-114.94
-31.0136
1613.76
-615.702
1162.1
459.074
647.336
480.515
274.09
501.388
-79817.6
417567
-284003
-83624.7
-27386.3
6914.19
-33804.5
67810.5
-128165
137622
-49793.5
-37084.2
14978.4
1383.7
4686.34
29113.1
-12048.8
-3613.93
1095.03
-5347.01
-5165.86
-2311.57
-5796.66
-4382.54
-4166.71
-5211.01
-2338.61
59.2455
-815.715
-3129.03
-1106.73
-368.402
1168.27
-814.981
398.874
-844.735
3002.82
-656.108
467.737
-390.967
220.082
264.549
-343227
-40673.6
339522
84836.5
-138411
132097
-153172
299936
-107248
-54654.5
96565.7
-58533.6
-33960.2
13785.9
-1046.12
-11201
-3776.35
-3844.82
-6171.32
-12365.5
-6331
-7117.35
-6409.33
-5389.05
-6113.67
-1766.32
-1700.71
-1532.43
-3912.18
-1175.12
689.798
390.597
-662.59
-2678.22
2051.1
-299.1
2496.76
-543.456
475.195
-685.633
591.281
99.6851
-128691
-24950.5
277236
-21398
-87725
-142744
73896
93011.1
-22960.7
-33616.9
87746
-56954.6
18492.9
-31903.7
-10234.6
28740
-13091.2
-24817.1
-6891.63
-3171.61
-6986.07
-6457.83
-4842.95
-6364.28
-1698.5
-646.925
-3864.46
-3062.34
-178.312
1664.38
183.563
-1176.71
-1529.91
-613.942
2612.04
-502.524
1568.24
597.085
1043.66
50.7671
729.943
-23.5764
63124.3
21712.5
3247.43
71794.8
-89328
-88112.9
148725
13655.9
45896.8
-66649.1
-12147.2
30462.3
50473.3
-18570.8
-26064.9
17654
-26329
-2003.01
4952.8
-5919.79
-8730.08
-2749.32
-2789.67
-3732.91
1052.54
-58.8339
-3688.89
-821.462
2498.27
-1482.56
-469.563
-699.421
418.918
1635.9
1105.49
-424.514
1230.2
2367.27
1459.54
1467.56
775.497
867.306
31538.2
282793
-371467
39962.6
-37850.2
-45001.3
439944
-223894
34709.1
6287.4
-24394.4
-30855.9
-11893.8
-22166.9
31406.1
3176.53
214.717
-896.921
5799.08
-8164.53
-6256.55
371.396
-784.637
-251.274
2426.9
-1383.33
-914.008
775.556
2521.22
-2001.55
215.142
717.855
913.883
2091.29
-47.9501
358.973
1129.05
3250.79
1424.59
2645.46
1112.27
2550.56
352116
-215417
-187350
-83993.9
25531
145703
114481
-87489.7
16694.5
193359
-163880
-44358.5
-22629.4
701.52
60713.3
-49867.6
-13638
16785.8
28092.9
-14900
-2319.12
2259.77
2952.53
636.28
1735.83
-2390.29
1785.64
1644.38
2212.15
-1168.39
-111.925
2343.91
427.571
857.946
-158.4
375.701
916.294
2469.96
1264.33
3310.83
2116.95
4110.53
102301
15505.6
-127322
-243252
25519.1
260782
885.491
14073
-34983.5
46102.8
-60511.2
38842.7
-7496.32
21031.4
17171.8
-45728
-5798.29
-29692.3
92062.6
-14137.6
-2004.9
1798.49
6754.1
1134.86
-73.8826
-2177.04
2989.09
1930.08
930.275
-1607.55
-1083.8
1606.95
-1041.03
-1132.95
724.607
63.8164
539.818
1466.65
1492.71
3104.63
3162.66
4338.86
-153491
308291
-217949
-91458.9
147213
101430
-137694
20455.7
244451
-258729
-59757.4
41113.5
61338.5
51643.3
-16411.9
-63500.4
25406.2
-13837.4
39294.7
7009.8
-11376.3
902.045
4185.63
1857.77
-723.753
-3008.7
1496.1
1376.52
-3001.49
-1477.9
1279.04
-992.954
-3375.2
-635.964
1871.52
-1646.25
504.612
487.812
1665.12
2800.28
2883.14
3035.06
-89418.9
6483.07
37066.5
-81335.9
244648
-74121.7
-197935
-65923.4
102732
-52930
-30338.4
156247
8173.79
-16660.4
25182
-46225
-33794.2
14120
26197.4
3901.27
-7888.1
-911.799
961.522
2258.53
-3754.62
-5580.79
1527.98
3409.59
-2043.85
-1691.86
583.752
-556.644
-1809.69
-456.669
1307.47
-1763.12
428.702
-565.282
1495.78
1571.6
1299.05
1252.6
-161121
-159306
388815
-9248.71
-205844
-141387
233291
332199
-266563
-5992.57
23487.3
-98810.4
-49013.8
39058.4
6775.31
670.027
10850.1
-5119.17
-1035.05
-1625.28
-1316.42
-1675.49
1388.1
3165.95
-6613.79
34.4709
3951.9
114.069
-230.355
1543.34
7.52257
-332.123
-699.565
-511.188
530.056
-1026.6
275.654
-1087.76
1067.13
-164.381
-295.166
-230.734
523401
-400855
-48458.2
6174.1
53177.9
-105346
146744
-47797.1
8120.1
56364.5
-134364
-59803.5
40375.4
-74463.8
80020.5
23304.4
-24999.4
-28239.6
3444.74
392.932
-83.969
-1908.56
-1204.2
-83.6619
-1944.13
2775.2
2093.17
-2093.46
-554.184
1458.04
402.267
-337.097
-241.892
-189.954
610.448
237.821
256.808
-988.807
576.908
-1564.17
-1366.05
-1657.24
-154833
481060
-105042
-19356.4
-144964
148483
-134796
105294
96067.7
-195234
-142578
134986
-85083.3
36558.5
60869.6
25176
-39305.6
-21892.9
-14676.4
-2448.89
-6485.11
-7749.56
-2907.46
972.812
-1826.09
331.487
1179
-958.206
-977.259
-436.142
-0.671179
857.122
1801.44
859.321
757.266
472.443
-448.806
-972.341
-518.515
-2424.26
-1776.25
-2614.13
28518.3
-192125
273942
41373
-114623
-170837
427264
163164
-402037
-159510
326412
-141085
-105758
71359.1
53018.3
96499.6
-170529
139216
-157271
53540.9
30437.7
-29825.6
569.088
984.508
-8099.95
1123.19
2964.68
-1620.26
-1802.04
-940.006
1104.65
968.091
1826.57
659.269
-379.038
207.666
-739.899
-1273.63
-1809.05
-2919.58
-2931.96
-3940.08
405575
-269773
-45832.9
51409.2
90911
-19202.6
35811.5
-215148
13684.8
171347
24273
-9035.26
-96219.2
-38070.3
-6732.12
93573.6
-16902.4
-116128
44735.2
29035.2
-15107.1
-5202.02
-524.098
4699.82
-6318.96
3493.86
-2825.92
-6071.81
-3601.16
-1376
1054.15
-33.4878
1336.31
-344.747
-1125.58
-589.464
-2122.29
-1473.2
-2115.6
-2192.83
-2244.64
-2602.28
-172222
202949
-80293.7
90245.7
-47517.2
263258
-411281
-330290
350529
293866
-9292.8
180850
-167865
-157144
83481.1
36532.9
-76855.9
39961.2
-12628.7
5161.52
-24199.4
20581.5
12349
-16476.3
-4005.27
5798.94
-5872.69
-1533.46
640.907
-132.718
-1075.77
-420.312
-543.92
-2417.77
-1708.83
-531.723
-2762.44
-1730.29
-1759.43
-693.638
-348.595
-107.589
-297598
-226013
23816
50424.4
208902
4327.36
71893.2
-105655
124583
-46863
65880.3
2147.79
-144599
113958
-68467.6
61998.9
-14270.5
7658.09
68576.9
-44490.8
-14287.7
-17916.3
3274.31
-23489.5
7983.7
3301.37
-1930.75
2015.24
2826.26
1501.17
460.933
800.402
-1229.51
-1731.53
-1563.75
-468.57
-2550.25
-2479.36
-1991.55
-1083.48
-847.445
-639.218
-193863
-82574
-179073
-96999.1
-796.957
302762
276194
2963.29
-203314
-120661
-100252
-37692.8
39239.5
76720.1
55074.3
-107707
100980
-26255.1
-347.884
-72541.7
42941.2
35511.5
-3696.84
-21888.5
13289.3
4894.96
-2147.86
2707.61
3402.47
3253.36
3392.83
517.967
-1505.65
-335.327
-1575.09
-1333.65
-2743.1
-2436.71
-2032.73
-1507.82
-1123.86
-1265.45
173770
291199
-235720
-103267
218869
137968
-73730.4
-28552.4
-134923
-86944
-135200
183924
140753
14059.3
-196879
143828
-45292.8
122961
-128775
15380.3
58893.4
7684.02
-28617.6
24080.7
10789.7
4273.42
-665.889
1171.06
737.471
1240.62
2452.56
-583.808
-1282.68
71.5739
-1220.07
-1095.5
-2460.93
-928.215
-1282.29
-852.763
-574.971
-1209.34
36856.7
229843
521359
-172901
-436371
27837.4
65555.5
-232989
202892
68110.8
-120871
-17670.3
103455
-37040.5
29039.9
-54843.4
91218.7
-93557.6
30029.3
16194.2
25103.9
-8009.34
6280.55
6585.36
5950.23
-14.3363
-3304.05
-283.648
-202.747
-205.917
1818.81
426
87.2925
352.824
-832.35
978.834
-363.009
650.62
-1010.82
-894.94
-1095.96
-2055.36
-180459
-97514.9
279382
90279.7
-217468
-255178
387921
1034.51
131183
-39911.7
-141735
-53379.7
142968
35806
137935
-141642
65929.8
-56746.7
-33251.7
40243.2
-21447.6
1829.61
-1443.36
-3996.69
952.42
1447.72
727.09
3098.7
2601.67
2212.34
3126.57
2510.99
2226.52
2019.73
-136.46
2572.5
994.786
61.2762
-1541.04
-1942.71
-2916.69
-3523.91
-29952.3
38701.3
-157133
-59190
89042.8
5449.01
287756
-38077.8
-141201
55148.3
38101.1
-99022.8
-29634
150336
-135756
162494
-171460
15886.8
64186.4
-36131.5
-11695.8
-2139.73
-5415.01
-2824.06
2337.51
6526.28
3547.26
3707.3
3247.65
1982.85
1342.73
3129.7
3552.27
2318.84
-3.1394
2676.27
1241.6
-199.526
-1145
-1833.52
-2765.2
-2629.86
55511.4
-11182
65914.6
-361030
-131377
560338
86331.2
-84245.1
-92855.1
-2027.29
-59315.9
-44381
29232.6
63983.5
24574.3
17616.1
17896.4
20613.1
-7982.52
-9467.21
-541.543
-4615.33
1550.01
-7887.46
810.479
8484.86
2324.42
-96.0583
986.761
-1122.06
-1638.24
3115.04
3600.45
628.706
-201.868
1610.7
890.173
119.168
-950.984
-1561.89
-2359.65
-1848.57
-107857
67603.4
-408580
-35618.9
157245
-60671.8
522488
-359950
-180313
-113009
105075
-12263.9
105301
-176475
194673
-35224.8
169328
-74172
-62938.3
17197.7
8186.13
-12065.4
-211.508
-7049.94
14328.8
-2986.73
-1561.83
-2274.77
-123.164
-2560.58
-3032.28
977.632
2778.08
2.94594
59.5523
783.244
275.915
24.8416
-944.543
-1210.13
-1831.92
-1085.57
-222839
-1318.15
80124.3
-3255.27
344632
160097
-191018
-253891
-112660
193903
161795
236889
-156221
-82337.7
-14175.3
35199.6
28644.1
-85688.4
-13328.6
43703.3
4122.36
-14994.5
-8077.29
-3606.71
7699.58
-5615.66
-1822.92
571.576
633.11
-1036.64
-1884.9
-165.604
-139.478
-1850.22
402.97
-47.8893
-397.724
287.886
194.876
425.717
24.6374
1010.34
-131608
206544
948938
-423264
-211965
-159259
-88451.3
-6477.59
-23014.1
-23701.5
219783
-45729.9
-23738.1
14877.8
-38616.3
11858.4
-89573.9
23677.5
31831.9
1609.65
-9928.6
5640.67
-4963.68
2199.68
-6914.69
-5036.5
2241.36
3446.12
-1952.54
-202.022
-1465.19
-928.813
-3091.29
-3789.02
-1477.27
-788.652
-588.453
-70.7138
280.545
1021.16
838.901
1826.35
55451.6
-42247.1
-14714.8
122699
5437.14
-392037
-171070
166293
325573
24914
-371855
-301277
343074
-5376.9
165575
-237670
41150.5
35868.1
-10160.9
-9587.46
5444.41
-38.0704
1401.8
3293.17
-13606.4
5919.46
4865.34
-2201.45
-1623.64
-1630.32
234.543
-648.694
-3772.36
-2532.66
-1481.59
-939.809
-466.33
-53.4315
580.109
1021.24
630.823
1624.28
-58718.3
-2361.23
174070
87818.4
-416663
95095.2
-71121.6
447902
75373
-104846
-200490
62255
-22685.7
-125748
69107.4
-19458.5
-3628.94
74267.3
-39040.4
-13267.2
-3728.42
-438.157
2817.13
-1611.39
-6166
5575.21
1952.75
-4956.04
-265.34
1130.34
5681.94
-3377.95
-3027
-180.873
1054.82
84.1465
-115.317
454.81
912.431
1691.16
1364.86
2215.75
-107181
-40453.2
3904.24
189846
13564.9
-326344
354113
65714.6
206313
-226102
123658
-43466.3
-390168
218327
20038
-142036
212722
-101614
-12804.1
-1104.84
888.737
1417.11
-4624.97
185.012
1782.75
2801.48
-2040.8
-1326.14
1206.42
3342.14
5826.64
-2719.42
153.934
-219.43
1097.33
884.716
-443.32
713.685
929.151
1959.79
1947.72
2454.95
-137290
38481.9
-42569.8
43375.5
152192
61072.6
170115
-4136.89
-188987
-66047.6
74162.6
-1820.77
270558
-576546
307959
-39939.4
51634
-32379.8
-12419.7
22545.4
463.08
4407.96
691.272
3032.99
6596.21
1291.59
1426.14
-822.814
-3198.82
-1696.78
923.946
2029.63
1242.47
679
442.078
1459.53
-309.596
-384.792
-385.628
159.402
793.076
733.528
-194987
-83665.6
-121417
57694.6
238742
47337.5
37515.6
-117361
-450426
320808
75459.4
-437206
274987
97086.7
-120449
235173
-81870.6
-11278.2
29599.7
7160.6
5005.86
989.994
10362.7
-3041.57
151.891
3140.11
3200.95
-4548.96
-30.0337
-6618.49
-7462.6
-1552.69
1269.04
2637.17
1825.1
1878.98
340.694
-583.782
-98.6926
-396.033
905.331
16.1562
-47479.9
-126125
63193.5
54392.7
162013
72675
-284649
-78060.9
64162.4
89720.4
213781
-141647
-54283.7
-146024
274137
-108357
-23087.9
50757
-6734.81
17553.6
185.243
4852.96
11868.8
-21581.7
-13567.3
10175.7
-2624.32
-5171.47
489.494
-7927.85
-7104.1
-4158.98
785.456
2030.28
2125.12
1862.8
506.071
104.876
1487.57
979.001
3046.99
1960.96
412337
12105.3
29394.6
-21587
-298849
-280743
53566.5
106326
-32451.4
204269
94741.4
-73080.1
26553.3
-93278.2
-53970.4
-22478.8
23174
-7500.88
1962.09
-2586.52
1790.52
5139.56
2090.95
-22792.7
-4458.52
1883.84
-15079.7
5862.76
1988.42
-448.469
-3414.15
-3208.8
-2517.02
-532.92
2103.23
1906.35
80.818
991.738
2327.7
1609.43
2411.88
952.943
15729.3
436491
-449637
-65650.6
-268342
-111614
136228
68033
101920
-9970.95
-314779
119072
-6956.72
186679
-210454
-30874.5
39397.9
-20532.9
1731.75
-20118.1
-11267.4
-6420.04
-9922.3
-12575.2
3772.53
-9173.01
-6033.28
8111.65
1554.11
6577.59
-1027.47
-3641.77
-3420.75
-1963.68
3537.51
3037.9
1109.02
2735.09
2455.71
2118.18
903.272
-95.6382
327226
-142939
107119
-5323.52
-63980.2
-147169
26872.6
196984
59510.5
-257576
-203677
267762
-408374
322630
-90735.8
-81736
44475
-13840.7
4056.66
-16463.1
-15964.8
-2068.43
-22899.2
-5590.53
14118.2
-13275.7
4981.27
7027.1
311.689
7940.49
7340.65
-3108.72
-2407.81
-3216.88
2712.78
3458.37
2379.73
3929.36
2505.38
2699.38
477.174
135.385
3737.5
139040
-13149
-12228
-106631
15395.7
142243
125019
-54011.3
-281912
30558.7
-27951.5
260303
-464853
63589.5
121315
-21737.7
-13687.3
8666.26
14096.8
-1051.48
-5234.9
-21344.9
14336.6
20555.8
-6487.48
2837.52
323.733
-438.903
2129.45
6461.09
3047.24
3499.99
-309.987
-39.2374
899.466
1911.67
2190.32
342.35
1250.32
-349.358
-151.434
-132653
-124318
179962
-7886.98
208643
-96887.2
199181
150806
-319135
55198.6
56871.2
-563076
334562
15645.3
-15786.9
55130.4
11428.7
4169.05
23815.7
16887.6
4384.44
-19277.8
10074.5
14922.5
10215.5
6278.84
5701.05
-4645.89
-5520.99
-6452.7
-2696.86
6961.25
4256.31
3100.53
-735.876
-1140.8
489.015
-65.0679
-1445.57
148.884
-328.967
-735.301
-111631
117337
-71891.5
225115
-262463
305788
-67944.4
-242242
61714.2
138354
-184038
291652
-163339
-5482.53
130595
-31495.2
-6943.4
32272.1
8545.07
-7432.7
-2649.52
833.865
19679.3
6473.99
-10763.2
4396.93
4843.54
823.537
1675.32
-6880.26
-9513.66
-5339.9
-34.786
2465.09
-1109.72
-1738.99
-741.086
-1207.42
-1434.47
445.506
1461.81
305.47
-53029.1
-67146.7
96911.7
137523
7385.1
39393
-30763.5
-54683.3
3792.66
124597
-153247
168982
-9113.19
-15229.5
-29992
35788.7
28798.4
13671.3
-40807.1
4781.15
-1642.54
11980.1
17032.2
-6107.16
-9072.4
5107.63
-1328.05
5942.42
924.201
-6745.73
-7858.17
-7381.11
-3680.06
-182.433
-2313.93
-1862.84
-3125.66
-3069.19
-2010.99
109.943
784.39
159.034
-73941.2
-110443
112962
120645
-78858.4
52352.6
173567
-9369.23
-120556
70428.4
-124319
134127
-36403.8
609.127
4707.45
11344.8
23765.6
-39880.3
14334.5
-5182.41
6569.65
15405.7
4075.62
-18377
-682.319
11766.3
164.362
8578.66
-4089.81
-3658.93
-6285.75
-4136.07
-4076.89
1118.46
-2330.51
407.655
-3532.33
-3371.27
-3832.34
-704.501
-1585.72
-1643.65
-188087
43311.2
-147993
182588
312187
41134.2
-151595
-325223
2867.25
269113
60331.1
-49096.1
-51365.2
1762.38
35465.1
29680.8
25285.1
-63582.3
3333.09
7116.26
9375.56
12547.8
-16753.5
-12050.2
6877.98
-219.379
-1714.22
3694.93
-607.53
2360.25
-4223.1
-4133.75
-3911.4
837.279
-1182.08
3407.74
-847.479
-1094.37
-4035.44
-525.122
-830.126
-661.683
-114067
-97754.1
34940.5
185417
69395.2
76252.6
-319184
-256531
127005
177610
163621
-87892
-4677.05
26090.7
25251.9
16652.8
-74307.5
10997.9
19866.5
9549.21
8108.73
-4182.69
-19558.1
10670.2
5297.46
-9073.55
-2970.11
5538.07
804.293
6482.14
5531.19
-263.207
-4431.33
-5174.84
-656.014
-3962.86
2793.99
-667.667
-2686.75
-775.94
-686.05
-628.692
-463056
202825
-4754.72
250739
-51891.4
62046.7
-103542
-172864
78911.6
293554
8180.8
-134054
-12435.4
65214.9
43665.3
-56902
-1999.19
-6252
12376.8
8795.13
654.389
-15895.1
549.291
25904.3
4121.32
-14043.3
-4995.62
7355.82
6068.43
8074.55
8741.11
5149.03
-871.912
-3538.2
-6406.07
-8335.87
3566.23
226.532
-937.186
-1715.1
-2606.7
-2083.77
-274759
-10873.1
244806
-111222
86550.8
-147027
39285.3
22211.2
4054.34
235251
-90694
-153516
9632.09
6994.85
37804
-56597.2
-7631.28
21384.1
18391.8
-2840.04
-3349.52
-11349.1
10358.4
18523.8
-3288.69
82.2376
-3975.96
6514.17
6086.3
5904.83
4371.47
4311.77
992.897
6171.01
-5108.25
-8087.13
-2434.89
3038.21
1374.42
-1365.91
-1995.24
-394.105
-191582
30720.9
134128
-112437
104208
-198287
96915.7
33991.9
-13898
168273
-73914.3
-177959
4704.11
16473.3
-36944.6
6863.94
-20235
15844.6
13426.8
3194.95
-3381.23
-7972.15
4679.73
440.286
-5050.22
11622.7
4333.3
-1092.55
2157.72
1175.65
2262.99
2194.47
-1713.18
2441.96
-2663.67
-4155.68
-1643.52
1376.59
2287.73
-953.068
-1175.65
1051.28
-135920
102367
-92946.9
69825.1
-51081
-127323
26646
49125
-9521.5
23629.5
44671.2
-118549
22107.8
58351.6
-118995
32156.7
-18137.3
24358
8612.68
2328.82
-4809.9
-839.783
12831.2
-890.816
1008.09
11395.1
8851
-2461.44
383.833
-1726.6
4380.94
2192.75
-2514.76
-631.311
-812.073
-2588.48
-1883.97
-920.784
1053.8
-2362.75
-3222.55
-1266.38
-153555
25548.3
35833.7
65259.8
-75528.1
40876.7
-20001.4
-145251
37416.6
-10509.6
170980
-83646.6
33985
82672.1
-138905
4117.81
30335.3
17297.1
-19812.9
-13748.9
-9637.45
13755.7
19681.3
3812.04
7810.6
-239.527
-4537.92
6326.12
-3613.77
-1462.23
5976.41
4006.42
-3439.47
566.833
1157.15
-19.1221
-38.4176
-237.252
645.989
-1932.6
-3607.2
-1627.18
-37778.3
-49048.8
-4679.94
161066
14755.4
103214
-90354.5
-321702
79383.6
52567.9
249320
-67068.3
-37813.3
47313.3
18694.6
-29912.7
21862.5
-10418.3
-32742.1
-9121.81
1843.61
19455.4
9579.46
-7621.27
10798.4
-19673.3
-3477.8
4867.79
-7504.1
-1545.22
2046.85
2161.86
-4042.84
-105.791
57.8712
2178.16
1814.98
484.561
926.24
-283.162
-1127.79
191.817
-393778
107323
148224
163665
208989
32497
-345883
-68868.1
54880.5
170138
69916.2
-45315.6
-15839.5
-13076.9
25345.8
38106
13979.4
-56358.3
10778.7
3824.34
14023.5
21479.1
-6807.76
-5046.71
939.584
-11375.6
-2332.44
1899.92
1901.42
379.134
-913.19
939.089
758.993
610.864
-415.899
1368.54
-12.6558
-2465.57
-1665.88
-1890.57
-1581.3
-1558.07
-193690
94151.2
-28351.7
141481
46216
-190724
-21732.4
-147300
74955.1
509610
-182405
-124428
91274.2
1778.09
-34464.3
28972.2
25645.7
-32931.3
250.727
29225.3
15097.4
8585.44
-26651.9
-7849.51
-6923.47
-6987.51
6420.93
1589.51
5223.83
2598.63
-460.772
1456.92
5964.83
3377.24
1896.1
1359.74
102.737
-4007.76
-3126.62
-3358.37
-3300.58
-870.535
63861.4
-49924.1
50396.6
-3924.46
-247117
-54616.7
174109
68421.2
-91065.1
385078
-187460
-169280
135283
9371.39
-54313.1
11049.7
17055.3
-26722.9
1139.17
21260.8
9616.64
-8281.77
-34009.9
-13327
-1446.56
8716.7
1073.7
-4061.7
3435.14
1664.05
-1979.62
665.524
5489.9
4463.37
1961.87
-754.175
1056.41
-1339.99
1290.33
-819.581
-1796.08
-592.774
197317
-114963
-37542.3
57074.6
-317780
13602.8
290576
-100814
-48367
230231
-159952
-89932.9
27235.1
3858.39
6383.11
19878.8
-73158.3
27062
13183
13570.1
11060.9
-22012.5
-21418.8
2807.32
5393.27
13778
-32.3722
-5119.03
1976.01
-1326.62
-3789.46
-743.117
1307.77
707.462
-1357.43
-3705.23
-1987.67
-1884.73
918.319
301.731
-126.737
380.871
15510.4
-9466.35
8372.84
-92437.5
61208
-52401.4
87798.1
-6868.54
-72240.1
152325
-50317.4
-67772.6
-13291.8
25229.7
28357.1
-36765.2
-10277.2
4637.86
11366
8909.22
421.943
-21405
1026.33
14610.5
7573.36
11368.6
-98.7609
-1642.86
177.189
-1549.06
-1593.85
280.566
760.335
-2471.01
-1981.72
-339.614
-3123.94
-3160.96
-946.115
318.438
543.457
275.215
-244737
204468
-16474.8
635.056
103353
-162034
-52195
25005.1
-83299.2
331462
-82146.7
-102843
5192.9
44851.2
32704.2
-67844.3
-4182.21
5559.12
7769.03
-4730.67
-13559.4
-15280.7
7082.02
12504.4
-3862.94
-4349.33
-1694.99
129.409
-4553.16
1869.36
1279.79
-65.8134
-980.531
-2464.91
-1485.2
5144.89
277.176
76.145
886.742
1671.48
1768.55
1606.65
-64685.5
190321
-109831
76502.3
45551.5
-229832
28010.9
70837.3
-116650
315801
-153969
-118604
63011.4
75575.3
-75191.3
-7279.97
4795.89
12319.3
-1708.01
-13619.6
-14549.6
5673.28
13534.6
2553.45
-25151.4
-13745.1
-4699.6
-3409.26
-1581.56
1476.41
-5195.17
-6247.77
-5083.05
-608.695
-1232.93
4402.94
3555.64
3631.7
4310.27
4434.68
4620.58
5277.69
248803
-106866
-14580.9
-82848
-438166
78431.9
185090
109196
1061.52
-29910.7
-74975.1
-109541
210680
-39656.1
-22302.5
4602.35
5727.97
-475.638
2108.94
4151.94
7268.42
14331.7
14358
-1628.95
-21059.2
-10410.6
649.958
3664.84
1848.91
489.184
-6051.06
-4010.14
-2044.81
-945.401
-2815.17
179.061
1961.38
1736.75
2817.04
2750.11
3328.23
3399.43
226153
-117704
194554
-246700
-158218
-105914
100303
79499.4
244131
-290363
-20981.6
40160.3
232745
-153363
857.925
32124.1
19621.2
-9498.78
1014.32
1500.92
10669
15391.3
11040.4
-1238.88
-9968.23
-5569.56
6298.31
7233.25
3141.03
825.459
8.30715
2668.35
3603.93
1343.84
1538.37
2239.41
2052.55
654.281
405.129
-601.884
-669.771
-459.324
-78194.7
289257
-131151
-145117
-128706
-39637.6
-32126.8
230751
109858
-285333
8240.64
239225
111150
-183783
-25009.7
50778
20211.7
-15023.4
-18019.7
-19733
4630.68
13265.7
-591.7
-4338.25
-1230.36
-1714.85
3067.28
3285.42
-2529.38
-2381.36
2593.8
4093.53
3994.63
3364.46
5779.6
4404.88
2807.46
2043.36
2245.99
1086.42
433.93
1203.26
-101751
288575
29689.9
-81795.5
-146096
-44917
-67785.6
188968
3042.09
-177415
115823
-17264.8
206660
-107718
-55259
59384.2
8516.54
-17164.1
-23282
-19181.7
667.659
6083.17
-15799.4
1460.18
4147.8
-2991.94
1065.18
-542.416
-3669.86
-3308.29
-1781.97
-836.765
-968.767
858.888
1867.3
711.344
287.851
1121.05
1725.62
1325.1
608.212
940.193
125385
-63105.3
34722.1
-186858
-31017.7
58365.1
121332
-148227
40585.3
116632
16783.8
-45461.1
93380.2
-5671.66
-48232.9
53733.8
-1129.11
-36116
-13769.3
-972.676
1653.87
-7023.38
-18362.5
5764.48
5408.14
-377.926
-2688.97
436.76
1651.66
640.982
1140.96
1069.33
1238.23
2457.35
2443.38
989.97
245.127
-356.916
-1068.73
-1784.92
-2028.2
-2314.44
-43131.7
12614.8
-63790.5
65136.1
51065.4
48045.7
-37301.3
20368.2
-21385.7
77463.7
23572.9
-22381.4
-3024.2
-5956.36
69021.4
1227.38
-67282.4
-829.91
5866.09
-1669.08
7794.46
-20742.9
-5159.87
967.044
-1740.19
-1294.13
-3718.09
-1418.68
315.372
500.797
950.395
936.261
1437.19
3120.99
4183.59
2990.21
1506.5
298.811
-715.345
-1972.6
-2198.7
-1966.91
-6715.41
-35694.5
16265.9
97273.5
-26772.5
53183.2
-71508.9
-28532.6
2993.5
34300
70740.9
-165073
-19703.2
28774.4
37128.1
-52058.7
-4097.98
18.0463
19910.3
18997.9
-6396.22
-5905.92
5127.32
-2446.83
-6967.81
-3631.38
-2397
-2597.57
-2454.48
-2261.32
-2279.8
-2476.87
-1582.05
182.509
1242.01
933.771
1226.65
2294
2303.41
989.866
1108.61
1342.5
-92612.6
24663.1
-42801.6
43062.5
45333
7270.07
34151.2
45596.8
-47864.9
-61127.8
45126.2
-80734
-21975.4
87242.6
213.365
-60261.1
-5340.75
27887.2
13109.6
8671.19
-11503.8
11989
12853.8
76.806
-1660.5
226.503
1542.49
729.078
-73.928
-40.6722
-527.123
-1729.71
-1319.12
-1426.13
-2214.24
-2617.39
-2331.48
1260.29
1209.26
1132.64
737.961
1282.44
25890.5
-55467.6
45973
21851.2
-16719.4
1448.31
12205.5
572.902
-23041.8
-61352.8
-47943.1
35406.3
-2752.21
41656.2
-39567.4
-13538.2
7903.61
10815.9
11882.1
-8936.75
4569.38
20821.6
10593.3
-1834.09
3207.46
3442.61
2393.84
1928.53
2037.12
2030.36
1268
-27.8416
-218.801
-1213.22
-2392.96
-2619.06
-2484.58
-1643.02
-1270.43
-1299.28
-1693.02
-2094.11
-112623
170418
-25334.5
-50727.5
-13496
-23821.2
-46531.5
88020.4
177.519
-5070.09
-31454.9
-39883
51201.8
-49037
-20671.2
42597.5
42280
1392.09
-8754.54
-4100.57
13901.7
18452.5
1252.79
453.281
5476.9
5825.51
3488.13
2855.29
2709.41
1982.62
588.84
-453.601
-915.157
-1823.45
-2478.5
-2256.23
-2322.09
-2179.07
-2155.16
-2188.37
-2390.98
-2682.03
86344
-61358.4
13935.6
40304.1
-120026
-52051.1
176776
-131110
-34769.2
179940
-44129.9
-92987.5
208447
-146067
-20834
32154.6
17675.6
-12314
-8932.12
3522.6
7073.37
1173.55
-5315.93
3981.81
5239.85
3637.7
2769.11
2059.76
1619.31
664.483
-1254.13
-2307.39
-2511.97
-3161.3
-3524.25
-2916.98
-2528.62
-2597.75
-2892.03
-2279.72
-1475.42
-699.368
-47402
2264
-39252.5
99838.6
-19231.6
120786
-41224.7
-89845.7
-32705
105307
41892.3
-25037.6
-34640.4
15154.8
8191.17
14370.2
563.28
3825.74
-16186.1
-346.004
493.224
-5858.28
497.275
1510.7
-152.425
1428.5
1273.25
1070.51
859.172
291.571
-628.955
-1252.38
-1841.36
-2591.33
-2641.57
-2332.2
-1780.16
-1748.41
-1667.1
-1245.85
-717.499
-664.889
)
;

boundaryField
{
    lateral_sides
    {
        type            empty;
    }
    outerwall
    {
        type            calculated;
        value           nonuniform List<scalar> 
214
(
-7410.39
-33648.2
-95090.6
141379
99620.9
52252.9
-24396.2
-95322
145592
61311.6
-77856
68392.9
39525.4
89457.6
-77391.1
82818.9
86435.5
-104271
-18629.7
-223100
-263446
40232.5
191237
240722
172800
-202396
157750
-189517
-117291
232642
430559
136984
323899
-193945
-265182
-317406
125180
336762
67092.4
-237730
222759
406552
-179367
-286907
-264939
7470.86
-335242
-20653.1
298998
348187
339998
-255609
47024.5
-26903.6
-129041
-253119
-231165
-411706
-204403
-303817
109112
-310014
275629
819900
480126
554934
124469
-280949
-347209
186069
417447
-274333
-382857
-819735
-777568
-233477
-385352
531813
310397
-598057
-728617
-458983
282835
976834
233628
-782198
41203.7
128016
858400
265819
-597218
-772564
-594898
926775
378018
-911948
-537104
430023
792658
371359
-630244
-535831
461055
747232
524110
407385
83802.6
-575033
-292013
549672
395364
-574451
-541249
775406
260876
-475357
-563881
-282649
841974
-416093
224237
426638
-234622
-417296
650441
-361472
-211404
487818
75440.2
-523992
-304604
504368
-360495
254448
528615
429391
342733
-412436
-339007
549586
47166.7
-451087
-636277
-275698
525892
-88986.7
-270757
424554
-47727.5
-522879
-232242
30485.4
154581
538072
231534
-98733.5
-57591.5
-279049
646044
-233150
-81287.6
533562
-126692
-380552
-246828
242487
-129024
-450682
23582.6
105183
-152826
-300343
-266894
340066
25923.1
-59461.8
-146211
-424126
-123770
135402
131810
662611
148281
-146433
-127013
-44932.4
-44538.7
-178374
-196589
-689672
-449656
-328796
-241602
-123235
21191.1
-556929
-338273
3079.45
104831
-40948.5
-363095
-116455
169922
41527.1
7180
13631.1
72458.2
-65429.6
-22067.9
-86662.5
56887.9
-82567.4
68512.3
-93475
)
;
    }
    longitudinal_symmetry
    {
        type            symmetryPlane;
    }
    inlet
    {
        type            calculated;
        value           nonuniform List<scalar> 
42
(
-7912.37
2098.84
2038.83
5274.21
5415.12
14619.3
-6855.88
2956.42
-3154.94
2002.03
1874.66
4640.38
3409.02
2328.01
2064.65
2104.39
1882.33
1802.72
1733.64
1660.58
1534.41
1448.38
1392.72
1296.12
1251.82
1038.63
807.784
597.485
365.893
153.771
-25.9649
-159.199
-307.495
-492.957
-733.597
-919.902
-1146.85
-1385.21
-1609.16
-1803.25
-1972.52
-2025.43
)
;
    }
    outlet
    {
        type            calculated;
        value           nonuniform List<scalar> 
42
(
-93361.1
6305.89
-36384
137960
-5265.89
154134
-52759.9
-126603
-41872.6
111042
47594.8
-24996.6
-33047.6
13222.1
5265.84
16777
642.628
4910.86
-16896.6
-1024.45
871.528
-5650.57
309.219
1544.47
-115.385
1431.29
1268.74
1059.3
857.563
297.091
-633.63
-1270.55
-1848.59
-2586.85
-2644.54
-2337.04
-1778.89
-1748.35
-1671.07
-1248.99
-717.933
-664.942
)
;
    }
}


// ************************************************************************* //
