/*--------------------------------*- C++ -*----------------------------------*\
| =========                 |                                                 |
| \\      /  F ield         | OpenFOAM: The Open Source CFD Toolbox           |
|  \\    /   O peration     | Version:  2412                                  |
|   \\  /    A nd           | Website:  www.openfoam.com                      |
|    \\/     M anipulation  |                                                 |
\*---------------------------------------------------------------------------*/
FoamFile
{
    version     2.0;
    format      ascii;
    arch        "LSB;label=32;scalar=64";
    class       volScalarField;
    location    "0.013";
    object      ddt0(rho);
}
// * * * * * * * * * * * * * * * * * * * * * * * * * * * * * * * * * * * * * //

dimensions      [1 -3 -1 0 0 0 0];

internalField   nonuniform List<scalar> 
8988
(
-0.204791
-0.064971
0.0186125
0.228926
0.134076
-0.362348
-0.199204
0.0962954
0.122389
0.0373302
-0.0209427
-0.0776827
-0.0206088
-0.0047075
-0.0117896
-0.0283132
-0.0218019
-0.012841
-0.0118446
-0.0114169
-0.00975277
-0.00849218
-0.00845051
-0.00897339
-0.0110734
-0.0102096
-0.00871465
-0.0090663
-0.0080907
-0.00483502
-0.0021996
0.000968689
0.00325029
0.00437982
0.00482802
0.00550197
0.00694234
0.00880756
0.0107004
0.0123706
0.0137325
0.0146073
-0.919988
0.0958276
1.16612
-0.560713
-0.900086
1.38676
0.229375
-0.78786
-0.522732
0.133169
0.403778
0.0577253
-0.364234
-0.057011
0.0198583
0.00747951
-0.0547365
-0.035498
-0.018584
-0.0163544
-0.0196666
-0.0169039
-0.012664
-0.0158278
-0.0173822
-0.0147161
-0.0127665
-0.0111098
-0.00988028
-0.00660285
-0.00137081
0.00386726
0.00719327
0.0087914
0.0111908
0.0141661
0.0173806
0.0203119
0.0225956
0.0243956
0.0257995
0.0271941
-1.45578
0.399004
2.08865
0.81931
-3.17102
-0.865669
2.50303
0.610286
-1.70957
-0.29316
0.697496
0.114844
-0.383109
-0.0565016
0.0143707
-0.0552107
-0.0572407
-0.0302131
-0.0263812
-0.0378768
-0.0391544
-0.0363271
-0.0352868
-0.0353756
-0.03269
-0.027689
-0.0236714
-0.0218308
-0.0198542
-0.0150569
-0.00736534
0.000389492
0.00547361
0.00870992
0.0126293
0.017837
0.0234811
0.0281086
0.0313804
0.0342733
0.0370269
0.0395671
-2.37365
0.420171
1.56994
1.12524
0.14642
-2.28383
-0.378266
1.59841
0.167944
-0.92176
0.138033
0.165457
-0.110457
-0.0518688
-0.0373807
-0.0265608
-0.0194063
-0.0265484
-0.0333644
-0.0322926
-0.0345154
-0.0380576
-0.0365709
-0.0325451
-0.0285417
-0.0252865
-0.0237613
-0.0227456
-0.021028
-0.0186801
-0.0144573
-0.00913082
-0.0040745
0.000712877
0.00704819
0.0154055
0.0241823
0.0313311
0.0343793
0.0386332
0.0428475
0.0465878
-0.998689
-0.0237252
-0.84289
2.23362
1.32425
-1.83513
-1.00213
0.483302
1.02845
-0.406895
-0.506889
0.187387
0.043498
-0.0518849
-0.0331278
-0.0112605
-0.00881208
-0.0220063
-0.0265124
-0.0245171
-0.0249779
-0.0296501
-0.0299552
-0.0263834
-0.022608
-0.0214433
-0.0222759
-0.0215084
-0.0182372
-0.0151437
-0.0138912
-0.013497
-0.0119406
-0.00798586
-0.00117308
0.00807755
0.0176934
0.0254785
0.031864
0.0395393
0.0441547
0.0477013
0.32335
-0.0442365
-1.79496
-0.449502
3.16492
1.35473
-3.44568
-0.721742
1.86566
0.350818
-0.745075
-0.00296169
0.029944
0.0439926
0.0859806
-0.0712155
-0.0854014
0.0188478
0.027707
-0.0149197
-0.0262953
-0.0150386
-0.0123471
-0.0148327
-0.0156529
-0.0139857
-0.0154506
-0.0170776
-0.0147726
-0.0117542
-0.0122157
-0.0148801
-0.0157624
-0.0132252
-0.00829278
-0.00192153
0.00545219
0.0128858
0.0201089
0.0272321
0.0348078
0.0400984
2.02215
-0.253425
-1.42741
-1.46245
-0.261473
2.57431
0.586569
-2.12244
-0.364482
0.953182
0.214694
-0.240072
-0.114903
0.0194177
0.231394
0.0280182
-0.131205
-0.0327139
0.0630839
0.019114
-0.0147612
-0.00772919
0.00656677
0.00216517
-0.0046699
-0.00431178
-0.00356545
-0.00610825
-0.00690921
-0.00637966
-0.00837818
-0.0117771
-0.0131645
-0.0120453
-0.0100907
-0.0081122
-0.00546775
-0.00182228
0.0026941
0.00809312
0.0147588
0.019581
1.6211
-0.164309
0.00203772
-1.69068
-0.952578
0.732562
1.74445
-0.389982
-1.2005
0.29524
0.532816
-0.0361881
-0.179397
-0.074002
0.20188
0.187019
-0.0891332
-0.108735
0.0723177
0.08385
0.00906257
-0.00617508
0.0219809
0.0223628
0.0111251
0.00715789
0.00984832
0.00788359
0.00378912
0.00145017
-0.00122605
-0.00427569
-0.00595551
-0.00680818
-0.00828572
-0.0106246
-0.0131233
-0.0152325
-0.0164236
-0.0160046
-0.0140095
-0.0114911
-1.57308
0.00539361
0.585489
1.93506
0.848516
-1.94785
-0.762404
0.871451
0.631884
-0.261238
-0.10325
0.175679
0.124837
-0.144643
0.0391946
0.2391
0.00419195
-0.0826183
0.0495165
0.0985574
0.0364314
0.00774693
0.034002
0.0412215
0.0290962
0.0215023
0.0237983
0.0224089
0.0164898
0.0121702
0.00896386
0.00525368
0.00155622
-0.00251311
-0.00759862
-0.0135914
-0.0203178
-0.0276155
-0.034819
-0.0407812
-0.0450782
-0.0465582
0.919973
-0.10144
-1.56181
-0.498431
2.06784
0.958785
-1.3494
-0.619179
0.659124
0.387901
-0.246732
-0.0528003
0.312496
0.0752098
-0.114085
0.0809185
0.181337
0.026253
-0.0194422
0.0732814
0.0867374
0.0487903
0.0346551
0.0526147
0.0514999
0.0406163
0.0369429
0.0360149
0.031118
0.0250219
0.0198569
0.0142437
0.00753655
-0.000234602
-0.0089961
-0.0186323
-0.029256
-0.0407894
-0.0527551
-0.0639871
-0.0732756
-0.0780384
1.48942
-0.244239
0.00134038
-1.28186
-0.761709
1.29385
0.995024
-0.535245
-0.53247
0.46238
0.264953
-0.234432
0.0847999
0.331344
-0.0712787
-0.0598069
0.225179
0.138478
0.000550818
0.0276359
0.110174
0.0842306
0.0511676
0.0578755
0.0675009
0.0576293
0.0480554
0.0468276
0.0429155
0.0351153
0.0274048
0.0194403
0.0098112
-0.00123089
-0.0133091
-0.0263387
-0.0402375
-0.0546294
-0.0691247
-0.082802
-0.093926
-0.100262
-1.18581
0.449363
-0.132695
1.4708
1.00041
-1.11709
-0.611082
0.788722
0.262535
-0.185357
0.305564
-0.0385623
-0.00865232
0.344682
-0.00150837
-0.0397046
0.227962
0.128309
0.0108044
0.0600825
0.130013
0.0889648
0.0590226
0.0729142
0.0791861
0.0674257
0.0575657
0.0557619
0.049797
0.0397951
0.030149
0.0198542
0.00767402
-0.00572104
-0.0200749
-0.0352618
-0.0509256
-0.0664904
-0.0814514
-0.0950301
-0.105615
-0.112282
1.74374
-0.270319
-1.64634
-0.642824
1.55755
1.20535
-0.993008
-0.318787
0.573518
0.0754624
0.068291
0.0531325
0.155077
0.16036
0.0108492
0.100764
0.159174
0.0738877
0.071567
0.121459
0.0999663
0.0769919
0.0844716
0.0890153
0.0794201
0.0701268
0.0666179
0.059525
0.0489754
0.0392654
0.0286746
0.0165436
0.00242774
-0.0124751
-0.0274939
-0.0429018
-0.0585083
-0.0738554
-0.0883881
-0.101541
-0.110089
-0.115719
3.21948
-0.731066
-3.09561
-0.803297
1.96961
2.28265
-1.06894
-1.57602
0.968869
0.466032
-0.191467
0.163728
0.223658
0.0322338
0.0894066
0.164892
0.0944106
0.0880207
0.121939
0.103416
0.0885887
0.0952775
0.0958666
0.0859301
0.0765415
0.0735384
0.0677397
0.0571386
0.0463901
0.0355019
0.0234699
0.0103995
-0.00356217
-0.0181388
-0.0329049
-0.0475071
-0.0621118
-0.0768255
-0.0904128
-0.101169
-0.109079
-0.113837
1.99026
-0.311229
-0.590491
-0.995186
-0.26641
1.40429
0.140725
-0.644774
0.445567
0.254479
-0.049064
0.229502
0.0765681
0.0312959
0.201819
0.118825
0.0674583
0.123543
0.114118
0.0898189
0.0962465
0.100393
0.0897756
0.0778694
0.0747229
0.0704869
0.0603612
0.0501164
0.0406201
0.0299123
0.0179228
0.00501184
-0.00834315
-0.0217537
-0.0352584
-0.0487241
-0.0618606
-0.0745695
-0.0862401
-0.0958674
-0.103219
-0.10911
-0.174071
0.308125
-1.54588
1.10678
2.02809
-0.625555
-1.12256
0.732143
0.472738
-0.177117
0.12809
0.20446
0.0306656
0.144287
0.161434
0.0735441
0.107667
0.120999
0.0908361
0.09469
0.100494
0.0888128
0.0776274
0.0738417
0.0704726
0.0603625
0.0508978
0.0447334
0.0370479
0.0262835
0.0136842
0.000499199
-0.0118562
-0.0232875
-0.0348016
-0.0465732
-0.0579928
-0.068802
-0.0786711
-0.0871807
-0.0937418
-0.100032
2.63826
-0.727623
-2.80865
-0.454514
2.20224
1.61259
-1.15183
-0.910139
0.769948
0.213763
-0.0156285
0.0919898
0.0959524
0.147013
0.0757744
0.0844815
0.118869
0.0843074
0.0809336
0.0947794
0.0854722
0.0740019
0.0714771
0.070933
0.0628216
0.0524215
0.0456817
0.0393832
0.0319155
0.0238218
0.013066
4.78959e-05
-0.0118349
-0.0217904
-0.0314619
-0.0416857
-0.05188
-0.0613085
-0.0694189
-0.0763455
-0.0818825
-0.0874916
0.561956
-0.346844
1.32775
-0.521506
-1.53179
0.471912
1.02885
-0.137393
-0.245715
0.235707
0.116151
0.0241945
0.120257
0.0693496
0.0587866
0.108406
0.0700399
0.0602685
0.0858969
0.0737342
0.0610796
0.0633543
0.0685343
0.0637291
0.0527756
0.0483226
0.0453951
0.0364581
0.0267943
0.0195371
0.0108791
0.000467605
-0.00903311
-0.0175258
-0.0261047
-0.0349785
-0.0437844
-0.0518979
-0.0586448
-0.0643012
-0.0689732
-0.0731902
2.83553
-0.499108
-2.15213
-1.13072
1.08835
1.52286
-0.404314
-0.978774
0.522651
0.241828
-0.081011
0.102097
0.0790473
0.029927
0.0984129
0.0692411
0.0323403
0.0684882
0.0703951
0.0496243
0.0507372
0.0567526
0.0563253
0.0463365
0.0401365
0.0401616
0.036477
0.028201
0.0219174
0.0169981
0.0103894
0.00342784
-0.00326439
-0.0112938
-0.0201185
-0.0279839
-0.0348989
-0.0414532
-0.0472965
-0.0521648
-0.0559572
-0.0583718
3.76853
-0.623908
-1.22476
-3.25894
-1.21769
3.87965
0.950573
-1.84247
-0.11331
0.583372
-0.0849352
0.0617382
-0.0113353
0.0179544
0.119919
0.0321847
0.0328209
0.0684453
0.0377936
0.0347319
0.0493706
0.0472339
0.0389332
0.0346784
0.0390352
0.0374001
0.0264476
0.0181299
0.0154029
0.0129031
0.00937355
0.00624274
0.00189182
-0.00537043
-0.0135303
-0.0201122
-0.0256031
-0.0313475
-0.0368594
-0.0407321
-0.0426449
-0.0427355
-0.487505
0.50019
2.36864
-0.455335
-3.27134
-0.931355
2.74421
0.703701
-1.26753
0.107445
0.307819
0.066752
-0.089996
0.0672991
0.123878
0.0222118
0.0221357
0.0293514
0.0241351
0.0299438
0.0210398
0.0145628
0.0181022
0.0311459
0.0351331
0.0220016
0.0117433
0.0134206
0.0163428
0.0141057
0.0110142
0.00856809
0.00435962
-0.00173621
-0.00762519
-0.012239
-0.016604
-0.0218485
-0.027032
-0.029739
-0.02929
-0.0270078
-1.93624
0.278848
0.461576
2.54724
0.647933
-2.33608
-0.733856
1.36737
0.302876
-0.53032
0.180887
0.0496523
-0.0971191
0.0910125
0.0622659
-0.0116179
-0.0320797
-0.00127355
0.051708
0.016733
-0.0187531
-0.0142949
0.0138662
0.0387261
0.0263361
0.00361344
0.00213123
0.012597
0.0165904
0.0141927
0.0119643
0.00972448
0.00645487
0.0027376
-0.00128547
-0.00561698
-0.00991784
-0.0138799
-0.0170521
-0.018133
-0.0165661
-0.0138221
3.25845
-1.58202
-4.25527
-0.199816
4.11372
0.81365
-2.43594
-0.383682
1.01279
-0.257406
-0.0842146
0.0296603
0.0274296
0.025653
-0.0323689
-0.00954321
-0.0525772
-0.0164278
0.052385
-0.00686876
-0.0351517
-0.014287
0.0169688
0.0275454
0.00486849
-0.00691074
0.00224284
0.0119112
0.0134505
0.0132791
0.0120974
0.00900252
0.00706164
0.00686793
0.00550647
0.00156136
-0.0030442
-0.00596202
-0.00687819
-0.00653028
-0.0055584
-0.00472917
1.31247
-1.94079
-3.12299
0.274738
5.48847
0.189424
-3.99876
0.0604645
1.7428
-0.390992
-0.351362
0.130346
0.0491507
-0.0247983
0.00522931
-0.0323642
-0.0564801
0.0184967
0.0097404
-0.0410541
-0.0251843
0.00385332
0.00213893
-0.0103209
-0.0164753
-0.00574127
0.00373
0.00339413
0.00441397
0.00935812
0.0114474
0.0103374
0.0100341
0.0107722
0.0102253
0.00772978
0.00520478
0.00419047
0.00409669
0.0036772
0.00240399
0.000664775
1.89271
-1.00751
-2.71398
-0.264544
2.2845
1.48347
-1.75818
-0.764722
0.622641
0.11346
-0.209182
-0.0390937
-0.0269292
0.00904254
-0.0258109
-0.122849
-0.0191892
0.0326501
-0.0787845
-0.0793352
0.00332934
0.0107245
-0.0217019
-0.0342191
-0.0124752
0.00771656
0.00102935
-0.00850281
-0.00428545
0.00351779
0.00697941
0.00921772
0.0118592
0.0138491
0.0145152
0.0138665
0.0135358
0.0142997
0.0144105
0.0122631
0.00827053
0.00453885
-1.07952
0.377619
2.84642
-0.481167
-3.25834
-1.07101
2.56129
0.64875
-1.33056
0.0979512
0.248968
-0.197218
-0.0881134
0.140617
-0.133607
-0.158645
0.124984
0.0138516
-0.125759
-0.0452653
0.0511814
-0.0149407
-0.0639611
-0.042266
-0.00733181
0.000216356
-0.0161247
-0.0153634
-0.00378356
-0.000542257
0.000993638
0.00784114
0.0131797
0.0150501
0.0172067
0.0198391
0.0219628
0.0229086
0.021633
0.0181282
0.0134484
0.00971394
1.59916
-0.893725
-2.19622
-0.475287
1.80389
1.70768
-0.831089
-1.79187
0.535672
0.491414
-0.130964
-0.173295
-0.0498108
0.137951
-0.160615
-0.0980388
0.116572
-0.112448
-0.142223
0.0374879
0.0319616
-0.0614254
-0.0804315
-0.0176046
0.00814404
-0.0213683
-0.0387354
-0.0190365
0.000315623
-0.0026615
-0.00272511
0.00706968
0.0134169
0.0150109
0.0184789
0.0239524
0.0281438
0.0287564
0.0261902
0.0226939
0.0193467
0.016962
1.27738
0.00452334
0.656352
-2.59471
-1.17018
1.36509
1.4349
-0.643189
-1.01895
0.373125
0.154218
-0.297528
-0.0686248
0.070334
-0.164114
-0.00559957
0.0523237
-0.135851
-0.0757057
0.0793321
-0.0304879
-0.09822
-0.0648271
-0.00170248
-0.00479213
-0.0397738
-0.0391975
-0.0125556
-0.00347302
-0.00977368
-0.00473687
0.00715777
0.0128588
0.0144255
0.0185295
0.0255213
0.0312544
0.0320029
0.0294468
0.0276791
0.0271325
0.0266632
-1.8322
0.578363
3.53038
-0.0156995
-3.19742
-0.852164
1.11374
1.39975
-0.798369
-0.490321
0.308733
-0.0847599
-0.0306657
-0.0347334
-0.131009
0.0417474
-0.0485141
-0.127301
-0.00868796
0.00879256
-0.0795675
-0.0890631
-0.03832
-0.0228737
-0.0430209
-0.04783
-0.0270259
-0.00924063
-0.0122841
-0.0150961
-0.00722791
0.00293547
0.00938314
0.0135452
0.0180119
0.0240149
0.0298882
0.0328349
0.033608
0.0350686
0.0373131
0.038684
2.74522
-2.03211
-2.7822
-0.578151
3.31372
0.286789
-2.12226
0.313329
0.756754
-0.535205
-0.106022
0.0320259
-0.0239909
-0.132972
-0.0771984
0.042247
-0.0808693
-0.12384
-0.0489783
-0.0358736
-0.0411942
-0.0340922
-0.0404097
-0.052149
-0.0475945
-0.0331805
-0.0214601
-0.0218492
-0.0225746
-0.0177122
-0.0115364
-0.00592108
0.000434446
0.00778193
0.0154601
0.0222634
0.0274283
0.0323467
0.0384742
0.0448174
0.0493434
0.0515858
1.44984
-2.73454
-2.69688
0.831202
4.23972
-0.177111
-2.78521
0.291475
1.04191
-0.386822
-0.217692
-0.0205274
-0.0114447
-0.103965
-0.0093069
-0.0171446
-0.127651
-0.0927245
-0.0453832
-0.0411846
-0.0313819
-0.0339977
-0.0452454
-0.0385943
-0.0221606
-0.0273079
-0.0432519
-0.0451943
-0.02966
-0.0153586
-0.0106769
-0.00910016
-0.00729571
-0.00252197
0.00762967
0.0191297
0.0268038
0.0333476
0.0432945
0.0542378
0.060937
0.0634787
-3.18639
2.21467
-1.33474
3.36536
1.45341
-3.51181
-0.678882
1.30484
0.170324
-0.606539
0.104514
-0.0471347
-0.0559722
-0.0241969
-0.00100813
-0.0264744
-0.0505787
-0.0799629
-0.0898198
-0.0444053
-0.0211893
-0.0510412
-0.0529613
-0.0205872
0.00105848
-0.0241058
-0.0576498
-0.0597849
-0.0408943
-0.0219205
-0.0118172
-0.00878194
-0.0108116
-0.00982264
0.00011983
0.0152526
0.0276989
0.0368518
0.0479843
0.060663
0.0691183
0.0726694
-1.63516
0.292409
-1.84298
1.90495
3.40474
-1.81273
-2.56577
0.793276
1.47184
-0.678658
-0.19772
0.0894623
-0.0425532
-0.0762166
-0.030565
-0.0046939
-0.0418421
-0.0517889
-0.0147887
-0.0201119
-0.0656896
-0.0718515
-0.0363052
-0.0133903
-0.022991
-0.0350999
-0.0372247
-0.0396614
-0.0432618
-0.0375454
-0.0246282
-0.0160773
-0.0137111
-0.0100164
-0.00089746
0.0129326
0.0275455
0.040103
0.0519909
0.0637445
0.0724622
0.0778065
-3.09389
0.584808
4.99189
0.405768
-3.8791
-2.1737
2.59441
1.14351
-1.00491
-0.150263
0.154235
-0.083758
-0.0188563
-0.0700474
-0.0695621
0.0192801
-0.0912829
-0.0924977
0.0130365
-0.042042
-0.100561
-0.0530296
0.0090051
-0.0280384
-0.0655813
-0.0529677
-0.0253345
-0.0211583
-0.0379136
-0.037933
-0.0287361
-0.023965
-0.0180359
-0.00690428
0.00424824
0.0145025
0.0266406
0.0403692
0.0535726
0.0645921
0.0727476
0.0790611
-3.09827
0.834253
6.74946
-0.340425
-6.72102
-1.71418
5.48119
0.666239
-2.34927
-0.203635
0.378821
-0.124188
-0.0384929
-0.101289
-0.0415006
0.0164224
-0.112734
-0.0646602
0.0233545
-0.0628404
-0.104312
-0.0504009
-0.0188726
-0.0568146
-0.067643
-0.0363682
-0.0195865
-0.0273106
-0.037776
-0.0296115
-0.0226883
-0.0242317
-0.017751
-0.00194319
0.0108161
0.0171226
0.0262548
0.039666
0.0527884
0.0629508
0.0695203
0.0757484
0.402586
0.723041
2.55538
-3.8918
-3.22184
1.6802
3.31239
-0.313576
-2.22689
0.518663
0.241239
-0.187027
-0.0477486
-0.103924
-0.123566
-0.0630004
-0.0919005
-0.0598141
0.0329396
0.015085
-0.0699352
-0.0945364
-0.0650145
-0.0433433
-0.0382899
-0.0354847
-0.03596
-0.0389651
-0.0341734
-0.0201678
-0.0178437
-0.0206648
-0.00937208
0.00693621
0.0149343
0.0184016
0.0266137
0.0390562
0.0501889
0.0581753
0.0634896
0.0685503
4.22171
-0.676976
-5.51346
-0.623447
0.289196
4.95712
0.376466
-4.55219
-0.0429844
1.58782
-0.162309
-0.445226
-0.0112834
0.0590267
-0.187917
-0.0752721
0.027442
-0.0518964
-0.00909017
-0.00109653
-0.100478
-0.108352
-0.0265987
0.0088391
-0.0323364
-0.0548256
-0.0396717
-0.0297737
-0.0259855
-0.021684
-0.0220488
-0.0184302
-0.00228271
0.0137833
0.0185084
0.0210575
0.0298975
0.0407673
0.0473554
0.0513944
0.0546221
0.0575972
0.314119
-3.15295
-1.54725
-0.033643
7.43305
0.773185
-5.9441
-0.819923
1.98876
0.450326
-0.54773
-0.16031
-0.00955316
-0.0298102
-0.137388
0.037394
0.0351957
-0.0742308
-0.0360308
-0.0571276
-0.103698
-0.0572683
0.0143277
-0.00701317
-0.0581142
-0.0535347
-0.0205115
-0.016284
-0.024215
-0.0277418
-0.0236765
-0.00906699
0.00943533
0.0194264
0.0204491
0.0216748
0.0298971
0.0389601
0.0432721
0.0445252
0.0443776
0.0438836
-4.81893
2.03077
0.0543423
4.98488
1.42612
-5.19146
-2.15497
2.43187
1.04089
-0.923995
-0.0438212
0.00761269
0.0616495
-0.0468139
-0.146004
0.0187627
-0.0206442
-0.0949765
-0.0507734
-0.0361077
-0.0207761
0.013285
-0.0121396
-0.0695018
-0.0706914
-0.0220222
-0.00725755
-0.0249566
-0.0257176
-0.012064
-0.00576522
0.00175617
0.0138543
0.0215661
0.0214877
0.0203479
0.0245315
0.0311418
0.0353961
0.0361556
0.0341069
0.0316343
-0.81085
0.287078
3.16875
-1.94302
-2.13911
0.266662
2.36
-0.413247
-1.56912
0.571738
0.326941
-0.344127
0.186223
-0.0930296
-0.179937
0.0867128
-0.100749
-0.123981
0.0732884
0.0168553
-0.0830387
-0.0575996
-0.0144578
-0.0381363
-0.0421761
-0.00601146
-0.008075
-0.0365988
-0.0241868
0.012483
0.0222005
0.0147025
0.0134327
0.0205497
0.0207652
0.0160083
0.0167557
0.0216133
0.0246165
0.0245647
0.0226929
0.0215771
4.44303
-0.942203
-6.73808
-0.75186
2.61359
4.39046
-0.952337
-4.42546
0.825702
2.07032
-0.78775
-0.352105
0.232184
-0.150595
-0.00143954
0.116207
-0.204905
-0.0982938
0.192974
0.0361968
-0.157819
-0.126951
-0.0105641
0.0293161
0.0188101
0.00400859
-0.0294349
-0.0406797
-0.00165706
0.0351497
0.0297803
0.00749523
0.00662785
0.0197977
0.019072
0.0119986
0.0122427
0.0144363
0.0129
0.0105585
0.0100094
0.0121457
-1.10816
-1.58065
-1.47261
2.43658
4.7378
-1.76331
-4.04079
0.593204
2.5088
-0.597551
-0.985867
0.511742
-0.00475933
-0.15715
0.153116
0.0701977
-0.204452
-0.0590456
0.145418
0.0191766
-0.108028
-0.0777949
0.00918165
0.0529721
0.0369636
-0.0124907
-0.0457131
-0.0194058
0.0300659
0.0419599
0.0189944
-0.00428363
-0.000959286
0.0089569
0.00746722
0.0068831
0.0107075
0.00923864
0.00275535
-0.00151342
-0.000808829
0.00322543
1.40322
0.220439
0.420529
-2.81861
-1.32246
2.65386
1.2528
-1.19368
-1.02509
0.63345
0.393215
-0.190814
-0.0574264
0.0298186
0.0383082
0.00722895
-0.0568866
-0.0042772
0.00110647
-0.0533411
-0.0414017
0.0106546
0.0407245
0.0356692
0.00495984
-0.0308415
-0.0264023
0.0173218
0.0401389
0.0227153
-0.00601306
-0.0151032
-0.00387743
0.00200413
-0.0013387
-0.00129577
0.00133081
-0.000884209
-0.00640299
-0.00967739
-0.00836065
-0.00486656
3.28888
-0.0264118
-0.6358
-5.29074
-0.402215
3.74806
2.68487
-2.69855
-1.83802
0.988757
0.853458
-0.529532
0.0483403
0.0411587
0.00969626
-0.00604851
0.0139868
0.0562218
-0.0159968
-0.0236569
0.0468295
0.0616544
0.0183109
-0.00878431
-0.00600743
-0.00150873
0.0100215
0.030184
0.0269044
0.00128176
-0.0193309
-0.0183682
-0.00504379
-3.44032e-06
-0.00492221
-0.0111481
-0.0144424
-0.0156961
-0.0162393
-0.0158198
-0.0135168
-0.0115555
-0.619975
0.614083
3.21517
-0.143273
-5.18632
-1.30644
4.95804
0.801462
-2.01827
-0.401544
0.538491
0.00774184
-0.0468269
-0.0419034
0.0736412
0.0151836
-0.0242185
0.0577052
0.0195466
-0.00515029
0.0526182
0.0747307
0.0321783
-0.00217636
0.00446449
0.02726
0.0360864
0.0248195
0.00288804
-0.0135638
-0.0166898
-0.00995204
-0.00211292
-0.00229409
-0.00922697
-0.0168193
-0.0224382
-0.0254831
-0.0253308
-0.0234172
-0.0211508
-0.0208747
-3.91624
2.00291
0.180418
3.71948
1.16105
-4.94878
-2.02387
4.84457
0.584092
-1.91307
-0.138587
0.664012
-0.0853833
-0.0405418
0.198658
0.0155367
-0.0204578
0.0859149
0.0684575
0.0305126
0.0302281
0.0287367
0.0263792
0.0265735
0.0256589
0.0329008
0.0390672
0.0198651
-0.0075341
-0.0117386
0.000161767
0.00520446
-0.00151568
-0.0128946
-0.0172628
-0.0161115
-0.0201444
-0.0281661
-0.0316474
-0.0312761
-0.0314828
-0.0340984
0.644546
0.690787
1.57373
-3.21307
-1.49955
2.67294
1.79491
-1.50178
-0.871593
0.570634
0.336652
0.00830087
-0.136908
0.0661795
0.0962175
-0.0909853
0.109606
0.162482
-0.0030428
0.0203622
0.0931813
0.0424494
0.0101512
0.0385525
0.0495285
0.0271048
0.0117345
0.00197634
-0.00462648
0.00740964
0.0217033
0.0163371
-0.00579547
-0.0243767
-0.0205751
-0.010845
-0.0155697
-0.0281221
-0.0350471
-0.037341
-0.0412007
-0.0473334
6.21514
-1.58004
-5.02497
-1.96817
-0.868991
7.36495
-0.345742
-4.50706
0.225847
2.09574
-0.346821
-0.192676
0.0482842
0.150819
0.184563
-0.142168
0.104446
0.231687
-0.0593832
-0.0148097
0.180056
0.0426777
-0.0493229
0.0270139
0.0982204
0.030584
-0.0305953
-0.00942964
0.0280228
0.0379849
0.0275783
0.0031534
-0.0213364
-0.0241408
-0.0107875
-0.00685312
-0.0184923
-0.0319726
-0.0367456
-0.0404256
-0.0481705
-0.0576602
0.679321
-2.19956
-2.19137
0.657104
6.31027
0.279892
-5.42176
-0.853493
3.33762
0.789189
-1.29668
0.305857
0.065797
0.0557779
0.0696312
-0.00770164
0.276906
0.0250807
-0.174259
0.0767297
0.225222
-0.00958133
-0.0699713
0.0666793
0.111731
0.00899175
-0.0434128
0.00231066
0.0551534
0.0551791
0.0226647
-0.0149953
-0.030911
-0.0124332
-0.000367469
-0.00624363
-0.0251074
-0.0384116
-0.0383495
-0.0420476
-0.0515297
-0.0620702
4.9437
-2.99158
-5.85531
-0.389908
6.89467
1.17152
-4.63206
0.309151
1.48181
-0.213521
-0.188497
0.145402
-0.20532
0.206948
-0.030495
0.0985069
0.432081
-0.199224
-0.211786
0.239183
0.20496
-0.0843904
-0.0440751
0.137473
0.0607724
-0.038045
-0.00688234
0.0489201
0.0479392
0.034919
0.0150155
-0.010494
-0.0188182
-0.00196943
0.00493086
-0.0128445
-0.0312782
-0.0379404
-0.0376654
-0.0432164
-0.0529792
-0.0608173
2.25152
-2.57616
-3.74009
0.118825
5.47303
3.21077
-3.47938
-3.39265
0.842472
2.36788
-0.00957343
-0.735334
0.11514
0.189164
-0.179101
0.221099
0.319599
-0.297201
-0.210517
0.342483
0.0719815
-0.0826949
0.0304297
0.0906444
0.017235
0.00541038
0.0493846
0.040801
0.0180982
0.0204234
0.0149312
-0.0035753
-0.00482667
0.00691596
0.00310135
-0.0164906
-0.0285678
-0.0317345
-0.0345853
-0.0434443
-0.0530705
-0.05746
2.41313
0.0310467
0.232277
-3.58763
-1.84557
4.9264
1.70672
-3.48947
-1.61834
1.98061
0.755693
-0.71641
0.150907
0.112097
-0.1077
0.14804
0.0953109
-0.0947149
0.0537874
0.143294
0.0322039
-0.00704023
0.0182032
0.0132596
0.0151496
0.0368853
0.0270934
0.00697007
0.0160414
0.030548
0.0209475
0.00108659
-0.000761439
0.00495586
-0.00231928
-0.015485
-0.0215393
-0.0236912
-0.0290967
-0.0398432
-0.0484787
-0.0504357
-2.18495
0.350304
3.06216
1.10716
-1.6128
-2.43031
-1.08708
3.44255
0.586575
-1.61357
0.0554218
0.437862
-0.0430291
-0.0364439
-0.00794596
0.120051
0.0281666
-0.0809551
0.0811825
0.114952
-0.0295547
-0.0566111
0.0288165
0.0834616
0.0556765
0.0123881
-0.0012603
0.00708848
0.017046
0.0199058
0.012153
0.00333727
0.000230995
-0.00281905
-0.00852585
-0.0115131
-0.0127132
-0.0164542
-0.0239462
-0.0334325
-0.0391478
-0.0405347
-3.75447
2.33604
-0.00906673
2.98035
0.321572
-2.98789
-1.25362
2.82596
0.449805
-1.53816
0.458893
0.384519
-0.384328
0.183738
0.0452643
-0.0715943
0.154829
0.0407798
-0.0269525
0.0667352
0.0426755
-0.0208678
0.000220079
0.058723
0.0618048
0.0198086
-0.00024156
0.00538885
0.00906362
0.00333411
-0.00578324
-0.00458413
0.0015689
-0.00122038
-0.0087083
-0.0101658
-0.00843139
-0.0104913
-0.0176357
-0.0251107
-0.0276548
-0.0288849
4.79329
-0.248466
-2.89808
-3.5278
-0.976764
5.91521
2.04164
-3.98273
-2.88988
2.38469
1.80266
-1.4204
0.0597901
0.610641
-0.0517348
-0.339162
0.087575
0.257848
-0.0239564
-0.077552
0.055583
0.0379713
-0.0205611
0.00353653
0.0536195
0.0237576
-0.0128601
-0.00725566
0.0124189
0.00736169
-0.0163431
-0.0169451
0.00190339
0.00585269
-0.00816882
-0.014365
-0.00887748
-0.00440996
-0.00828365
-0.0135477
-0.0148636
-0.0176904
3.68221
-0.351262
-2.29352
-3.07463
-1.52795
6.1871
1.60352
-4.84408
-3.33469
3.90179
1.68354
-1.88545
0.34395
0.47614
-0.187387
-0.245145
0.0539921
0.295201
0.0174366
-0.15724
-0.00836633
0.0650782
-0.00205165
-0.0265899
0.0113382
0.0153402
-0.00770853
-0.00588942
0.0106981
0.00811841
-0.0127676
-0.0129195
0.00572146
0.00614936
-0.0117248
-0.0166295
-0.0065655
0.000288306
-0.00250953
-0.00421661
-0.00302534
-0.00543238
0.882991
0.228789
-0.473567
-0.292981
-1.13508
2.56793
1.30544
-3.90577
-1.41304
2.67874
0.808055
-1.41419
0.6024
0.204004
-0.375868
0.025846
0.177248
0.00591203
3.68362e-05
-0.0188707
-0.075489
-0.0165039
0.0586136
0.0207491
-0.0275864
-0.0182768
0.000269166
-0.00453887
-0.00589796
-0.00193789
-0.00283048
-0.00215623
0.00367568
-0.0024648
-0.0145642
-0.0117763
0.00109552
0.00592194
0.00312951
0.00433068
0.00739145
0.00717068
-2.35272
0.417195
6.13077
1.23618
-7.88784
-1.25603
1.15256
4.58936
-0.239656
-2.41605
0.35709
0.529601
-0.0362721
-0.267406
-0.0510176
0.264938
-0.0485168
-0.200511
0.0481842
-0.00606549
-0.082152
0.0145491
0.0420046
-0.0174729
-0.0210251
0.0216995
0.00913525
-0.0153881
-0.00852375
-0.00172241
-0.00894953
-0.0129118
-0.00722557
-0.00850298
-0.0121444
-0.00418553
0.0076604
0.0108716
0.0102595
0.0131997
0.0166973
0.0184422
-1.50896
1.37649
3.552
0.0731693
-7.83102
-0.502077
4.93269
3.85995
-4.13462
-2.00832
1.38974
0.845864
-0.549239
-0.0830886
0.0654687
-0.0883063
-0.0688516
0.139841
0.029476
-0.111086
-0.00146927
0.0575253
-0.0220129
-0.0534876
-0.0124838
0.0124629
0.00431935
0.00194142
-0.00844843
-0.0253984
-0.0242235
-0.00705996
-0.000284061
-0.0106546
-0.013253
-0.00113986
0.0120831
0.0157679
0.016323
0.0202781
0.0248035
0.0269629
-5.80737
3.34504
6.72611
0.791805
-4.17013
-4.98263
0.0285459
7.52264
-0.398479
-3.70088
0.0849894
0.843338
-0.112785
-0.0647715
-0.0806428
-0.239677
0.069007
-0.0242729
-0.101864
0.145775
0.069307
-0.133279
-0.092149
0.0477738
0.0217768
-0.0415014
-0.0280555
0.00149313
-0.0173002
-0.0287478
-0.0073955
0.0116539
0.00196124
-0.0113911
-0.00927785
0.00466786
0.0175721
0.0200425
0.0200387
0.0255644
0.03096
0.0305379
5.37727
-1.34411
-1.63911
-5.27271
-0.793286
3.87994
3.03538
-2.54076
-2.10501
0.735212
0.898671
-0.419073
-0.0676676
-0.0110734
-0.296079
0.120474
0.395545
-0.404496
-0.310606
0.283898
0.0988611
-0.227337
-0.143883
0.182044
0.000986513
-0.126002
-0.041596
0.00167359
-0.0232125
-0.00813417
0.0183299
0.0114741
-0.00756804
-0.00432765
0.00723248
0.0142124
0.017752
0.0194839
0.0235591
0.0318391
0.0350086
0.0304617
5.37335
-0.910229
-3.55149
-5.12976
-1.56818
9.63536
1.5778
-7.49367
-0.742305
3.07564
-0.0857837
-0.704195
-0.161929
-0.0161518
-0.213095
0.302664
0.128794
-0.612229
-0.110561
0.524506
-0.162318
-0.27946
0.0766543
0.122407
-0.107888
-0.122291
-0.0139792
-0.002413
0.00833007
0.0341573
0.00384886
-0.0268314
-0.0165615
0.0132124
0.0259101
0.014396
0.00980483
0.0164406
0.0299331
0.039458
0.0364106
0.0303921
9.46877
-4.08225
-12.1297
-1.12789
8.92458
5.56262
-5.77767
-5.58005
4.99286
1.09917
-1.72966
-0.0801014
0.0456372
-0.144326
0.00568733
0.176933
-0.303511
-0.241616
0.206374
0.0601145
-0.132487
-0.0329783
0.0344106
-0.0354594
-0.0600468
-0.0519345
-0.0497954
-0.00838821
0.0552065
0.03759
-0.038926
-0.0462282
0.00682081
0.0293692
0.0243508
0.00795991
0.00460731
0.018134
0.0357642
0.0397848
0.0327467
0.031649
3.31196
-5.32462
-4.38848
1.22985
11.1161
-2.44142
-7.61176
0.603188
4.73798
-0.896018
-1.89938
0.548997
0.0511434
0.0109965
-0.0987221
-0.251598
0.12947
-0.0152208
-0.223446
0.0579266
0.220158
-0.106345
-0.193751
-0.018123
0.0745549
-0.0159508
-0.0599294
-0.00811321
0.0199166
-0.0154163
-0.0346059
-0.0103184
0.0164707
0.0190362
0.00976157
0.00500554
0.0138139
0.0307597
0.0371265
0.0308315
0.0271157
0.0323546
-0.93145
-2.69657
-0.969928
0.694898
8.10287
-0.645573
-6.52265
-0.764805
4.12975
0.295178
-2.18824
0.528812
0.224011
-0.143547
-0.161906
0.121808
0.416271
-0.390717
-0.453435
0.318555
0.227901
-0.241915
-0.205363
0.0597372
0.093384
-0.0113947
-0.0613358
-0.0565246
-0.0398836
-0.00747388
0.020416
0.0149314
-0.00459831
-0.00730829
0.00259304
0.0147664
0.0279158
0.0358342
0.0327695
0.0230974
0.0225886
0.0323963
0.351765
-3.45758
-1.81005
0.862189
7.88216
-0.498705
-7.25398
-0.461316
4.97084
0.0588323
-2.43538
0.581964
0.132303
-0.230892
-0.143394
0.439019
0.411997
-0.779447
-0.43187
0.527142
0.111463
-0.272993
-0.0845414
0.135216
0.0609729
-0.0411636
-0.0705774
-0.0759137
-0.0473696
0.0154699
0.0472007
0.0120113
-0.0338455
-0.0229252
0.0145618
0.0319294
0.0319449
0.0248904
0.0181492
0.0189122
0.0259352
0.0317016
-3.56258
2.91226
-2.37612
4.45801
3.73235
-4.51522
-5.40239
2.45548
5.22987
-2.48848
-2.04914
1.18625
0.316778
-0.296994
-0.0636542
0.211065
0.101455
-0.480889
-0.0636505
0.324882
-0.0877443
-0.200608
0.0268684
0.0963159
0.00832771
-0.0544398
-0.0668173
-0.0638537
-0.0196555
0.0464795
0.0451482
-0.0156923
-0.0487691
-0.0140162
0.0290939
0.0359285
0.0233429
0.00938956
0.00831227
0.0185523
0.0277115
0.0262522
1.52155
0.682651
-0.0472494
-2.84987
-1.89837
3.47188
1.67629
-2.23313
-0.242743
0.453508
-0.311096
0.00784887
-0.0128732
0.0209261
-0.248229
0.0585419
0.110661
-0.155858
0.0460052
0.089442
-0.0225381
0.00330157
0.00716266
-0.032357
-0.0283283
-0.0142668
-0.0443147
-0.0544213
0.0018886
0.0602858
0.0262753
-0.0344508
-0.035551
0.00419873
0.0271195
0.0216251
0.00623443
-0.000211577
0.010141
0.0236656
0.025298
0.015149
4.46124
-1.32385
0.219007
-7.16895
-2.56015
9.14845
2.78947
-6.88176
-1.4997
3.52588
0.519358
-1.31614
0.146725
-0.00776275
-0.412437
0.53752
0.242544
-0.419252
-0.142933
0.0972505
0.148945
0.0835778
-0.11762
-0.14384
-0.0214887
0.0575385
0.00790174
-0.00608297
0.0491464
0.0375285
-0.0300575
-0.0417271
-0.000956453
0.0222707
0.0151038
0.00101459
-0.00706294
-0.00245951
0.0145594
0.0258601
0.0182421
0.00331637
9.53065
-3.1533
-9.93316
-1.22821
2.44028
9.16908
-3.25807
-7.41194
2.37234
4.27136
-1.64407
-1.20517
0.337187
-0.175572
-0.00907604
0.36171
0.0236716
0.0363064
-0.158212
-0.100979
0.289222
0.104004
-0.229185
-0.16349
0.0677396
0.0699512
-0.00324588
0.0219573
0.0699138
-0.00647746
-0.0619059
-0.0131677
0.0376993
0.0255318
-0.00347985
-0.0144813
-0.0114048
-0.000688516
0.0155964
0.0206501
0.00668773
-0.00505295
6.26571
-1.74746
-9.54842
0.301217
3.56434
5.60051
0.124725
-5.30084
-1.53788
2.36901
1.20441
-0.943516
-0.0900506
0.198023
0.164003
-0.177439
0.164072
0.263285
-0.432452
-0.12207
0.446053
-0.0470784
-0.233183
0.0152014
0.120585
-0.000952616
-0.0289331
0.057629
0.0337307
-0.0568835
-0.0495963
0.0216043
0.0389678
0.0105271
-0.0107908
-0.00900501
-0.00284527
0.00496001
0.0136887
0.00854696
-0.00663702
-0.00837403
-4.83146
1.12259
8.42287
-0.279405
-8.10628
-1.75598
7.03639
1.508
-5.1743
-0.522226
2.78724
-0.413683
-0.0581807
0.252433
-0.151663
-0.0556164
0.324272
-0.220208
-0.285798
0.281941
0.0838021
-0.166969
0.00103153
0.110683
-0.00403155
-0.0513235
0.00841209
0.0351439
-0.0189663
-0.0384909
-0.000178325
0.0268307
0.0176182
0.000753097
-0.00334258
0.00128452
0.00461864
0.00823921
0.00620896
-0.00852337
-0.016917
-0.00772348
-6.47611
1.4667
13.0956
-1.2225
-11.6178
-0.939197
10.1282
-0.321175
-6.42379
1.21562
2.70867
-0.958211
-0.090881
0.189153
-0.257505
0.264438
0.0293552
-0.424412
0.265291
0.272265
-0.302315
-0.140506
0.26585
0.0328287
-0.110539
-0.0153041
0.0577962
-0.0150683
-0.0397707
0.0134089
0.0330868
0.0124472
-0.000930829
0.0011518
0.00635495
0.00635955
0.00489603
0.00315766
-0.00829004
-0.0229483
-0.0195407
-0.00755089
-5.99927
2.52828
9.75685
-4.02206
-7.86453
0.871232
8.10205
-1.49233
-6.42485
4.18059
1.52729
-1.91628
0.392263
0.125494
-0.0763546
0.381229
-0.623042
-0.206097
0.800918
-0.0133555
-0.460528
0.114997
0.215974
-0.0832634
-0.106061
0.055944
0.041028
-0.032463
-0.0182996
0.0280845
0.0278125
0.0119673
0.00454573
0.000703055
-0.000241795
0.00261824
0.00300186
-0.00643053
-0.0229524
-0.0278479
-0.0165048
-0.0116546
-1.7717
1.79996
5.11675
-3.92561
-6.74726
4.0987
5.89164
-4.65385
-2.20207
2.99577
0.388713
-1.57035
1.00008
0.0989124
-0.0704858
0.100064
-0.515027
0.125746
0.530056
-0.200395
-0.298426
0.196606
0.122272
-0.0820497
-0.0621343
0.0577059
0.0585754
-0.00487387
-0.0228006
0.0047582
0.0253219
0.0210514
0.00701274
-0.00490817
-0.00811985
-0.0024994
-0.00328312
-0.0180169
-0.0296499
-0.023431
-0.0142736
-0.0204024
3.98474
-1.63885
0.82865
-5.5416
-3.21328
8.74732
2.74225
-7.64895
-0.162155
2.89155
-0.895732
-0.493555
1.12972
-0.206019
-0.206125
0.224279
-0.316533
-0.168762
0.432209
0.0312483
-0.261861
0.088622
0.16924
-0.054336
-0.0756925
0.0676261
0.0849844
-0.018144
-0.0333835
0.0372999
0.0507631
0.00658992
-0.0215041
-0.0179789
-0.00894099
-0.00616323
-0.0120423
-0.0221637
-0.0245168
-0.0183152
-0.0187324
-0.0305428
7.10672
-0.907709
-8.34155
-1.9367
0.442062
11.1348
-1.71562
-8.15171
1.47666
2.93662
-1.56305
0.149993
0.819303
-0.613913
-0.0261387
0.283917
-0.286348
-0.00280647
0.297225
-0.156361
-0.0783589
0.245938
0.0239424
-0.0886116
0.0310097
0.108717
-0.00868002
-0.0699402
0.000966975
0.0808289
0.0362475
-0.0226995
-0.0188469
0.000908302
-0.00580274
-0.0266854
-0.0304073
-0.0189874
-0.0125348
-0.0149602
-0.0261217
-0.0387365
7.41656
-4.7335
-10.6946
-0.420019
13.1532
3.76851
-11.0924
-0.548992
4.54833
-0.47694
-2.13396
1.51842
0.0310684
-0.31077
0.41446
-0.0499314
-0.150707
0.0674015
-0.0860274
0.0619719
0.281356
-0.0225076
-0.14259
0.0527497
0.144605
0.00685593
-0.0649512
0.0031495
0.077844
0.028704
-0.0343605
-0.0267691
0.00406773
0.00918203
-0.0130877
-0.0344852
-0.0280347
-0.0122806
-0.00997123
-0.0175871
-0.0323539
-0.04326
-3.71382
4.56009
-1.9282
5.80257
2.71518
-10.1488
-3.82247
8.70845
1.12742
-4.44002
0.194444
1.66328
-0.798787
0.501939
0.226746
-0.370157
0.126416
0.0285113
-0.23034
0.250216
0.267124
-0.230127
-0.150956
0.192591
0.102283
-0.0728377
-0.0603071
0.0694426
0.0861679
-0.00244227
-0.0342169
-0.000401773
0.00747797
-0.0156911
-0.032414
-0.0232505
-0.00592312
-0.00591608
-0.0159736
-0.0248725
-0.0357451
-0.0423344
-8.64029
5.41641
10.0907
2.00226
-10.1451
-6.67366
7.28105
5.56956
-4.63051
-1.47404
2.13739
-0.501091
-0.0466431
0.459435
-0.415771
0.0860492
0.209651
-0.198302
-0.0678777
0.215687
0.108369
-0.0971968
-0.0672764
0.0456699
0.0379534
-0.0124975
-0.0136388
0.0379601
0.047659
0.00525989
-0.00990295
0.00746755
-0.00109101
-0.026779
-0.0259798
-0.0037694
0.00515038
-0.00615621
-0.0215635
-0.0301589
-0.0354281
-0.0365985
-5.5446
2.38892
10.378
-2.10937
-11.7064
-0.0646249
11.1133
-0.767123
-6.56607
2.31786
1.88106
-1.78597
0.536399
0.0964613
-0.272341
0.399032
-0.282969
-0.223749
0.291165
0.0895372
0.0217291
0.0299865
-0.102481
-0.0503174
0.0815218
0.0520902
0.000881082
0.0239854
0.0416215
-0.0131624
-0.032335
2.61229e-05
0.000976077
-0.0156987
-0.00857442
0.00386196
0.000359948
-0.00987025
-0.0205607
-0.0284318
-0.0308863
-0.0295679
3.64389
-1.45939
2.80838
-8.37207
-3.66345
8.09585
5.66941
-8.53722
-0.762549
3.34481
-0.0666679
-1.53665
0.822011
-0.117259
0.191382
0.148176
-0.532726
0.253013
0.19272
-0.212205
0.198154
0.137377
-0.203184
-0.0846518
0.15907
0.0759192
-0.00494814
0.0246168
0.00858265
-0.0498805
-0.0367097
0.0142076
0.0130934
-0.00465233
-0.00520268
-0.0026369
-0.00470521
-0.00965534
-0.0185128
-0.0239512
-0.023449
-0.0238863
11.0302
-2.62255
-12.8993
-2.26787
6.62074
6.38845
-5.08868
-6.07245
6.49177
1.66802
-3.41278
0.128389
0.630225
-0.197573
0.367294
-0.150402
-0.0558285
0.438331
-0.403525
-0.27658
0.580913
0.0896358
-0.295481
-0.00301728
0.185139
0.0602908
-0.0133252
-0.0073935
-0.0403819
-0.0476699
-0.000228282
0.0278116
0.0113537
-0.00666983
-0.00929317
-0.00406349
-0.00170799
-0.00823441
-0.0171421
-0.0191153
-0.0167855
-0.0180452
2.91675
-4.9595
-2.92291
5.35945
5.24331
-3.94269
-6.52747
4.63596
4.00503
-3.63305
-0.943097
1.12767
-0.109314
0.178924
0.218367
-0.132749
0.270156
0.00148688
-0.561475
0.198257
0.531463
-0.146771
-0.26559
0.116619
0.130923
-0.000857526
-0.0400341
-0.0262879
-0.0202244
-0.000943572
0.0179769
0.0141471
-0.000236821
-0.00985354
-0.00769401
0.000905779
0.00257518
-0.00557862
-0.0128634
-0.013156
-0.011745
-0.012473
-9.65203
4.19369
7.42761
4.02353
-3.3108
-7.18052
2.36896
4.76348
-2.95686
-2.02016
1.94927
0.124731
-0.45317
0.595906
0.0688516
-0.0430565
0.213862
-0.270105
-0.396455
0.419976
0.387617
-0.258016
-0.194122
0.163224
0.0818875
-0.063689
-0.0669004
0.00580371
0.0381982
0.0179506
0.00367776
0.00617504
-0.00371156
-0.0159663
-0.00611466
0.00791941
0.00587012
-0.00470953
-0.00949872
-0.00714304
-0.00638397
-0.00749012
-2.21362
1.01055
3.11325
-2.60609
-2.47113
3.69851
3.23977
-4.24609
-2.73421
3.47246
0.737593
-2.12962
0.825462
0.547013
-0.0998652
-0.0601286
0.0373695
-0.085664
-0.331017
0.220015
0.404146
-0.142009
-0.20565
0.108661
0.128181
-0.0329524
-0.0648821
0.0191645
0.0561568
-0.000867575
-0.0205294
0.00269281
-0.00389675
-0.0147726
0.00130706
0.0125681
0.00204337
-0.00821009
-0.0072661
-0.00199868
-0.00012528
-0.00157566
5.34404
-3.01348
-4.99408
0.261491
2.11344
4.22914
-2.42179
-4.24996
2.58044
2.2361
-3.18082
-0.13826
1.56219
-0.262282
-0.0836004
0.00567859
0.0200015
0.0424772
-0.407766
0.0830763
0.5343
8.582e-05
-0.333016
-0.0129988
0.221928
0.0496902
-0.0503124
-0.00102098
0.0294047
-0.0179213
-0.0269696
-0.00384239
-0.00848319
-0.0076269
0.00932056
0.0087413
-0.00589633
-0.00814637
0.000112274
0.00370374
0.00465738
0.00379749
8.38263
-3.45243
-10.4524
-0.610564
7.67761
4.80253
-4.34177
-4.44496
3.04171
0.503159
-1.60494
0.884794
0.652351
-0.638239
0.188585
-0.00217043
0.0924584
0.0714603
-0.39969
0.0174584
0.498233
0.0401734
-0.357175
-0.0393444
0.212813
0.0533168
-0.0443538
-0.0068966
0.0140203
-0.0186843
-0.0217671
-0.00603147
-0.00729197
-0.00143272
0.00751936
-0.000942931
-0.00988868
-0.00337838
0.00642741
0.00808532
0.00900241
0.00794685
6.27
-4.62739
-7.90293
1.63454
10.2146
-0.840813
-7.46512
1.93065
3.09602
-2.92299
0.166911
1.80558
-0.919795
-0.0490102
0.354625
-0.0484429
0.0622409
0.0597921
-0.409385
-0.112127
0.417661
0.0436171
-0.316829
-0.0168728
0.165656
0.017186
-0.0490409
-0.00185905
0.0223679
-0.00243864
-0.0127314
-0.00505879
0.000859712
0.003826
-0.0017703
-0.0102962
-0.00760953
0.00231819
0.00807995
0.00987033
0.013318
0.00882238
-4.43127
3.85031
-0.278513
5.27744
2.06366
-9.88702
-0.801647
4.86254
0.107381
-2.78697
1.54842
0.921317
-1.48613
0.763404
0.230089
-0.342559
0.177745
0.214699
-0.624832
-0.240094
0.473185
0.021204
-0.333805
0.0266301
0.162157
-0.0229604
-0.0694828
0.00859684
0.0513033
0.0131857
-0.0122174
0.00187019
0.0147883
8.53329e-05
-0.0162203
-0.0127575
-0.000970515
0.00412326
0.00722643
0.0118184
0.015698
0.00641349
-9.8832
7.41256
8.69264
1.2598
-6.15616
-7.8684
4.65461
4.92406
-3.76396
-0.141343
1.64602
-1.47591
-0.337518
1.00917
-0.257189
-0.261825
0.504838
-0.159666
-0.837011
0.195455
0.425498
-0.230114
-0.25832
0.157628
0.0634401
-0.0740824
-0.030579
0.0608051
0.0485232
-0.00701515
-0.0115004
0.0215716
0.0138927
-0.0153471
-0.0209515
-0.00994533
-0.00153611
0.00357099
0.012103
0.0172687
0.0143371
0.00403543
-2.53593
1.94858
6.64316
-0.0743635
-12.3422
0.467086
9.28146
-0.764829
-4.98594
2.4484
1.05711
-2.65166
1.02266
0.728396
-0.82857
0.34021
0.399307
-0.851883
-0.28748
0.535256
0.135303
-0.331845
-0.0625384
0.135132
-0.0113165
-0.0626495
0.0150709
0.0513383
0.00443886
-0.0229422
0.0050773
0.029582
-0.0042493
-0.0272811
-0.0144616
-0.00226135
0.00282076
0.0118332
0.0194893
0.0193536
0.00674549
0.00314454
7.23511
-1.44732
-1.11742
-9.44655
-1.17615
10.807
0.982667
-8.06158
0.965122
3.24255
-2.01593
-0.551144
1.25975
-0.377125
-0.282513
0.612058
-0.465991
-0.586793
0.461494
0.21374
-0.183678
-0.04251
0.0265545
0.0198131
-0.00821074
-0.016892
0.00338172
-0.00133118
-0.0218435
-0.0184109
0.00619714
-0.000560884
-0.0175591
-0.00984269
0.00202823
0.00462982
0.0128979
0.0265372
0.0221147
0.0127208
-0.00064157
0.00328664
7.96095
-4.01475
-12.6215
1.19751
13.1611
0.298166
-9.13444
1.45294
3.96858
-2.76851
-1.51401
2.08576
0.513137
-0.991297
0.403255
0.172437
-0.87457
0.312134
0.517036
-0.45746
-0.131363
0.288773
-0.0809602
-0.134627
0.122183
0.0387812
-0.0677304
-0.0482732
-0.00617035
-0.0032444
-0.0195268
-0.0264052
-0.0118455
0.0037224
0.0129049
0.0252376
0.0316175
0.0286703
0.0127484
0.00282132
0.00194354
0.00752528
-6.91601
3.22041
3.32641
5.06463
0.132098
-10.3187
1.56011
6.10414
-0.770032
-4.45273
1.46037
1.75445
-1.11837
-0.115806
0.309332
-0.292707
-0.136905
0.652085
-0.137472
-0.666731
0.438858
0.313397
-0.384633
-0.244371
0.31994
0.0342824
-0.126907
0.00243606
0.0308837
-0.044225
-0.0499878
0.0109794
0.00851429
-0.00469327
0.0225849
0.0473627
0.033747
0.00770506
0.00574047
0.00914548
0.00934124
0.0114121
-5.50175
2.08097
8.97445
-0.889873
-11.3965
1.67614
9.49403
-0.853656
-6.51693
1.91578
1.93035
-1.35863
-0.14812
0.13254
0.372656
0.0872212
0.1058
0.0914459
-0.83707
-0.0216149
0.797672
0.0570597
-0.546147
0.081431
0.133881
-0.0574624
-0.00936567
0.0306073
-0.0523319
-0.0627302
0.014106
0.0494074
0.00766916
0.00353437
0.0275182
0.0217097
0.00739899
0.00575524
0.0184968
0.0220381
0.0118119
0.0114226
4.81466
-0.794621
2.18455
-11.4251
-2.98329
12.0524
4.15486
-9.51329
-0.0218628
2.51307
-0.806326
-0.261535
0.500242
-0.225243
0.449593
0.0527006
-0.00949635
-0.283646
-0.455251
0.528327
0.397878
-0.398746
-0.236957
0.171763
0.0316481
-0.0741308
-0.0281937
-0.021762
-0.0158039
0.00741309
0.0342585
0.0396757
0.0353001
0.0167724
-0.0167954
-0.0268707
0.00233449
0.033938
0.0317867
0.0239625
0.009919
0.00942915
9.90457
-1.91457
-12.665
-2.00942
5.61693
7.82023
-3.63478
-7.57811
5.05551
1.47978
-2.28634
0.461942
0.182202
-0.143003
0.33575
-0.0777385
-0.0192951
-0.248073
-0.138665
0.264095
0.0422675
-0.221996
-0.0379283
0.0418534
-0.0324961
-0.0390524
-0.00156123
-0.000689912
-0.00558427
0.00501126
0.0242923
0.0417153
0.0256922
-0.0204957
-0.039387
-0.0130085
0.0270562
0.0469686
0.0307353
0.0175179
0.0093296
0.0088237
3.82194
-6.50543
-4.89105
2.13806
13.2219
0.0739161
-13.0358
0.933531
5.94613
-0.89617
-2.02556
1.10529
-0.432658
0.240843
0.184869
-0.380241
0.310393
0.00819222
-0.442412
0.0493454
0.0953722
-0.0942002
-0.0418773
-0.00811732
-0.0102397
-0.0115469
-0.00361935
0.019762
0.0225524
-0.0103041
-0.0294148
-0.0211595
-0.00886241
0.00237793
0.0168707
0.0306945
0.0315232
0.0240398
0.0172618
0.0125039
0.0141194
0.0134919
-5.43129
2.1519
0.229461
8.81763
2.73066
-11.184
-4.87901
8.80656
1.31941
-4.10064
0.390136
1.14346
-0.839684
0.409655
-0.203771
-0.193606
0.586119
-0.213344
-0.588478
0.198568
0.181531
-0.114568
-0.144501
-0.0183406
0.0822787
-0.000471052
-0.0865494
-0.0254538
0.0612417
0.0128794
-0.0440123
-0.035646
0.00572466
0.0338394
0.0301598
0.0252841
0.0219984
0.0117389
0.0102367
0.00968091
0.0180306
0.0200049
-5.8389
1.49422
11.7182
2.43094
-10.6043
-8.08993
9.45924
5.51595
-7.27154
0.106892
2.15437
-0.997563
-0.121785
0.282054
-0.334618
0.274231
0.27662
-0.31776
-0.237631
-0.0228713
0.044018
0.0666731
-0.0591122
-0.0231437
0.0406247
-0.0725841
-0.142798
-0.030916
0.180305
0.0256659
-0.0925507
-0.0642707
0.00686444
0.0504328
0.0287724
0.0163178
0.0173602
0.0118017
0.00759046
0.00486443
0.0182241
0.02244
3.01717
1.22874
2.95413
-9.39092
-6.33086
6.27795
8.52874
-4.92449
-5.03719
3.76798
1.12391
-1.83679
0.645971
-0.0970412
-0.116063
0.323949
-0.0282368
-0.193729
-0.14078
-0.0641744
0.111077
0.0930842
-0.0927923
-0.0501127
0.0301186
-0.0574607
-0.0892036
0.000783204
0.0728476
-0.0119724
-0.0402089
-0.0132918
0.0274614
0.0228079
0.00667357
0.0127796
0.0153217
-0.00199672
0.000919904
0.00283685
0.0225713
0.0259392
8.40481
-1.55243
-12.0805
-0.816611
6.22063
6.77321
-3.62546
-7.40851
4.52137
2.01866
-2.52652
0.0155447
0.510507
-0.438384
0.12687
0.0251533
0.0710164
0.155654
-0.209612
-0.0640723
0.119234
0.0161027
-0.0139516
-0.0345037
-0.104814
-0.0511234
0.0339544
0.036299
-0.000434869
-0.00743473
0.00678078
0.0118421
-0.00234855
-0.0160878
-0.0116673
0.00946255
0.00757952
-0.0140992
-0.000627679
0.0121132
0.0293218
0.0305359
3.40498
-4.85711
-5.34595
1.93525
11.004
0.442941
-11.1579
0.982294
5.28013
-1.41915
-1.91996
1.40955
0.015836
-0.572208
0.156748
-0.116572
0.181483
-0.00635982
-0.337391
0.187924
0.104565
-0.25074
0.0335409
0.117996
-0.0357959
-0.0179613
0.0289814
-0.0258306
-0.0275032
0.0105327
0.0081311
-0.022423
-0.0348744
-0.028609
-0.0129081
0.00342357
-0.0020398
-0.0112359
0.00616278
0.0236687
0.0304879
0.0307133
2.52658
-2.99152
-4.6157
0.396428
8.12463
0.361844
-6.2618
1.19038
2.6768
-1.81157
-0.679781
1.19833
-0.351626
-0.171094
0.315718
-0.248043
0.127805
-0.175559
-0.186467
0.345251
0.0136232
-0.370671
0.0497135
0.141516
0.00666889
-0.0068137
-0.0105473
-0.0556736
-0.0224919
0.0186263
-0.0195992
-0.0496155
-0.0407011
-0.0205697
0.000482961
0.0071702
0.00240935
0.00258128
0.0169029
0.0288767
0.0228841
0.024738
2.49961
-2.03278
-5.66752
0.6434
7.04421
1.87043
-4.9115
-3.20891
3.63758
1.80977
-1.22433
-0.985266
-0.0716821
0.574941
0.0859171
-0.2121
0.102944
-0.336123
0.07439
0.308886
-0.21591
-0.251218
0.128744
0.114018
-0.0161692
-0.0102601
-0.0147197
-0.0344303
0.0102408
0.0221302
-0.0187569
-0.0539261
-0.024078
-0.00663703
0.01777
0.0163621
0.00826276
0.0121118
0.0268524
0.0284578
0.0171417
0.0122743
2.31848
-0.02348
-1.46082
0.957564
0.477608
0.420045
-5.36215
-0.199976
3.9709
1.71723
-1.22765
-2.49469
1.05716
1.20887
-0.639988
-0.205024
0.2504
-0.278123
0.191681
0.191435
-0.330749
-0.0778096
0.182875
0.0615235
-0.0582766
-0.00725329
-0.00950439
-0.0327019
0.0241106
0.0333194
-0.00143567
-0.0353638
-0.00280467
0.0085719
0.0162446
0.00236153
-0.00288316
0.00852817
0.0207547
0.0154214
0.0090597
0.0040496
-1.70158
2.10149
5.00581
0.733018
-10.7061
-1.05619
5.2805
1.26197
-2.02537
1.06729
0.984538
-2.04644
1.1258
0.928602
-1.01801
0.0879487
0.258099
-0.235435
0.229305
0.0782178
-0.296021
0.0470856
0.183801
0.0155777
-0.0605887
0.00975295
-0.00861915
-0.0416286
0.0193799
0.0317277
0.00474355
-0.0151608
0.0145216
0.0271355
0.0146376
-0.0107168
-0.0239184
-0.00175956
0.00880096
0.00585927
0.00448933
0.000531783
2.84724
-1.06425
2.67512
-7.16257
-4.31958
6.10798
5.9305
-5.87567
-1.97167
3.11814
0.854562
-2.01871
1.31244
0.205964
-0.943463
0.396831
0.114481
-0.150836
0.218278
-0.0340171
-0.196642
0.099467
0.137396
-0.0106653
-0.0353447
0.0181069
-0.0117533
-0.0318219
0.0143542
0.0204465
-0.00272371
-0.00837956
0.0205462
0.025838
0.00995288
-0.0189261
-0.0252079
-0.00458134
0.00406728
0.00265515
0.00053401
-0.0032411
8.2944
-1.80151
-11.6832
-1.04893
6.10459
6.93513
-4.00917
-6.75489
4.35417
2.76815
-3.22623
0.156839
1.39544
-0.774702
-0.375252
0.456301
-0.0676954
-0.0423505
0.129214
-0.109821
-0.0871505
0.0814593
0.0621017
-0.0156546
-0.0152389
0.00690349
-0.0112216
-0.00951574
0.0104434
0.00410268
-0.0146025
-0.0106541
0.0098806
0.0136424
-0.0001171
-0.0228001
-0.0210729
-0.00379163
0.00213693
-0.000576456
-0.00288622
-0.00219312
-2.35717
-0.333191
-2.32046
6.0078
4.58999
-5.4649
-5.61913
4.49197
4.4548
-4.8155
-0.615182
2.04005
-0.0723965
-0.839603
0.315685
0.212779
-0.147293
0.043419
0.0144339
-0.0982626
0.0110205
0.0316039
-0.00574678
-0.00711705
-0.00810252
-0.011269
-0.00658173
0.00480232
0.0043239
-0.0106975
-0.0224679
-0.0137155
0.000605989
0.00277022
-0.00833151
-0.0218911
-0.0133815
0.000589581
0.00240163
-0.00364957
-0.00479432
0.000703891
-7.7911
2.13044
11.1027
1.7467
-8.97536
-4.8114
6.49094
4.79118
-5.80854
-0.917583
2.38339
0.282164
-1.23573
0.311398
0.267526
-0.0493935
-0.0733132
0.0526368
-0.0762801
-0.00573899
0.0868353
-0.0241547
-0.0452331
0.00599989
-0.00981509
-0.0245271
-0.00120327
0.00986754
-0.00212288
-0.0195536
-0.0233168
-0.0124569
-0.0032785
-0.00361471
-0.0125567
-0.01613
-0.00348661
0.00642836
0.00367082
-0.00595183
-0.00552936
0.00437238
3.73225
-0.140602
0.0152237
-6.90456
-2.46449
7.47736
4.13301
-7.10666
-1.6364
3.47212
0.852161
-2.00209
0.488886
0.226029
-0.0391448
-0.0319181
0.0114807
-0.0187088
-0.0980236
0.116952
0.0964455
-0.0993309
-0.0442089
0.0288994
-0.0129936
-0.0281745
0.00462689
0.0105381
-0.00652901
-0.0192587
-0.015416
-0.00563821
-0.00256987
-0.00632058
-0.0119679
-0.00753284
0.00444358
0.00906621
0.00269133
-0.00756657
-0.00489857
0.00762131
5.10607
-2.85158
-8.3701
-0.022667
9.59844
2.81596
-8.34843
-1.38132
4.71261
0.0626415
-2.45935
0.828961
0.708785
-0.475283
0.072635
0.00132517
-0.00545651
-0.0951915
-0.00203235
0.182804
-0.00453688
-0.136553
0.0160353
0.0449179
-0.021584
-0.0145774
0.0114496
0.00239923
-0.0110502
-0.00570685
0.0024121
0.00319895
-0.000658582
-0.00608467
-0.00574263
0.0017948
0.00786245
0.006068
-0.00204428
-0.0085988
-0.00388532
0.00724257
-4.08091
2.30582
-0.808784
6.13169
2.161
-7.98534
-3.3852
6.75584
2.19359
-5.41425
0.422426
2.30855
-0.765845
-0.373458
0.237341
-0.00869466
-0.0325662
-0.103729
0.133427
0.135799
-0.136234
-0.0613156
0.0817114
0.0146626
-0.0298233
0.0161775
0.0147671
-0.0159532
-0.00812174
0.0196195
0.0243164
0.00961558
-0.000367168
-0.00257903
0.00382943
0.00957361
0.00720423
-0.00164623
-0.00966494
-0.0100203
-0.00502998
0.000658609
-7.08394
1.98959
10.2548
1.92762
-8.58923
-4.65958
6.1848
4.60541
-5.74479
-0.853486
2.48165
0.841617
-1.89562
0.314771
0.229794
7.5682e-05
-0.108778
-0.0356743
0.168515
-0.00320072
-0.138509
0.0519626
0.0735209
-0.0325656
-0.00224584
0.0402181
0.00459874
-0.0240223
0.0117772
0.0383659
0.0316504
0.00794922
-0.000285389
0.00354555
0.0116338
0.0139434
0.0047433
-0.0101415
-0.0170696
-0.0128592
-0.0099071
-0.0108981
0.180751
2.61134
2.61659
-3.79286
-7.82166
2.78677
6.66112
-1.23168
-6.29004
4.57132
2.30953
-2.9665
-0.443429
0.64692
0.106194
-0.06605
-0.130845
0.0432673
0.0579938
-0.0970806
-0.0131609
0.0806343
0.000860526
-0.0215139
0.0362853
0.0263921
-0.0103253
0.00586124
0.0380125
0.0343978
0.0129319
0.00145447
0.00495586
0.0102025
0.0146257
0.0146698
0.00252786
-0.0151853
-0.0215215
-0.0173237
-0.017409
-0.022595
9.19605
-1.19341
-4.23424
-8.43545
0.924403
8.02303
-0.294309
-6.83159
1.80914
4.47749
-2.1762
-1.98727
1.09725
0.237312
-0.138079
-0.0479851
-0.0438894
0.0469955
-0.0640737
-0.069759
0.0830303
0.0418929
-0.0374566
0.0189128
0.035191
-0.0061936
0.007061
0.0505758
0.0477528
0.0055435
-0.016283
0.000479743
0.012145
0.0133441
0.0126567
0.0117537
0.000530423
-0.0152282
-0.0220271
-0.0217834
-0.0235694
-0.027608
1.71221
-3.39355
-3.79571
3.4693
5.46012
-0.598329
-6.66405
1.93311
4.91523
-2.40665
-2.39451
1.35717
0.549694
-0.48833
0.0403136
0.0956761
-0.0479331
0.0312592
-0.0531224
-0.0263679
0.091486
0.0187801
-0.0323422
0.0169566
0.0112802
-0.000149499
0.0442619
0.0624439
0.0254899
-0.0288697
-0.0269603
0.00370114
0.0138957
0.0123348
0.00860349
0.00595951
-0.00123656
-0.0110824
-0.0194385
-0.0242004
-0.0248273
-0.0230286
-3.27307
0.882183
2.5259
0.291805
-2.46801
-0.555127
4.31122
2.32673
-4.65356
-0.816628
1.42592
0.413274
-0.206474
-0.114264
0.209276
0.00925997
-0.0898185
0.153597
-0.0251154
-0.0552199
0.0908211
0.0218221
-0.0481497
-0.00805476
0.0188808
0.0349393
0.0488893
0.0302565
-0.0124594
-0.0350515
-0.0176684
0.00425819
0.0117769
0.0108327
0.00401142
-0.00187167
-0.00267524
-0.00642259
-0.0166259
-0.0226937
-0.0186376
-0.0102613
3.21204
-0.447265
-6.51679
0.335493
2.08729
5.76019
0.0952673
-6.32839
0.732697
2.19267
-0.727046
-0.108571
0.467948
-0.164838
0.1794
-0.145277
0.0451533
0.212355
-0.137583
-0.0189405
0.122664
-0.00923872
-0.0659587
0.00582426
0.0427129
0.0360874
0.0124744
-0.0128193
-0.023435
-0.0158492
-0.00843368
0.00174349
0.0123795
0.00997641
-0.00206806
-0.00906727
-0.00359756
-0.00529711
-0.0153202
-0.0156954
-0.00599495
0.00408924
-1.15593
-0.819351
-1.44505
3.41333
5.0473
-3.20643
-5.74787
2.01743
4.36812
-2.61192
-0.881346
1.41546
-0.240772
-0.026481
0.234979
-0.293564
0.210709
0.052183
-0.156876
0.11349
0.0851093
-0.0638019
-0.0211613
0.0410338
0.0307273
-0.00269208
-0.0245204
-0.0234782
-0.00568537
0.000731829
-0.00682092
0.00221166
0.0157876
0.00693235
-0.0087949
-0.0118616
-0.00511272
-0.00934916
-0.0144257
-0.00551191
0.00573476
0.0121831
-4.02244
0.776683
9.59624
0.763892
-8.32328
-3.15483
3.42292
4.90713
-3.91122
-0.815369
1.90749
-0.0629996
-0.867753
0.766082
-0.225369
-0.177063
0.277015
-0.106865
-2.41346e-05
0.149452
-0.0271031
-0.0510604
0.0417157
0.0350703
-0.00917501
-0.0248461
-0.0198828
-0.00296772
0.0104685
0.00383383
-0.00422002
0.00759136
0.014801
2.42573e-05
-0.0116026
-0.00996497
-0.00890455
-0.0154353
-0.012002
0.00106842
0.00826554
0.0101407
4.29852
-0.346739
-0.745319
-5.86268
-1.46364
5.82273
3.29491
-6.57305
-0.353981
3.28158
0.699458
-2.26813
0.961387
0.368329
-0.619876
0.230476
0.153346
-0.10572
0.111781
0.0493824
-0.0745781
0.0197358
0.0544148
-0.00517282
-0.0274962
-0.00450399
0.0127656
0.0190291
0.0133181
0.00173539
0.00406886
0.0107389
0.00464749
-0.00739174
-0.00870365
-0.00728972
-0.0135132
-0.0172138
-0.0093209
-0.00214758
-0.00123558
-0.000637029
1.88978
-3.07848
-4.10688
1.27671
6.9616
1.49392
-7.81982
0.478411
3.86845
0.137828
-2.67406
1.02051
0.912433
-0.762109
-0.0590922
0.348933
-0.0329358
-0.0312484
0.0768486
-0.0288081
-0.0235104
0.0536186
0.0251166
-0.0217456
-0.00239817
0.0311463
0.0368333
0.0241406
0.00950199
0.00636706
0.0115408
0.00514726
-0.00868766
-0.00998147
-0.00487786
-0.00713446
-0.0142727
-0.0125395
-0.00997117
-0.0142435
-0.017916
-0.0159255
-6.87968
2.73521
6.46138
2.21713
-3.36461
-4.88691
1.60029
4.45492
-0.727237
-3.68971
1.29636
1.71646
-0.954969
-0.331777
0.377308
0.113814
-0.0987144
-0.00077152
0.0334317
-0.0165005
0.013149
0.0397082
0.00998794
-0.00470699
0.0275256
0.0514637
0.040946
0.0149013
0.00771649
0.0177274
0.0137473
-0.00648951
-0.0157072
-0.00711493
-0.00471064
-0.00913971
-0.00991156
-0.00642903
-0.0141974
-0.0272995
-0.0325764
-0.0301263
1.96241
-0.264444
1.17541
-4.88865
-1.59252
2.81409
5.06324
-3.14787
-3.55869
2.37811
2.11163
-1.59383
-0.454111
0.453289
0.126489
-0.035579
-0.0957371
0.0227346
0.0596874
-0.0067068
-0.0115413
0.0350969
0.0313413
0.0108395
0.0317177
0.0498085
0.0301688
0.00121803
0.0106409
0.0264177
0.0112117
-0.0136433
-0.0126903
-0.00238171
-0.00744697
-0.0108817
-0.00555301
-0.00491486
-0.0191095
-0.034485
-0.0398264
-0.0398651
3.72357
-1.71983
-6.16681
-0.0910859
4.86043
4.4274
-5.49666
-3.30574
3.17331
2.92442
-2.53286
-0.643575
0.867071
-0.0342331
-0.0284745
-0.056437
-0.0788386
0.0905276
0.073395
-0.0493901
-0.0224635
0.0715369
0.0531152
-0.00156203
0.0136112
0.0364334
0.0163449
-0.00539403
0.0142566
0.0252629
0.00531286
-0.00934053
-0.00197114
0.000372123
-0.0103085
-0.0118741
-0.00609715
-0.00833096
-0.0207312
-0.0327387
-0.0381365
-0.0427916
-3.31458
1.5992
-0.550388
5.20818
2.24048
-7.75142
-2.82001
4.88591
3.9346
-4.57694
-0.736252
1.61985
0.0270044
-0.288892
0.124089
-0.125062
0.0095754
0.120968
0.0137818
-0.0828533
0.0169969
0.102084
0.0434026
-0.0252915
-0.00274316
0.0237972
0.00837103
-0.00342645
0.0122512
0.0148563
0.00147641
0.00145668
0.00656452
-0.00107634
-0.0116214
-0.0122203
-0.00954812
-0.0117465
-0.0176444
-0.0247752
-0.029873
-0.0381045
-3.80186
1.00255
5.83296
1.65612
-8.04241
-2.0131
5.64281
4.25332
-5.87996
-1.18639
2.19167
0.456653
-0.83165
0.351803
-0.0367941
-0.0985764
0.0866119
0.0554342
-0.037418
-0.0437524
0.0575718
0.077995
0.00413104
-0.0345259
3.43084e-05
0.0220486
0.00861626
-0.00155591
0.0037551
0.00460087
0.00403055
0.00867012
0.00574436
-0.00550573
-0.0115951
-0.0127022
-0.0124869
-0.0120144
-0.0119062
-0.0152657
-0.0194798
-0.0289947
4.99959
-1.35419
-1.41291
-6.27689
-0.610905
7.71128
3.02057
-7.95892
-0.818156
3.03302
0.923571
-1.63777
0.519812
0.116651
-0.176345
0.0806488
-0.00229992
-0.0177799
-0.024785
0.0189604
0.0560077
0.0173029
-0.0275285
-0.0171177
0.0178144
0.025643
0.00819266
-0.00335061
-0.00122442
0.0026299
0.00499785
0.00453269
-0.00123159
-0.00738047
-0.00868657
-0.011076
-0.0117418
-0.00951842
-0.00727583
-0.00800437
-0.0108615
-0.0202118
0.0018971
-1.11207
-2.31849
2.28963
4.23665
-0.187844
-6.15749
1.07673
3.26916
-0.187366
-2.24018
0.904951
0.337382
-0.367778
0.199058
-0.0661989
-0.0597512
0.0312641
-0.00343096
0.0359344
0.018255
-0.0317003
-0.0211599
0.018192
0.0328937
0.0191638
0.00187098
0.00286096
0.0097318
0.00632277
-0.00182788
-0.00595876
-0.00622556
-0.00691256
-0.00690039
-0.0095747
-0.00899373
-0.00675709
-0.00522453
-0.00425944
-0.00620528
-0.0150708
-2.49988
0.739913
5.42656
0.739801
-6.8878
-1.20678
3.33011
3.49254
-2.90537
-0.808247
1.2473
0.0481873
-0.650277
0.48499
-0.059609
-0.260667
0.14881
0.0376296
-0.0384661
0.0275486
-0.0125083
-0.0372793
0.0153168
0.0447383
0.0237921
-0.00597256
-0.00101038
0.0234414
0.0255616
0.0023209
-0.0116076
-0.0091399
-0.00413597
-0.00618372
-0.00763241
-0.0095158
-0.00773687
-0.00689946
-0.005967
-0.0036849
-0.00529869
-0.0131247
1.9948
-0.388502
-2.62891
-0.740994
2.17317
1.6918
-1.58476
-1.32533
0.939961
1.39644
-1.08203
-0.49994
0.78825
0.0778324
-0.484154
0.155559
0.217201
-0.0952889
-0.0301196
0.05126
-0.0154324
-0.0147018
0.042601
0.0395621
-0.010447
-0.0293282
0.0150056
0.0454387
0.0258134
-0.0107408
-0.0096724
0.00113165
0.00158494
-0.00644935
-0.0074277
-0.00831224
-0.00823359
-0.0106087
-0.0103076
-0.00724956
-0.00784073
-0.011595
4.44952
-2.02489
-5.93793
-0.162744
5.13963
2.32993
-4.67173
-0.442885
1.84993
-0.0396906
-1.03877
0.932799
0.401552
-0.683923
0.0415162
0.380637
-0.0785381
-0.138706
0.0809273
0.062841
-0.0180939
0.0193613
0.0495792
0.00659706
-0.0491006
-0.0206893
0.044857
0.047893
0.00212369
-0.0178701
0.00577407
0.0134974
0.00233703
-0.00679427
-0.00451922
-0.00593987
-0.00907812
-0.0140763
-0.0146836
-0.0116527
-0.0108707
-0.00758382
4.02039
-1.77431
-6.92721
0.330914
6.06566
3.1307
-5.03706
-1.71747
1.84209
0.88385
-0.836242
0.429565
0.0147021
-0.380124
0.331678
0.0913002
-0.206666
0.0593453
0.139197
0.0122457
-0.0175113
0.0331725
0.0283294
-0.0255378
-0.0434068
0.0164371
0.0556846
0.0237066
-0.0205396
-0.00638913
0.0216139
0.0160051
0.00160685
-0.00168099
-0.000728995
-0.00420521
-0.00993818
-0.0156062
-0.017529
-0.0150881
-0.0118069
-0.00212979
-1.6036
-0.393343
-1.56568
3.41649
4.29216
-3.91078
-3.01935
1.75664
2.40605
-1.6455
-0.468323
0.786855
-0.272148
-0.0207686
0.257072
-0.172178
-0.0316288
0.142421
0.0383832
-0.0300238
0.0120834
0.0349918
0.00539446
-0.0235727
-0.000379795
0.0402831
0.0427263
0.00288547
-0.0204204
0.00807682
0.026769
0.0139485
0.00233951
0.00172436
-0.00158029
-0.00563929
-0.0118464
-0.0148788
-0.016705
-0.0139397
-0.00950686
0.000901841
-5.50423
1.40383
8.55403
0.595046
-6.59511
-1.71995
2.80738
3.44604
-3.42016
-0.621277
1.34211
0.130487
-0.615769
0.396186
-0.0323216
-0.135208
0.141715
0.0338455
-0.0510524
0.00198455
0.028615
0.0210436
0.00684214
0.0097941
0.0309569
0.0373961
0.0231133
-0.00798699
-0.00339168
0.0244777
0.0221263
0.00415708
-0.000587067
0.000393152
-0.00808056
-0.0101696
-0.0134117
-0.0122767
-0.011577
-0.00713588
-0.00306591
0.00327666
2.97181
-0.215856
-0.46735
-4.03492
-1.16742
3.39514
3.11349
-4.22291
-1.03161
2
0.900766
-1.45352
0.38198
0.314305
-0.244185
0.0830264
0.0671806
-0.10024
0.00588429
0.0542965
0.0187247
0.00399734
0.0209023
0.0384782
0.0384412
0.0220514
-0.0012666
-0.00448606
0.0196799
0.0302253
0.00772147
-0.00693535
-0.00357966
-0.00384938
-0.0167862
-0.0152215
-0.0121906
-0.00724111
-0.00468515
-9.0769e-06
0.0035871
0.00558074
2.10777
-3.02491
-3.20738
-0.0136971
6.59733
1.53736
-6.29971
-0.494258
3.6213
0.474949
-2.17069
0.367612
0.648793
-0.26876
-0.0143266
0.157895
-0.102393
-0.0361082
0.0893449
0.0289316
-0.0370158
0.00166051
0.0444953
0.0395697
0.0231373
0.00394354
-0.00649384
0.01089
0.0319866
0.0243255
-0.00429719
-0.010856
-0.00771831
-0.0129347
-0.0239485
-0.0161817
-0.00747707
-0.00138322
0.00194835
0.00467749
0.00675542
0.00638319
-4.36469
2.29204
0.616873
3.98877
1.66983
-6.57152
-0.888268
4.23054
1.30858
-3.62918
0.405378
1.38779
-0.25695
-0.472651
0.179994
0.038549
-0.0593058
0.135608
0.0277245
-0.133047
-0.0370654
0.0689142
0.0585515
0.0185624
-0.00589771
-0.00443363
0.00967798
0.0280385
0.0270074
0.00274742
-0.0167668
-0.0111237
-0.0136378
-0.0238346
-0.0233729
-0.00980241
-8.29283e-05
0.00416496
0.00588322
0.00507317
0.00507867
0.00543835
-5.94647
1.61449
6.93521
1.59086
-6.57358
-1.87207
5.25203
2.30375
-4.56229
-0.973316
2.13
0.706077
-0.962166
0.0223349
0.229272
-0.230448
0.0998352
0.19944
-0.08618
-0.231512
0.01939
0.137306
0.066694
-0.0426118
-0.030207
0.0139507
0.0253468
0.0174415
0.00274439
-0.0148009
-0.0158077
-0.00919873
-0.0187812
-0.0252875
-0.0117031
0.000832549
0.00732924
0.00722083
0.00470666
0.00050012
-0.000286021
0.00230496
-1.62707
1.29953
2.35292
-1.57768
-4.01868
2.29498
3.90143
-1.34054
-3.18671
2.05717
1.17132
-1.01657
-0.480531
0.374052
0.0985478
-0.330334
0.47185
0.182531
-0.478543
-0.00921931
0.00616724
0.128182
0.0277525
-0.0705397
-0.00646096
0.031051
0.0123175
-0.00895788
-0.0136816
-0.0110894
-0.00641697
-0.0114964
-0.0174754
-0.0109415
0.00528565
0.00986722
0.0119639
0.00726252
0.000359076
-0.00522333
-0.00513266
-0.00253538
5.54275
-1.67649
-0.753857
-5.54861
0.687363
4.53927
0.0396498
-4.21802
1.22572
2.17273
-0.792609
-1.10305
0.253904
0.349601
-0.39643
0.0188219
0.445705
0.114147
-0.234519
-0.165707
0.0589732
0.130941
-0.0299144
-0.0603723
0.0195552
0.0119782
-0.0139757
-0.0155074
-0.00687625
-0.0046867
-0.00891419
-0.0140917
-0.00265089
0.010281
0.0163776
0.0130356
0.0108972
0.00367961
-0.00413678
-0.00841769
-0.00815432
-0.00962013
4.00075
-2.49173
-6.66328
0.0730681
7.34141
1.74688
-5.79345
-0.472858
2.58994
0.894946
-1.60236
-0.143563
0.345397
0.258605
-0.657784
0.352497
0.525452
-0.143926
-0.229171
-0.168969
0.113946
0.129596
-0.0712168
-0.0308111
0.0118916
-0.0224037
-0.0141175
-0.000109942
-0.000300978
-0.010721
-0.0114118
-0.00125049
0.0163606
0.0208257
0.016391
0.0107586
0.00496972
-0.00215083
-0.00685437
-0.00797565
-0.00982998
-0.0178578
-3.50311
2.54734
1.36555
2.42481
1.18887
-6.10212
-0.317982
3.84311
0.229565
-1.72747
0.0526905
0.108125
0.0924862
-0.41677
0.314785
0.358026
-0.067069
-0.170017
-0.162281
0.0168456
0.237574
0.0305946
-0.103577
0.00212805
-0.0103089
-0.0150669
0.0114057
-0.00412214
-0.0254636
-0.0201543
0.0014475
0.0221872
0.0248329
0.0166252
0.0111364
0.00750691
-0.0015717
-0.00634883
-0.00638483
-0.00624657
-0.0117471
-0.0227581
0.752028
0.322877
2.07964
-3.19954
-2.3301
1.56106
1.74802
-0.375679
-0.286476
0.154587
-0.767435
0.124737
0.293794
0.113717
0.660397
-0.0982868
-0.347289
-0.240046
-0.0685931
0.243253
0.213933
-0.126326
-0.0605106
0.0259253
-0.0144911
0.0238742
0.00841038
-0.0350885
-0.030608
0.00123523
0.0154507
0.0173599
0.0105392
0.00976282
0.00983219
0.00472787
-0.00682551
-0.00697259
-0.00474009
-0.00746285
-0.0155482
-0.0215769
3.27262
-2.2901
-2.96872
-0.37517
3.76997
0.698618
-2.56648
0.259651
0.54869
-1.20856
0.212746
0.825606
-0.218171
0.512501
-0.131831
-0.298192
-0.0990862
-0.149959
0.0510226
0.354403
-0.0116196
-0.168164
0.0275223
0.00779178
0.0119626
0.0347854
-0.0192204
-0.0318426
-0.00142513
0.0172562
0.00188857
-0.00471739
0.000875869
0.00895558
0.00381662
-0.00291544
-0.00345491
0.0015636
-0.00442017
-0.0128597
-0.0189059
-0.015946
-3.07244
1.81426
0.588721
2.38384
-0.0316762
-0.542184
-0.179259
-1.77389
-1.41458
1.24683
1.54419
-0.147516
0.297666
0.0223623
-0.391639
-0.49217
-0.0388428
0.196374
0.217773
0.160505
-0.160652
-0.0667169
0.0530693
0.0127215
0.00434282
-0.00962337
0.00603978
0.0254552
0.0130692
-0.0195085
-0.0157459
0.00672512
0.0102557
-0.0018877
-0.0134568
-0.00641011
0.00478324
0.00661265
-0.00678303
-0.0158369
-0.0169702
-0.0107908
-1.04905
0.0113451
2.16299
-1.48982
-1.4209
1.78091
1.56127
-2.68102
-1.53043
1.98494
1.14447
-0.411533
0.270925
-0.305268
-0.405688
-0.350485
0.0877246
0.42728
0.115796
-0.0918938
-0.0994663
0.0270118
0.0571738
-0.00728565
-0.0646394
0.0104697
0.0804242
0.0300018
-0.0311842
-0.0336902
0.0149884
0.026571
-0.000592966
-0.0267135
-0.0179932
0.00379828
0.00757272
-0.00146785
-0.006309
-0.00921669
-0.00998754
-0.0116164
3.72794
-0.359208
-1.05472
-3.67068
-0.00646695
2.70786
0.486405
-3.68614
0.624954
1.88781
-0.334345
-0.0393105
0.275842
-0.313014
-0.372506
-0.253336
0.288897
0.380881
-0.0215408
-0.188803
-0.0375297
0.0758526
0.0522458
-0.048208
-0.0415247
0.0711208
0.0584823
-0.0186229
-0.0344458
0.0132896
0.0282498
0.00447355
-0.0216536
-0.0145422
0.00439502
0.000379379
-0.0101879
-0.0107738
0.00184441
0.000916489
-0.00209998
-0.0118611
4.89889
0.0216112
-4.10836
-1.93972
1.48671
2.20504
-0.371
-4.11651
1.17427
1.88501
-1.14263
0.0951095
0.283977
0.00896489
-0.0201072
-0.374241
0.402036
0.306509
-0.298962
-0.110193
0.101965
0.0533943
-0.0168744
-0.0417393
0.0319567
0.0650248
0.00188313
-0.0192544
0.00893138
0.0354466
-0.000101148
-0.0306018
-0.0183652
0.0106151
0.00976145
-0.0161484
-0.017643
-0.00612386
0.00770737
0.0053708
0.00276024
-0.00710741
5.72
-1.10667
-6.39135
-0.0620257
2.36839
3.37841
-1.20456
-4.33582
1.36808
1.8907
-1.26695
0.230723
0.175653
-0.0343856
-0.521558
0.184969
0.607358
-0.189028
-0.454749
0.0816441
0.242892
-0.0514734
-0.0722783
0.0202517
0.0462921
-0.00226187
-0.0293054
0.0173335
0.0434811
0.0218607
-0.0343212
-0.0345355
0.00570087
0.0172621
-0.00390437
-0.0220614
-0.0106261
7.19585e-05
0.00184854
0.00308274
0.00625948
0.00488199
2.37318
-3.12721
-3.04024
1.41245
3.95474
0.94481
-5.9206
2.02736
2.72932
-0.65083
-1.38023
0.624001
0.236006
-0.688338
-0.655793
1.04521
0.863563
-0.867343
-0.725101
0.495638
0.314347
-0.244802
-0.0582725
0.0972522
0.0216696
-0.0507512
-0.0228502
0.0406425
0.0460381
-0.0032915
-0.0436892
-0.0149182
0.0174753
1.77435e-05
-0.0230931
-0.0138411
0.000749426
0.00347448
-0.00406819
0.0016159
0.0087135
0.0152334
-2.57582
0.555016
-0.928267
1.38077
2.69118
-5.48971
0.107222
5.99584
2.53143
-3.60068
-0.466841
-0.265173
-0.364403
-1.09666
0.475732
2.18575
0.339512
-1.88819
-0.776677
1.12029
0.251289
-0.419118
-0.0328557
0.130541
0.0121046
-0.0596172
-0.017186
0.0362692
0.0302477
-0.0203995
-0.0289163
0.00830149
0.0112884
-0.0176185
-0.0241316
-0.0040963
0.00448739
0.00152573
-0.0044232
0.00383465
0.0105273
0.0157802
-5.54999
-0.459899
0.141793
4.75706
1.16638
-2.98853
1.14463
2.79547
0.69187
-2.05589
0.574492
-0.0526267
-2.40203
-0.252416
1.63247
1.43981
-0.324884
-1.55032
-0.378978
1.03073
-0.0534142
-0.294112
0.0452628
0.0808833
0.0106567
-0.0374988
-0.0138049
0.024882
0.0168985
-0.019772
-0.00866582
0.0150203
0.00936519
-0.0177252
-0.0178171
0.000568658
0.00167733
-0.00269609
-0.00333015
0.00460845
0.00946643
0.0129302
-6.72146
-0.788193
6.38968
1.76014
-2.76976
-1.96499
1.9859
3.61532
-1.87291
0.155656
0.714675
-1.67647
-1.30807
0.341341
1.1689
0.145271
-0.0536322
-0.57734
-0.0135292
0.27679
-0.0730787
-0.0396138
0.00347959
0.0469859
0.0288914
-0.0409047
-2.65907e-05
0.0386519
0.0225169
-0.0118075
-0.00840498
0.00901465
0.00506662
-0.00661773
-0.00284444
0.0046219
0.00275387
-0.00238573
-0.000645305
0.00450338
0.00483552
0.00693595
1.87973
1.17756
0.554565
-2.88176
-2.15386
1.55022
2.25549
-1.63386
-2.58659
1.83977
0.452928
0.00722192
0.246081
-0.407323
0.207409
0.11127
-0.476148
0.00177566
0.301281
-0.0481639
-0.0501751
0.0279764
0.0203341
0.0131924
-0.0321968
-0.0245502
0.042782
0.0427542
-0.000243192
-0.0196912
-0.0108898
0.00959086
0.00735321
0.00324771
0.0086956
0.0125521
0.00813524
0.000392446
0.00121444
0.00271657
-0.000172861
0.0027299
3.40264
0.00357257
0.889654
0.219915
4.11812
0.395183
-8.87116
-3.51122
1.00788
0.375994
0.628772
1.85055
2.69525
-1.00395
-1.06711
-0.302887
-0.608464
0.657806
0.455598
-0.354113
-0.0440953
0.0635219
-0.0380498
-0.0216103
-0.00555613
0.00926799
0.0241371
0.0154037
-0.000346126
-0.00803272
-0.00850682
0.00561544
0.0104574
0.0129296
0.0173549
0.0192649
0.011316
0.000935464
0.000120053
-0.00184222
-0.0045634
-0.000136745
-1.84645
5.29981
6.87655
3.63783
-2.26798
-9.75104
-2.36065
-0.567267
-3.50112
0.183753
2.49249
4.60128
2.26083
-2.0507
-1.7051
-1.48244
-0.00471854
2.03854
-0.293654
-0.64889
0.117249
0.0533991
-0.00323758
0.0396718
-0.00641323
-0.0398094
-0.0116358
0.00630324
0.00106083
-0.00496988
-0.00105407
0.00627481
0.0112705
0.0158568
0.0190608
0.0162285
0.00904086
0.00385103
0.00290769
-0.00390864
-0.00631571
-0.00313879
4.57925
4.40775
2.79905
1.31489
-1.93035
-4.58793
-2.88515
-7.9318
-1.10559
0.863766
6.25563
4.94809
0.668948
-3.14877
-2.31018
-1.9439
2.15836
2.28321
-2.05012
-0.304736
0.47132
-0.142652
-0.0663268
0.0901415
-0.0101454
-0.0782907
-0.000205499
0.0189293
-0.0171105
-0.0189256
0.00361115
0.00687891
0.00823981
0.00940043
0.00999123
0.00722228
0.00647395
0.0080554
0.00650264
0.00146762
0.00315534
0.00437297
4.39128
-0.21533
-1.46309
0.485612
3.04718
0.900737
-8.03372
-3.29675
0.460663
2.57514
1.83872
1.75302
0.771976
-1.98047
-2.51207
-0.257367
2.53968
-0.69508
-0.734508
0.521881
0.157774
-0.422382
0.130047
0.173616
-0.132073
-0.121661
0.0301173
0.0412079
-0.0246764
-0.0304643
-0.00204227
0.00701132
0.00713407
-0.00201157
-0.00445491
0.00171417
0.00784872
0.0105526
0.00743449
0.00830364
0.0134102
0.0131089
-5.52208
-2.57697
0.784036
2.86965
2.50637
-1.87478
0.447123
4.94891
2.85188
-3.01391
-2.86729
-0.887479
0.52741
-0.106869
0.0331083
1.9993
-0.955012
-1.19195
1.1271
0.714962
-1.20973
0.053164
0.258582
0.0407976
-0.200167
-0.0514152
0.0394029
-0.00114234
-0.0108219
0.00459825
0.00166059
-0.000276197
-0.00342702
-0.0161243
-0.0142441
0.00409259
0.00909169
0.00667092
0.00529088
0.0113188
0.0165293
0.016012
-5.65423
-3.59753
-1.94854
-0.0219074
1.29907
1.78597
10.2621
3.42566
-2.43897
-2.12314
-3.49518
-3.21083
0.337297
2.23546
2.29552
-0.0618496
-2.39604
0.515919
0.702948
-0.459981
-0.404621
0.34444
0.263888
-0.136959
-0.123587
0.0156958
0.0376232
-0.0243186
-0.0133472
0.00980722
0.00685203
-0.00738667
-0.0122847
-0.0156431
-0.0107298
0.0015315
0.00288681
0.00357892
0.0110639
0.0192857
0.022439
0.0224409
-2.6084
-2.9241
-1.14322
-0.44509
4.6421
3.43283
0.942442
-3.26594
-0.0190927
0.392351
-1.51954
-2.82207
2.09324
3.73257
-0.577331
-3.18222
-0.812175
2.52578
0.915458
-2.14243
0.260862
0.395896
0.261566
-0.265373
-0.112991
0.0548178
0.0526918
-0.0233202
-0.0229973
0.00179775
0.0024361
-0.0135972
-0.0168637
-0.00638479
-0.00053637
-0.00132768
0.000636907
0.00778067
0.0204841
0.0249952
0.023752
0.0226213
2.25369
5.26401
1.60262
3.98288
-0.377987
-4.88722
-10.4858
-1.59191
1.55085
4.07593
1.95876
0.678059
0.508604
0.34465
-2.73888
-2.00372
2.94193
0.691795
-1.81154
0.0541361
0.598365
0.345122
-0.184046
-0.258977
0.0356717
0.0773604
-0.00250552
-0.0421051
-0.0100096
0.0124749
0.00444844
-0.00690403
-0.00335015
0.00705832
0.00807366
0.00319283
0.00609172
0.0139047
0.0206643
0.0182753
0.0142627
0.0116796
1.6704
6.04707
10.2526
1.18002
-6.3442
-13.1832
-5.27638
-0.463747
1.00772
4.08555
6.88805
1.19009
-4.02042
-2.55086
-1.2676
2.22802
1.12526
-1.24739
-0.340685
0.502223
0.195842
0.00470614
-0.183645
-0.0763744
0.0514636
0.0400181
-0.00826363
-0.0036692
0.0153714
0.0213292
0.0112987
0.00210826
0.00831985
0.0137378
0.0130738
0.011939
0.0145188
0.0176918
0.0148014
0.00945142
0.00396515
0.000813253
6.65077
5.827
3.80745
-1.4041
-11.2707
-1.5104
-3.76261
-2.07502
-0.189149
4.79927
7.41915
-0.538072
-4.2262
-3.86974
-0.109677
4.69569
1.07409
-3.17498
0.133316
0.479063
-0.109803
-0.219446
0.0208762
0.0512408
-0.0228913
0.000852865
0.0206725
0.00813344
0.00942869
0.0119733
0.00366483
-0.00107251
0.00692277
0.0108492
0.0130216
0.0216682
0.0228275
0.021401
0.0114938
0.00256928
-0.00187275
-0.00333352
9.15837
0.13289
-3.34611
-4.66663
-1.86312
0.666819
0.144386
-2.01864
-0.035165
4.32821
2.50632
-1.95586
-2.74824
-1.86372
2.84114
1.70642
-2.07141
-0.234321
0.52749
-0.157458
-0.153204
0.0236292
0.0494546
-0.0118842
-0.00230507
0.0213053
0.00738258
-0.0190615
-0.00443338
0.0041616
-0.00517039
-0.00160406
0.00927324
0.0110263
0.0108443
0.0229484
0.0250576
0.0193816
0.00541768
-0.00385691
-0.00618777
-0.00606852
0.244401
-1.11126
-5.78397
0.777458
1.78357
6.83745
2.46836
-4.09778
-0.299534
-0.322156
-1.46192
0.191077
2.24755
0.311295
-1.65143
0.0575868
0.792975
-0.138152
-0.370073
0.00114639
0.104967
0.0215045
-0.0685975
-0.0630369
0.133659
0.0162401
-0.0558861
-0.0274788
-0.000841656
0.00153503
-0.0158067
-0.00184781
0.012211
0.0106117
0.0075378
0.0206112
0.0224519
0.0136418
0.00022705
-0.0048127
-0.0039001
-0.0028042
0.329457
-3.98482
-3.13842
0.252909
10.7285
3.37819
-0.514137
-9.56262
-0.314939
-0.688545
-0.593927
4.72521
3.12412
-4.30673
-2.84499
2.76733
0.818194
-1.50741
-0.275074
0.549833
0.307095
-0.0234602
-0.262542
-0.0439285
0.139053
0.00602694
-0.0846253
-0.00948006
0.000488913
-0.00201272
-0.016066
0.000693327
0.00573968
-0.000598322
0.000848763
0.0163709
0.0169916
0.00862371
0.000324078
0.000861517
0.00387098
0.00520263
-0.993459
5.71418
6.31902
1.35142
-7.65999
-3.33801
-1.82598
-2.871
0.0523169
1.64394
4.7225
3.46224
-2.6622
-4.82571
-0.121799
3.37297
0.0881572
-1.84545
0.303852
0.476499
0.255848
-0.153404
-0.309861
0.0286014
0.116513
-0.0140996
-0.0770374
0.0175669
0.00469099
-0.00809437
-0.012651
-0.00123236
-0.00467558
-0.00904367
-0.00345166
0.00738798
0.00702614
0.00175232
0.000105313
0.00363317
0.00634099
0.00722669
12.526
5.10491
-0.873052
-5.62595
-2.58543
-7.89809
-7.99712
0.261968
4.47276
10.2434
1.69276
-4.25084
-5.05029
-1.10655
4.91367
-0.500108
-1.43776
0.126621
0.503446
0.189027
-0.019593
-0.185087
-0.166778
0.0506804
0.0650885
-0.0490553
-0.0284651
0.0482414
0.0181904
-0.0155478
-0.00540951
-0.0140601
-0.0172613
-0.00853856
-0.000391338
0.00178062
-0.000345571
-0.000508253
0.0023592
0.00409154
0.00546692
0.0076116
3.83706
3.34615
-0.701411
-2.47013
-3.03046
-4.14086
-2.76488
0.71922
8.56153
3.03059
-2.03561
-6.64621
-2.66654
6.03099
2.12451
-3.04316
-0.86428
1.07957
0.0292901
-0.15142
-0.0910262
-0.0317467
-0.010027
0.00340175
-0.0467901
0.0175908
0.0521517
0.0350402
-0.0123639
-0.0306084
0.0140352
-0.0200845
-0.0183201
0.00104343
0.00475351
-0.00291948
-0.00386801
0.000977898
0.00638691
0.00740019
0.00804271
0.0101018
-2.78852
-0.284869
1.01464
-0.070805
-2.2623
-0.36261
2.8761
4.46167
-0.506812
-1.20931
-2.1867
-4.00823
3.07913
4.49207
-3.37144
-1.97679
1.98715
0.615713
-0.479353
-0.167515
0.0508337
0.0698619
0.00257806
-0.0527037
-0.0552576
0.0614213
0.0618649
-0.00349765
-0.0215041
-0.0134405
0.0192627
-0.00715762
-0.00747018
0.00303654
0.000191621
-0.0092568
-0.00448618
0.00139936
0.00328886
0.00260882
0.00304349
0.00532124
-5.69103
-2.82131
-1.09326
-0.553628
7.31012
2.17853
7.26487
-2.53233
-4.39214
-2.70829
-2.55141
-0.334761
7.86953
0.733684
-5.1687
-0.00908203
2.03272
-0.656943
-0.213741
0.0988745
0.0828476
-0.00745663
-0.00611649
0.0325263
0.0199543
0.0384418
0.0267024
-0.0144581
-0.0195306
-0.0101467
0.012059
-0.0016107
8.4918e-05
-0.00612839
-0.00440718
-0.00278721
-0.00104914
-0.00235225
-0.00683429
-0.00731463
-0.00571926
-0.00209287
-6.90969
-4.0034
-0.896502
3.00692
1.99321
10.8098
4.05543
-3.09401
-7.77854
-4.75652
-0.0263287
7.59535
3.43422
-6.59633
-1.55178
3.6284
1.03687
-1.30045
0.00927979
0.107731
-0.0078625
-0.0782539
0.0308103
0.0560346
-0.0100037
0.00629773
0.0272288
0.00193231
-0.0399589
-0.0393764
-0.00703529
0.00178016
0.00916149
0.00281716
0.00188339
0.00460474
0.00180856
-0.00213929
-0.00861378
-0.00754042
-0.00372376
0.00179504
-6.86037
-0.72593
-1.19907
0.951901
8.46799
5.42578
0.445909
-4.43539
-6.74716
-2.59814
4.79266
5.55829
-4.08968
-3.58716
2.10831
2.31483
-1.11303
-0.298846
0.0990305
-0.0716494
-0.0821549
0.0718704
0.129829
-0.0816105
-0.15033
0.0864502
0.0519532
-0.0121767
-0.0378827
-0.0285946
-0.0419377
0.0274342
0.0277569
0.0104005
0.00107373
0.00053768
-0.00265703
-0.00524978
-0.00688285
-0.00472382
-0.00148094
0.00232478
0.656129
1.92371
2.48944
0.424784
-1.2176
-1.70253
-6.51397
-0.134029
1.19549
3.11568
5.15122
-2.43429
-5.17689
0.727513
3.2442
-1.06052
-0.362188
0.229198
-0.336142
-0.161729
0.127367
0.297921
0.167066
-0.354694
-0.143722
0.111637
0.0662885
-0.0523003
-0.0188713
0.0169484
-0.01111
0.0307786
0.017946
0.00531494
-0.00326894
-0.00495318
-0.0062457
-0.00688326
-0.003721
-0.00452325
-0.00580363
-0.00864878
6.86737
6.12363
3.66435
-4.84982
-12.7862
-6.34543
-0.881907
3.62453
8.1435
4.1913
-3.07758
-5.56417
-1.93773
5.59748
-0.826243
-1.20202
0.456029
-0.106848
-0.328317
0.0596271
0.258806
0.24752
-0.0117645
-0.362291
-0.0414905
0.0739012
-0.00665424
-0.0414678
0.0198166
0.0531279
0.0224697
0.0059905
-9.89462e-05
0.00639734
0.00114497
-0.00414838
-0.00305056
-0.000183953
0.00431862
-7.04826e-05
-0.00465712
-0.0120886
16.4195
-0.849061
-5.28198
-5.4222
-4.82404
-7.35202
0.605573
6.42337
9.16677
-1.03434
-7.11644
-4.60229
3.79705
3.8557
-2.6406
-0.702978
0.888699
-0.232109
-0.0905564
0.0767278
0.139563
0.087841
-0.0967708
-0.188041
0.00369072
0.0396899
-0.0755808
-0.00266807
0.0626192
0.066801
0.0393486
-0.00191684
-0.00836699
-0.00128201
-0.000569572
-0.00263232
0.00277716
0.00677966
0.00782345
0.00254465
-0.00224638
-0.00809465
7.80882
-0.172852
-3.21889
-3.63668
-0.930751
-2.46553
-0.289909
7.1916
4.37502
-2.55058
-7.64525
-2.07638
7.61823
0.786059
-3.56498
0.383966
0.704896
-0.33657
-7.00552e-05
0.139683
0.0884876
-0.0760137
-0.273566
0.0758667
0.155954
-0.00645935
-0.108537
0.0109781
0.0640013
0.0530302
0.0264986
-0.0042989
-0.00265168
-0.0184027
-0.00302883
0.00447818
0.00638183
0.00623213
0.00214719
-0.00158343
-0.00447568
-0.00419364
-4.44575
3.42793
-0.274644
-1.49936
0.607585
0.740073
2.00599
2.61941
-0.214582
-3.72491
-4.55898
4.16948
4.56588
-4.07679
-1.07919
1.86109
-0.399207
-0.209244
0.390887
0.311691
0.0792276
-0.326622
-0.296605
0.210688
0.249615
-0.0560087
-0.0776985
0.0135084
0.02625
-0.00268528
-0.002057
-0.0166804
-0.00700788
-0.00736677
0.00595275
0.00918982
0.00571511
0.00432372
-0.00102782
-0.00221803
-0.00116017
0.00681889
-6.10082
-2.13692
2.69535
1.21062
2.78719
5.31807
1.38002
-3.68998
-3.32407
-2.8882
-0.391301
6.93441
-0.69388
-3.25157
0.934911
0.847728
-1.00041
0.2087
0.422453
0.24788
-0.188971
-0.336202
0.0665992
0.125556
0.0539027
-0.0360025
0.0143566
0.0148894
0.0105382
-0.0267733
-0.0520137
-0.0181412
-0.000769899
0.0042192
0.00126941
0.0016157
0.00376208
0.00445001
-0.000651807
0.00106482
0.00693389
0.0185699
-4.74802
-5.15407
-1.72425
8.07869
2.3036
7.36772
-0.719015
-5.99193
-3.82348
-1.38575
2.87503
4.40069
-2.77754
-1.33541
1.24499
-0.477994
0.0543198
0.459056
0.108774
-0.210966
-0.27875
0.126466
0.248596
0.0242922
-0.171042
0.0131997
0.0624552
0.0334314
0.00588825
0.000645559
-0.0674225
0.00348444
-0.00267373
-0.00171236
-0.00650122
-0.00720709
-0.00139864
0.00104704
-0.00161382
0.00157676
0.00822904
0.0142179
-4.45072
-2.78672
-0.644284
3.56212
3.70675
4.88672
-1.463
-4.05983
-1.82944
-0.92697
2.48483
2.74076
-2.23456
-0.663153
0.308777
-0.0382462
0.559915
0.0586542
-0.353526
-0.347871
0.0722218
0.287474
0.212903
-0.154273
-0.152043
0.0743875
0.0409715
0.00869012
0.00839109
0.0135908
-0.0236383
-0.000334924
-0.00385422
-0.00884619
-0.00985816
-0.00614505
-0.000121825
0.00228771
0.00314452
0.00271253
0.00632896
0.00701291
-5.17796
-2.28244
-0.14655
2.62586
4.02245
5.28539
-2.82887
-3.18846
-1.76823
-0.687425
3.77075
1.56728
-2.48198
-0.639825
0.431916
0.678071
0.151525
-0.338888
-0.519673
-0.0771284
0.270466
0.293977
0.0171407
-0.252971
-0.00970108
0.0571638
-0.0494185
-0.0121962
0.0267745
0.0210741
0.00421394
-0.00551976
-0.00588699
-0.00710316
-0.00225292
0.00260878
0.0103584
0.0106241
0.0053351
0.00526181
0.00888947
0.00941032
-6.03472
-5.53884
0.521067
5.56703
8.44935
2.86617
-2.3007
-7.02327
-2.35194
2.63472
4.96481
-1.52029
-2.21163
0.28928
0.405575
0.648248
0.0148967
-0.766818
-0.185882
0.132551
0.304147
0.203821
-0.246249
-0.154475
0.0382651
0.0449262
-0.0249779
-0.000556629
0.0134927
0.00461118
0.0213618
0.000377038
-0.00497151
-0.00326315
0.00187813
0.0138907
0.00726019
0.00531768
-0.00105222
0.00564821
0.006141
0.00394655
-7.10259
-2.01169
0.86128
6.36402
5.95496
1.46834
-2.83505
-6.40453
-1.43375
5.48548
2.29208
-3.64639
-1.3256
1.14749
0.776185
-0.0449901
-0.589287
-0.485178
0.106423
0.321379
0.245866
-0.0502327
-0.250725
0.051034
0.0403771
-0.0458065
0.0176575
0.000462094
-0.0140435
-0.0127291
0.0339641
0.0181586
0.00311257
-0.00994267
-0.00837799
0.00270974
-0.00463811
0.00495642
0.00936048
0.00879435
0.00205202
-0.00167467
-4.19682
0.583435
2.8461
1.81054
2.11088
-1.28709
-1.51458
-2.45551
-0.548863
5.38669
-0.402561
-3.53607
-0.0865113
1.43673
0.277569
-0.597855
-0.552437
0.138553
0.258379
0.230316
-0.00549429
-0.263754
0.0577573
0.145667
-0.0339425
-0.13473
0.0250012
0.0173458
-0.00998449
-0.0115133
0.00929273
0.0108461
0.0143796
0.0166839
0.00864963
-0.060523
0.0108134
0.0234162
0.0211144
0.0151421
0.00824386
0.00543932
-1.05689
1.02394
3.53867
-1.94342
1.68402
-3.69171
-0.0101218
-0.565507
-0.541171
4.40287
-0.623514
-2.97346
0.137381
1.76642
-0.191965
-0.922348
-0.0282188
0.472321
0.21916
0.0376772
-0.252421
-0.17002
0.111263
0.103458
-0.123031
-0.069396
0.0813426
0.0339456
-0.0252294
-0.0234816
0.00569334
0.0125643
0.00641385
0.00672868
0.0124537
-0.0546895
0.0221405
0.0176129
0.0199656
0.0141846
0.00765173
0.0059948
-0.729277
0.755303
2.77182
-1.5235
1.39264
-3.12719
-0.0135929
-0.790176
-0.246549
4.31387
-0.338656
-2.82863
-0.0930399
1.86771
-0.378029
-0.934222
0.0859996
0.526289
0.253756
-0.0362998
-0.31714
-0.0719965
0.0652081
0.00287102
-0.0970546
0.0111723
0.103245
-0.0185555
-0.0367072
-0.00364746
0.0153236
0.00440509
-0.00697177
-0.00131623
0.00314883
-0.0158099
0.00938132
0.00995587
0.0127745
0.00436357
-0.000937782
-8.6334e-05
-2.40364
-0.067244
1.12674
0.970338
1.47202
-0.928137
-0.371098
-1.5986
-1.02884
3.45047
0.916634
-2.26485
-0.0567765
1.59914
-1.15477
-0.698658
0.464551
0.571708
0.223918
-0.174791
-0.420469
0.0286624
0.109094
-0.0526781
0.00984064
0.0639373
-0.00678201
-0.0947345
-0.0182412
0.0251161
0.0117325
-0.00463988
-0.00783147
-0.00470285
-0.000835483
0.00972645
0.0096344
0.0122923
0.0117197
0.00439468
0.00356958
0.00708121
-3.90461
-0.896331
0.0509897
3.59397
3.65515
0.598833
-1.48345
-4.07831
-1.38947
3.32851
2.45317
-1.98138
-0.244589
1.30048
-1.40728
-0.4488
0.924708
0.200215
-0.0248096
-0.475453
-0.215346
0.204326
0.194859
-0.0755398
0.0688076
0.0286808
-0.1343
-0.0704517
0.01204
0.0430415
0.0137155
-0.00256689
-0.00732164
-0.0138515
-0.00895756
0.017011
0.00988561
0.00919727
0.00633387
0.00389496
0.00612502
0.0106497
-7.18361
-1.90837
1.33091
7.36279
4.9308
0.586566
-3.55136
-6.02879
-1.51784
5.39858
2.39411
-2.71868
-0.314428
0.739225
-0.863767
0.0761147
0.458259
0.020717
-0.386647
-0.405226
0.150618
0.253752
0.136546
-0.0126551
0.0781966
-0.120281
-0.161662
0.0203493
0.057591
0.0382403
0.0152266
0.00328902
-0.00730713
-0.0100761
-0.00947532
0.00896299
0.001693
-0.00187109
-0.00558927
-0.00578601
-0.00464707
-0.00211841
-6.14441
-1.03986
3.66602
4.83439
2.47053
-0.721641
-2.80166
-4.86574
-0.353411
6.91301
-0.574274
-3.20359
0.553432
0.0747832
-0.48849
0.628499
0.0262613
-0.322561
-0.459925
0.14782
0.312266
0.219975
-0.115781
-0.068312
0.0323634
-0.118161
-0.011244
0.0319114
0.0219977
0.0139933
0.0123291
0.00741726
-0.00537015
-0.00750345
-0.0039969
0.00858532
-0.00115041
-0.00741571
-0.00959623
-0.00647291
-0.00314827
-0.00359335
0.0103918
0.251673
2.06144
-0.925992
1.50611
-2.36673
-1.19914
-1.94628
1.46909
5.07862
-2.48512
-3.09934
1.30732
0.0386127
-0.15295
0.446282
0.0227167
-0.623035
-0.0323917
0.359847
0.346968
0.0843396
-0.305263
-0.146521
-0.0859707
0.101036
0.0460819
0.0277223
0.00635
-0.0023742
0.00836299
0.00845421
-0.00316603
-0.00140629
0.000253073
0.000165308
-0.00337146
-0.00183859
0.00378403
0.00329075
-0.00632226
0.00232368
2.93525
2.91708
0.499034
-1.41236
-4.46833
-3.31397
0.792599
0.985936
2.71243
2.7768
-3.31315
-2.17408
1.81657
-0.315513
0.0158436
0.450235
0.0300005
-0.628915
0.0663786
0.337429
0.290348
-0.0517108
-0.31125
-0.0761288
-0.0817405
0.180143
0.12057
0.0143836
-0.0314085
-0.0148892
0.0189121
0.0157722
0.00199971
0.00194346
-0.00272301
-0.0192523
-0.0107368
-0.00608559
0.00121217
0.00184765
-0.0110787
0.00543864
3.50733
3.84066
-0.0643927
-3.30102
-7.48068
-0.869834
2.05593
1.62192
2.1381
1.40612
-2.81785
-0.952822
0.978704
-0.177763
0.727758
0.123165
-0.484022
-0.349379
0.166431
0.281671
0.185073
-0.245791
-0.167101
0.0329842
0.0280332
0.110309
0.0837474
-0.0557663
-0.0564365
-0.00301532
0.0203076
0.00527519
-0.0061672
-0.00418099
-0.00709483
-0.0185255
-0.0106711
-0.00974856
-0.00370895
-0.000986529
0.00118648
0.00163789
1.30859
1.04764
0.470272
-2.15268
-0.758799
-1.91823
0.647632
0.36932
0.927727
2.16136
-1.29308
-1.25277
0.521643
0.430746
0.378357
-0.38121
-0.361556
0.0144096
0.148232
0.160329
-0.0123144
-0.272976
0.0171592
0.0790747
3.25324e-05
0.0353953
0.0277722
-0.0848893
-0.0510538
0.00950592
0.0197825
0.00392415
-0.00935315
-0.0141326
-0.0107545
-0.00324157
-0.00419981
-0.000526851
0.0072188
0.00962449
0.0134741
0.00945216
-0.381961
-0.229605
0.707997
0.530087
1.35944
-1.82606
-1.16244
-1.6374
1.76864
3.87953
-1.78382
-1.93197
0.788134
0.737643
0.130466
-0.582072
-0.298331
0.058561
0.13631
0.0860206
-0.147184
-0.0962004
0.145415
0.11452
-0.0456924
-0.0750002
-0.0750498
-0.0238105
0.0211606
0.0311211
0.0077002
-0.0195166
-0.0277439
-0.0160328
-0.00312997
0.000176853
-0.00207134
0.00517969
0.0124279
0.0146643
0.0162679
0.0196771
2.00962
1.0944
0.0519609
-0.585107
-2.41068
-2.49754
-0.504258
0.239492
3.99977
2.10467
-3.24716
-1.72479
1.70792
0.629073
-0.610001
-0.368316
0.0720305
0.0369283
0.0275131
-0.127165
-0.177792
0.203078
0.225125
0.115996
-0.112781
-0.204349
-0.0114651
0.0499006
0.0521731
0.0172027
-0.0219999
-0.0382957
-0.0226244
0.00837196
0.00419136
-0.0095532
-0.0065167
0.00571317
0.00855497
0.00954603
0.00937073
0.0125549
3.07377
4.32722
2.0186
-6.71315
-6.86001
-1.03595
1.45289
3.19577
4.33502
-1.33541
-3.50323
-0.0711858
2.30999
-0.436395
-0.379884
0.0970965
-0.0622113
-0.119928
-0.103858
-0.0244394
0.0701222
0.164517
0.132127
0.0189897
-0.121884
-0.111234
-0.0110901
0.0315566
0.0312372
-0.000262737
-0.0385358
-0.0318703
-0.00117331
0.0163474
-0.00238516
-0.00569008
0.00375778
0.0058657
0.000922419
5.06368e-05
0.00386347
0.00205923
7.41862
3.23303
-1.26664
-6.95816
-6.69055
-0.944517
2.51439
5.85279
1.84018
-3.83652
-2.61149
2.05695
1.55166
-1.17239
-0.481865
0.644395
0.161638
-0.0457619
-0.216701
-0.17284
0.0849142
0.149255
0.059969
-0.0602539
-0.106604
0.01037
-0.00210842
0.0124735
0.00375954
-0.0213806
-0.0329528
-0.00243902
0.0147491
0.00560664
-0.006381
0.00486337
0.0106279
0.00303603
0.00396052
0.00772067
0.00983373
0.0121757
9.5394
0.354965
-1.82686
-6.23283
-4.30824
-1.69701
2.53916
6.22266
0.319584
-4.40978
-2.30222
2.93452
1.14741
-1.975
-0.544692
1.20409
0.249007
0.047877
-0.361001
-0.23791
0.127326
0.13911
-0.0324899
-0.0606655
-0.0332551
0.0398443
0.0341133
0.0286921
-0.0117213
-0.0255453
0.0047452
0.0333606
0.0258085
0.00333602
0.00672493
0.013697
0.00907246
-0.00106558
0.00192731
0.00499633
-0.000770813
0.00273967
6.80622
0.681918
-0.857352
-4.7674
-2.80333
-2.17553
1.18665
3.78925
1.11728
-2.47715
-1.77626
2.54666
0.372201
-1.80142
-0.493676
1.29257
0.125799
0.0350303
-0.473434
-0.0510623
0.142268
0.0556463
-0.120896
-0.00407088
-0.0036413
0.0432176
0.0341038
0.0167652
-0.0183289
0.00380693
0.0287167
0.0257422
0.00922343
0.00175835
0.00431068
-1.98273e-05
-0.00475928
-0.00617266
-0.00680611
-0.00807556
-0.0115523
-0.0135111
3.39795
2.35576
-0.219642
-1.97376
-5.92687
0.141666
1.51862
0.219436
0.934412
0.865632
-1.34253
0.430619
0.0675755
-0.918872
0.0572542
0.848192
0.084909
-0.247811
-0.459251
0.112354
0.170463
-0.040297
-0.092497
0.0147539
-0.0076225
0.0720356
-0.00175329
-0.0264756
-0.0219828
0.0151061
0.0232872
0.0106693
-0.000786123
-0.00113388
0.0022983
0.00205739
-0.00171501
-0.00604018
-0.00462029
-0.00324211
-0.00234525
-0.00518296
-0.589255
-0.233816
-0.902831
0.840897
0.751462
0.25242
-0.657057
-1.37668
0.335415
1.57889
0.265398
-1.03555
-0.724415
0.488604
0.922639
-0.0358943
-0.528004
-0.441139
0.14643
0.230961
0.0715341
-0.150761
0.0137196
0.0335369
0.00544444
0.033961
-0.00746582
-0.00370164
0.0203581
0.0249521
0.0150464
0.00519931
-0.0035706
-0.00553502
-0.000620219
0.00238591
0.00172535
-0.000309341
0.0034849
0.00643155
0.00460699
0.00648394
-2.93563
-2.076
0.459137
1.92614
3.73266
1.39653
-0.916945
-2.83421
-0.968955
0.970461
1.78213
-1.22141
-0.760163
1.42771
0.125001
-0.388568
-0.493813
0.0319327
0.176256
0.128999
-0.136819
-0.0155957
0.0681602
0.00468022
-0.014328
-0.00322254
0.00392506
0.018398
0.0168272
-0.000891537
-0.00537144
-0.00579038
-0.00383183
0.00552958
0.00793024
0.00112527
0.00179806
0.00963824
0.00901976
0.00973826
0.00181199
0.00619517
-2.48565
-1.32954
0.0530462
1.86849
1.40174
2.26507
-0.928968
-1.28856
-0.886686
-0.742573
1.67964
-0.142948
-0.36136
0.89888
0.141523
-0.920185
-0.154132
0.331721
0.156121
-0.0502577
-0.157365
0.0747868
0.0710417
-0.0226481
-0.0255697
-0.0102853
-0.000655446
0.00677423
0.000512346
-0.00352374
-0.00492389
-0.0121139
-0.00895005
0.0015165
-0.00162294
-0.00711591
-0.00031275
0.00995178
0.00746455
0.00592488
0.0044428
0.00344067
-0.336912
0.161145
-0.568151
0.645452
0.310002
-0.199181
-0.0989798
1.53983
-0.188084
-1.46699
-0.33375
0.283714
1.29236
-0.0286841
-1.03746
-0.251448
0.517477
0.177936
0.0127412
-0.248895
-0.00527423
0.120318
0.0263363
-0.0460157
0.00100903
0.00558963
0.00581648
-0.00331266
-0.00860895
-0.00350714
-0.00657846
-0.0144532
-0.00719249
-4.11908e-05
-0.00407332
-0.00354477
0.0025013
0.00685071
0.00410546
0.00310063
0.00273494
0.000441158
2.95873
0.335572
-0.485361
-1.91054
-1.63557
-1.02084
0.867875
1.93999
0.686535
-0.758465
-1.20925
0.739896
0.631257
-0.75943
-0.413821
0.521999
0.225749
0.0855049
-0.104039
-0.11737
0.108433
0.0732308
-0.0360702
-0.0332199
0.0129079
0.00510328
0.00292658
-0.00702458
-0.00884925
-0.00406785
-0.00761805
-0.0108619
-0.00262261
0.000696824
-0.00275318
0.000414355
0.00258025
0.000778135
0.000236636
0.00234325
0.00475699
0.00731711
1.72873
0.994037
0.995513
-1.1682
-3.91695
-0.877078
1.89352
0.627396
0.161257
1.06113
-1.2769
0.125232
0.366677
-0.582489
-0.236835
0.600365
0.0351303
-0.0161448
-0.225228
0.0390995
0.111593
-0.00688654
-0.0413498
-0.0138704
-0.00280538
-0.0016855
-0.00367058
-0.00837837
-0.0115004
-0.010729
-0.0115082
-0.009866
-0.00332535
-0.00234052
-0.00345838
0.00141043
0.00327409
0.00199184
0.0033185
0.00526487
0.00579406
0.00668663
-1.56676
-0.645044
0.206303
1.75947
1.19981
1.03445
-0.804472
-2.43375
0.0872659
1.43099
0.095532
-0.178115
-0.271895
-0.295459
0.19305
0.219061
0.0118691
-0.106042
-0.138764
0.0506474
0.0440366
-0.0463722
-0.00390798
0.00120136
-0.0136873
-0.0128475
-0.0123837
-0.00826444
-0.00701326
-0.00981603
-0.0104482
-0.00491218
-0.0005666
-0.00263533
-0.00284562
0.00179796
0.00255762
0.00115109
0.0033124
0.00656949
0.00772352
0.00800061
)
;

boundaryField
{
    lateral_sides
    {
        type            empty;
    }
    outerwall
    {
        type            calculated;
        value           nonuniform List<scalar> 
214
(
-0.204791
-0.919988
-1.45578
-2.37365
-0.998689
0.32335
2.02215
1.6211
-1.57308
0.919973
1.48942
-1.18581
1.74374
3.21948
1.99026
-0.174071
2.63826
0.561956
2.83553
3.76853
-0.487505
-1.93624
3.25845
1.31247
1.89271
-1.07952
1.59916
1.27738
-1.8322
2.74522
1.44984
-3.18639
-1.63516
-3.09389
-3.09827
0.402586
4.22171
0.314119
-4.81893
-0.81085
4.44303
-1.10816
1.40322
3.28888
-0.619975
-3.91624
0.644546
6.21514
0.679321
4.9437
2.25152
2.41313
-2.18495
-3.75447
4.79329
3.68221
0.882991
-2.35272
-1.50896
-5.80737
5.37727
5.37335
9.46877
3.31196
-0.93145
0.351765
-3.56258
1.52155
4.46124
9.53065
6.26571
-4.83146
-6.47611
-5.99927
-1.7717
3.98474
7.10672
7.41656
-3.71382
-8.64029
-5.5446
3.64389
11.0302
2.91675
-9.65203
-2.21362
5.34404
8.38263
6.27
-4.43127
-9.8832
-2.53593
7.23511
7.96095
-6.91601
-5.50175
4.81466
9.90457
3.82194
-5.43129
-5.8389
3.01717
8.40481
3.40498
2.52658
2.49961
2.31848
-1.70158
2.84724
8.2944
-2.35717
-7.7911
3.73225
5.10607
-4.08091
-7.08394
0.180751
9.19605
1.71221
-3.27307
3.21204
-1.15593
-4.02244
4.29852
1.88978
-6.87968
1.96241
3.72357
-3.31458
-3.80186
4.99959
0.0018971
-2.49988
1.9948
4.44952
4.02039
-1.6036
-5.50423
2.97181
2.10777
-4.36469
-5.94647
-1.62707
5.54275
4.00075
-3.50311
0.752028
3.27262
-3.07244
-1.04905
3.72794
4.89889
5.72
2.37318
-2.57582
-5.54999
-6.72146
1.87973
3.40264
-1.84645
4.57925
4.39128
-5.52208
-5.65423
-2.6084
2.25369
1.6704
6.65077
9.15837
0.244401
0.329457
-0.993459
12.526
3.83706
-2.78852
-5.69103
-6.90969
-6.86037
0.656129
6.86737
16.4195
7.80882
-4.44575
-6.10082
-4.74802
-4.45072
-5.17796
-6.03472
-7.10259
-4.19682
-1.05689
-0.729277
-2.40364
-3.90461
-7.18361
-6.14441
0.0103918
2.93525
3.50733
1.30859
-0.381961
2.00962
3.07377
7.41862
9.5394
6.80622
3.39795
-0.589255
-2.93563
-2.48565
-0.336912
2.95873
1.72873
-1.56676
)
;
    }
    longitudinal_symmetry
    {
        type            symmetryPlane;
    }
    inlet
    {
        type            calculated;
        value           nonuniform List<scalar> 
42
(
0.0334639
0.000630409
-0.00950338
-0.0364508
0.000942295
-0.0687497
0.00141141
-0.00815145
0.0149947
-0.00870443
-0.00960746
-0.0191271
-0.0175201
-0.0115519
-0.00991553
-0.0101357
-0.00901549
-0.00870143
-0.00837168
-0.00797051
-0.00738052
-0.00696616
-0.00669702
-0.00625163
-0.00602803
-0.00501559
-0.00389878
-0.00289111
-0.001776
-0.000744911
0.000118196
0.000772469
0.00150076
0.00240729
0.00354856
0.00444614
0.00554093
0.00669491
0.00777942
0.00871881
0.00953714
0.00979325
)
;
    }
    outlet
    {
        type            calculated;
        value           nonuniform List<scalar> 
42
(
-1.56676
-0.645044
0.206303
1.75947
1.19981
1.03445
-0.804472
-2.43375
0.0872659
1.43099
0.095532
-0.178115
-0.271895
-0.295459
0.19305
0.219061
0.0118691
-0.106042
-0.138764
0.0506474
0.0440366
-0.0463722
-0.00390798
0.00120136
-0.0136873
-0.0128475
-0.0123837
-0.00826444
-0.00701326
-0.00981603
-0.0104482
-0.00491218
-0.0005666
-0.00263533
-0.00284562
0.00179796
0.00255762
0.00115109
0.0033124
0.00656949
0.00772352
0.00800061
)
;
    }
}


// ************************************************************************* //
