/*--------------------------------*- C++ -*----------------------------------*\
| =========                 |                                                 |
| \\      /  F ield         | OpenFOAM: The Open Source CFD Toolbox           |
|  \\    /   O peration     | Version:  2412                                  |
|   \\  /    A nd           | Website:  www.openfoam.com                      |
|    \\/     M anipulation  |                                                 |
\*---------------------------------------------------------------------------*/
FoamFile
{
    version     2.0;
    format      ascii;
    arch        "LSB;label=32;scalar=64";
    class       volScalarField;
    location    "0.013";
    object      Mach;
}
// * * * * * * * * * * * * * * * * * * * * * * * * * * * * * * * * * * * * * //

dimensions      [0 0 0 0 0 0 0];

internalField   nonuniform List<scalar> 
8988
(
0.468432
0.46875
0.469076
0.469273
0.46944
0.469584
0.469676
0.469774
0.469835
0.469875
0.469889
0.469912
0.469933
0.469954
0.469974
0.469997
0.470029
0.470071
0.470118
0.470167
0.470215
0.470261
0.470306
0.470353
0.470395
0.470443
0.470497
0.470559
0.470627
0.470696
0.47077
0.470847
0.470928
0.471009
0.471091
0.47117
0.471245
0.471315
0.471376
0.471426
0.471462
0.471479
0.466603
0.466924
0.467137
0.467637
0.4679
0.468396
0.468724
0.468925
0.46908
0.4692
0.46929
0.469378
0.469449
0.469506
0.469563
0.469636
0.469713
0.469798
0.469882
0.469969
0.470057
0.470144
0.470232
0.47032
0.470415
0.470534
0.470659
0.470785
0.470903
0.471015
0.471123
0.471222
0.471323
0.471422
0.471519
0.471617
0.47171
0.471796
0.471872
0.471933
0.471978
0.471998
0.46711
0.467463
0.467997
0.468354
0.468457
0.468527
0.46876
0.469011
0.469152
0.469359
0.469512
0.469649
0.469734
0.469854
0.469962
0.470063
0.470152
0.470233
0.470315
0.470398
0.470481
0.470566
0.470653
0.470742
0.47083
0.470919
0.471007
0.471095
0.471182
0.471273
0.47137
0.47147
0.471576
0.471686
0.471796
0.471906
0.472009
0.472097
0.472167
0.472223
0.472268
0.472271
0.467964
0.468403
0.468707
0.469077
0.469231
0.468996
0.469074
0.46919
0.469382
0.469499
0.469754
0.470028
0.47029
0.470489
0.470632
0.47074
0.47082
0.470892
0.470959
0.471031
0.471106
0.471187
0.47127
0.471355
0.471436
0.471511
0.471584
0.471661
0.471737
0.471815
0.471892
0.47197
0.472047
0.472125
0.472199
0.47227
0.472338
0.472398
0.47245
0.472499
0.472537
0.472521
0.468829
0.469142
0.46958
0.469914
0.469761
0.469764
0.469446
0.469553
0.469669
0.469797
0.470092
0.470519
0.47091
0.471203
0.47139
0.471513
0.471597
0.471669
0.471726
0.471788
0.471855
0.471931
0.472006
0.472082
0.472151
0.472215
0.472273
0.47233
0.472387
0.472443
0.472497
0.472546
0.472589
0.472628
0.472663
0.472697
0.472733
0.47277
0.472805
0.472845
0.472882
0.472862
0.469608
0.469956
0.470507
0.470551
0.470462
0.470338
0.470051
0.469993
0.470048
0.47023
0.470498
0.471032
0.471526
0.471916
0.472171
0.472331
0.472427
0.4725
0.472567
0.472632
0.472688
0.472751
0.472818
0.472885
0.472945
0.473001
0.473052
0.473099
0.473143
0.473187
0.473229
0.473266
0.473294
0.473314
0.473325
0.473329
0.473333
0.473339
0.473347
0.473367
0.473384
0.473344
0.470432
0.470777
0.471226
0.471488
0.47126
0.470991
0.470857
0.470504
0.470546
0.470628
0.470938
0.471474
0.472071
0.472546
0.472891
0.473122
0.473244
0.473333
0.473407
0.473486
0.473547
0.473602
0.473666
0.473732
0.473794
0.473853
0.473909
0.47396
0.474008
0.474052
0.474092
0.474125
0.474148
0.47416
0.474159
0.474148
0.47413
0.47411
0.47409
0.474089
0.474079
0.474034
0.47119
0.471564
0.47208
0.472415
0.471995
0.471757
0.471341
0.47116
0.470965
0.471063
0.471409
0.472005
0.472684
0.473216
0.47364
0.473919
0.474105
0.474214
0.474298
0.474393
0.474473
0.474533
0.474598
0.474667
0.474736
0.4748
0.474862
0.474921
0.474975
0.475022
0.475062
0.475095
0.475118
0.475129
0.475129
0.475117
0.475092
0.47506
0.475024
0.475007
0.474973
0.474924
0.47219
0.472587
0.47278
0.473144
0.472856
0.472452
0.471826
0.471539
0.471551
0.47182
0.472308
0.472925
0.473542
0.474066
0.474495
0.474805
0.47504
0.475188
0.475287
0.475389
0.475484
0.475553
0.475618
0.475691
0.475765
0.475834
0.475902
0.475967
0.476026
0.476078
0.47612
0.476153
0.476178
0.476193
0.476198
0.476192
0.476174
0.476145
0.476108
0.476095
0.476047
0.476008
0.473289
0.473582
0.474072
0.473964
0.473821
0.473346
0.472799
0.472345
0.472275
0.472625
0.473195
0.473823
0.47443
0.475006
0.475436
0.475783
0.476046
0.476249
0.476386
0.476487
0.476587
0.476667
0.476737
0.476808
0.476885
0.47696
0.477031
0.4771
0.477164
0.477219
0.477265
0.477302
0.477332
0.477354
0.477369
0.477375
0.47737
0.477355
0.47733
0.477334
0.477282
0.477266
0.474383
0.4747
0.475112
0.475306
0.474789
0.474311
0.473689
0.473299
0.473269
0.47367
0.47423
0.474848
0.475497
0.476046
0.476545
0.47691
0.477191
0.477423
0.477604
0.477717
0.477812
0.477897
0.477967
0.478035
0.478108
0.478183
0.478254
0.478322
0.478387
0.478445
0.478497
0.478541
0.47858
0.478614
0.478643
0.478665
0.47868
0.478687
0.478683
0.478712
0.478662
0.478678
0.475546
0.475914
0.476032
0.476189
0.475748
0.475242
0.47467
0.474453
0.474622
0.474961
0.475454
0.476096
0.476718
0.477245
0.477758
0.478157
0.478455
0.478705
0.478909
0.479041
0.479141
0.479226
0.479292
0.479355
0.479425
0.479496
0.479565
0.479632
0.479698
0.479761
0.479821
0.479877
0.47993
0.479981
0.480029
0.480073
0.480113
0.480147
0.48017
0.480226
0.480183
0.48023
0.476664
0.476892
0.477284
0.477175
0.476874
0.476393
0.475859
0.47564
0.475787
0.476229
0.476795
0.477432
0.478063
0.478613
0.479103
0.479512
0.479823
0.480086
0.480289
0.480431
0.480542
0.480626
0.480687
0.480749
0.480819
0.48089
0.48096
0.48103
0.481102
0.481175
0.481249
0.481323
0.481396
0.481469
0.481541
0.481611
0.481678
0.481743
0.481794
0.481875
0.481843
0.481917
0.47812
0.478303
0.478557
0.478463
0.47809
0.477365
0.476851
0.476512
0.476798
0.477459
0.478183
0.47889
0.479506
0.480058
0.480539
0.480931
0.481259
0.481524
0.481724
0.481882
0.482002
0.482089
0.482153
0.48222
0.482298
0.482379
0.482458
0.482538
0.482623
0.482711
0.482804
0.482899
0.482996
0.483094
0.483191
0.483288
0.483382
0.483477
0.483556
0.483661
0.483641
0.48373
0.478901
0.479165
0.479346
0.479326
0.478926
0.478396
0.478185
0.478144
0.478438
0.478996
0.479662
0.480325
0.480955
0.481521
0.482
0.482414
0.48276
0.48303
0.483249
0.483424
0.483554
0.483648
0.483722
0.483797
0.483888
0.483984
0.484079
0.484175
0.484277
0.484385
0.484498
0.484615
0.484736
0.484857
0.484979
0.485101
0.485219
0.48534
0.485444
0.485569
0.485562
0.48566
0.480272
0.480474
0.480677
0.480604
0.480016
0.479733
0.479337
0.479441
0.479821
0.480373
0.481054
0.481749
0.482418
0.483026
0.483544
0.483992
0.484356
0.484648
0.484891
0.48508
0.485227
0.48533
0.485413
0.485501
0.485608
0.485722
0.485836
0.485951
0.486072
0.486199
0.486331
0.486468
0.486609
0.486751
0.486894
0.487037
0.487173
0.487313
0.487435
0.487574
0.48758
0.48768
0.482096
0.482225
0.482529
0.482298
0.481825
0.481093
0.480559
0.480416
0.480834
0.481561
0.482402
0.483241
0.48401
0.484672
0.48524
0.485713
0.486093
0.486411
0.486668
0.48688
0.487036
0.487148
0.487242
0.487342
0.487463
0.487594
0.487725
0.487858
0.487996
0.48814
0.488289
0.488443
0.488599
0.488757
0.488915
0.489072
0.489219
0.489369
0.489501
0.489646
0.489663
0.489753
0.483842
0.48408
0.484341
0.484063
0.48334
0.482664
0.482084
0.481989
0.482321
0.483075
0.484015
0.484956
0.485807
0.486533
0.487138
0.487625
0.488027
0.48836
0.488625
0.488858
0.489014
0.489129
0.48923
0.489335
0.489463
0.489602
0.489745
0.489889
0.490038
0.490191
0.490351
0.490514
0.490681
0.490849
0.491017
0.491183
0.491337
0.49149
0.491625
0.491769
0.491794
0.491867
0.485847
0.485999
0.486021
0.485804
0.485224
0.484307
0.483883
0.48384
0.484338
0.485123
0.486061
0.487027
0.487898
0.488642
0.489251
0.489747
0.490156
0.490488
0.490761
0.491006
0.491166
0.491277
0.491375
0.491479
0.491605
0.491745
0.491891
0.492041
0.492195
0.492355
0.492519
0.492687
0.492857
0.493028
0.493197
0.493365
0.493519
0.493671
0.493803
0.493942
0.493973
0.494025
0.488146
0.48845
0.488447
0.48835
0.487541
0.486547
0.485922
0.485391
0.485934
0.486981
0.488135
0.489222
0.490138
0.490889
0.491494
0.492001
0.492411
0.492748
0.493039
0.493291
0.493465
0.493579
0.493671
0.493777
0.493899
0.494037
0.494181
0.494326
0.494475
0.494629
0.494789
0.494951
0.495117
0.495285
0.495451
0.495616
0.495769
0.495916
0.496046
0.496179
0.496216
0.49625
0.49062
0.490934
0.491184
0.490943
0.489904
0.488969
0.48787
0.487508
0.487806
0.48894
0.490272
0.491483
0.492474
0.493264
0.493891
0.494408
0.494818
0.495165
0.495458
0.495704
0.495901
0.49601
0.496083
0.496182
0.496295
0.496427
0.496565
0.496705
0.496849
0.496997
0.49715
0.497306
0.497466
0.497629
0.497791
0.497952
0.498102
0.498248
0.498376
0.498505
0.498548
0.498563
0.493506
0.493832
0.493663
0.493512
0.492701
0.491379
0.490275
0.489676
0.490001
0.490968
0.492337
0.493672
0.494786
0.495664
0.496347
0.496883
0.497315
0.497678
0.497967
0.498226
0.498437
0.498548
0.498607
0.498698
0.498803
0.498928
0.499059
0.499189
0.499325
0.499466
0.499614
0.499766
0.499922
0.500081
0.500238
0.500394
0.50054
0.500683
0.500809
0.500934
0.50098
0.500979
0.496777
0.496699
0.49662
0.496191
0.495208
0.494174
0.492798
0.492097
0.492088
0.492941
0.494384
0.495876
0.497142
0.498128
0.498879
0.49945
0.499911
0.500287
0.500578
0.500848
0.501069
0.501182
0.501226
0.501307
0.501405
0.501525
0.50165
0.501776
0.501905
0.502041
0.502185
0.502334
0.502487
0.502643
0.502797
0.50295
0.503093
0.503234
0.503357
0.503477
0.503525
0.503509
0.499367
0.499382
0.499401
0.498864
0.497869
0.496964
0.495394
0.494726
0.494434
0.495185
0.496665
0.498254
0.499606
0.500672
0.501486
0.502107
0.502598
0.502981
0.503293
0.503565
0.503784
0.503912
0.503956
0.504019
0.504113
0.50423
0.504354
0.504476
0.5046
0.504732
0.504873
0.505021
0.50517
0.505322
0.505472
0.505621
0.505761
0.505899
0.50602
0.506134
0.506184
0.506155
0.501719
0.501803
0.501944
0.501432
0.50051
0.499407
0.498178
0.497391
0.497285
0.497969
0.499261
0.500763
0.502155
0.503299
0.504176
0.504845
0.505372
0.505767
0.506108
0.506386
0.506602
0.506755
0.506807
0.506847
0.506942
0.507057
0.507179
0.507298
0.507417
0.507542
0.507676
0.507816
0.50796
0.508107
0.508252
0.508396
0.508531
0.508665
0.508783
0.508895
0.508949
0.508909
0.504645
0.504884
0.505026
0.504588
0.503339
0.502189
0.500761
0.499956
0.499761
0.500548
0.501893
0.50345
0.504897
0.506091
0.507041
0.507745
0.508284
0.508712
0.509069
0.509344
0.509556
0.509717
0.50978
0.509789
0.509875
0.509984
0.510103
0.51022
0.510336
0.510458
0.510584
0.510716
0.510851
0.51099
0.511128
0.511266
0.511394
0.511522
0.511638
0.511747
0.511806
0.511757
0.507854
0.507907
0.508018
0.507449
0.506525
0.505048
0.503752
0.502701
0.502705
0.503439
0.504728
0.50628
0.50775
0.508979
0.509975
0.510728
0.511264
0.511718
0.512081
0.512348
0.512576
0.512755
0.512831
0.512828
0.51291
0.513017
0.513131
0.513243
0.513355
0.513472
0.513589
0.513711
0.513837
0.513966
0.514095
0.514223
0.514344
0.514467
0.51458
0.514689
0.514752
0.514693
0.511404
0.511678
0.511603
0.511044
0.509551
0.508227
0.506796
0.505688
0.505399
0.506136
0.507463
0.509074
0.51064
0.511945
0.512975
0.51377
0.51435
0.514828
0.515203
0.515469
0.515713
0.515897
0.515975
0.515961
0.516037
0.516139
0.516249
0.516357
0.516464
0.516572
0.51668
0.516792
0.516909
0.517029
0.517148
0.517268
0.517382
0.517501
0.517612
0.51772
0.517789
0.517719
0.514132
0.514396
0.514476
0.513941
0.512918
0.511344
0.509934
0.508904
0.508667
0.509334
0.510679
0.512295
0.513863
0.515187
0.516225
0.517015
0.517625
0.518107
0.518467
0.51875
0.518995
0.519168
0.519246
0.519231
0.519284
0.51937
0.519473
0.519574
0.519671
0.519768
0.519864
0.519964
0.520069
0.52018
0.520291
0.520403
0.520511
0.520626
0.520738
0.520845
0.520918
0.520837
0.517753
0.517626
0.517625
0.517077
0.515885
0.514712
0.513096
0.512072
0.511821
0.512461
0.513891
0.515592
0.517183
0.518509
0.519557
0.520359
0.520993
0.521485
0.521857
0.522156
0.522389
0.522553
0.522635
0.522631
0.522653
0.522719
0.522809
0.522896
0.522982
0.523067
0.523151
0.523237
0.52333
0.523429
0.523533
0.523639
0.523742
0.523853
0.52396
0.524065
0.52414
0.524046
0.521255
0.521226
0.52104
0.520412
0.519187
0.517997
0.516317
0.515278
0.515028
0.515755
0.517241
0.518967
0.520586
0.521934
0.523001
0.523829
0.524477
0.524971
0.52535
0.525645
0.525859
0.526013
0.526099
0.526105
0.526101
0.526153
0.526228
0.526307
0.526386
0.526466
0.526545
0.526625
0.526708
0.526795
0.526888
0.526985
0.527082
0.527184
0.527282
0.527379
0.527453
0.527345
0.52487
0.525191
0.524811
0.524181
0.523074
0.5215
0.520046
0.518686
0.518315
0.518942
0.520375
0.522122
0.523823
0.525265
0.52641
0.527299
0.527976
0.528489
0.528882
0.529177
0.529391
0.52955
0.529642
0.529657
0.529636
0.529688
0.529755
0.529828
0.529898
0.529968
0.530041
0.530118
0.530198
0.530279
0.530362
0.530448
0.530535
0.530625
0.53071
0.530793
0.530862
0.530738
0.528971
0.529047
0.528843
0.52816
0.526895
0.525602
0.523657
0.522373
0.521716
0.522086
0.523405
0.525179
0.526984
0.528555
0.529801
0.530758
0.531482
0.532032
0.532452
0.532762
0.532996
0.533162
0.533255
0.533284
0.533258
0.533303
0.533368
0.533446
0.533516
0.53358
0.533645
0.533718
0.533794
0.533872
0.533947
0.534021
0.534093
0.534169
0.534238
0.534307
0.534366
0.534226
0.532489
0.532773
0.532725
0.531997
0.530679
0.529046
0.527392
0.526059
0.525408
0.525728
0.526848
0.528513
0.530348
0.531994
0.533306
0.534304
0.535067
0.535643
0.536068
0.536404
0.536667
0.536842
0.536944
0.536987
0.536967
0.537004
0.537056
0.537139
0.537218
0.537288
0.537355
0.537425
0.537495
0.537567
0.537634
0.537697
0.537753
0.537811
0.537864
0.537919
0.537966
0.537813
0.536595
0.53687
0.536859
0.536081
0.534539
0.532974
0.531292
0.529831
0.528855
0.529145
0.530302
0.53202
0.533882
0.535545
0.536899
0.537941
0.538748
0.539362
0.539813
0.540179
0.540455
0.540633
0.540748
0.540806
0.540797
0.54083
0.540871
0.54095
0.541029
0.541101
0.541171
0.541239
0.541303
0.541365
0.541421
0.54147
0.541511
0.541551
0.541586
0.541624
0.541657
0.541492
0.540705
0.5409
0.540776
0.540048
0.538482
0.537082
0.535332
0.533732
0.532732
0.532867
0.533902
0.535636
0.537538
0.539249
0.54064
0.541721
0.542566
0.543211
0.543695
0.544077
0.54437
0.544569
0.544694
0.544754
0.544741
0.544769
0.544801
0.544868
0.544941
0.545008
0.545073
0.545136
0.545193
0.545241
0.545285
0.545324
0.545347
0.54537
0.545386
0.545409
0.545427
0.545256
0.545121
0.545052
0.544622
0.544014
0.542927
0.541314
0.539676
0.537717
0.536826
0.536582
0.537618
0.539388
0.541341
0.543109
0.544551
0.54567
0.546532
0.5472
0.547695
0.548073
0.548385
0.548608
0.54874
0.548802
0.548796
0.548812
0.548838
0.548896
0.548956
0.549011
0.549064
0.549116
0.549156
0.549194
0.549226
0.549248
0.549257
0.549266
0.549269
0.549281
0.549283
0.549111
0.549332
0.549407
0.548964
0.548365
0.547057
0.545577
0.543513
0.542075
0.54077
0.540677
0.54163
0.543334
0.545296
0.547114
0.548599
0.549749
0.550629
0.551314
0.551821
0.552217
0.552539
0.552759
0.552886
0.552949
0.552952
0.55295
0.552965
0.553014
0.553065
0.553113
0.553154
0.553184
0.553209
0.553232
0.553242
0.553245
0.553238
0.553234
0.553228
0.553236
0.553226
0.55306
0.553406
0.553796
0.553449
0.55264
0.551449
0.549538
0.547752
0.546094
0.544972
0.544832
0.545787
0.547459
0.549441
0.551282
0.552784
0.553954
0.554858
0.555553
0.55608
0.556494
0.556805
0.557015
0.557152
0.557219
0.557218
0.55719
0.557189
0.557225
0.557264
0.557301
0.557327
0.557339
0.557346
0.557349
0.55734
0.557327
0.557306
0.557291
0.557276
0.557283
0.557266
0.557111
0.557725
0.557944
0.557835
0.557115
0.555624
0.554185
0.552301
0.550629
0.549332
0.549014
0.549839
0.551561
0.553607
0.555494
0.557042
0.558239
0.559173
0.559878
0.560401
0.56082
0.561132
0.561339
0.561482
0.561557
0.561553
0.561503
0.561487
0.561507
0.561532
0.561551
0.561563
0.561565
0.561558
0.561547
0.561528
0.561508
0.561479
0.561457
0.561433
0.561438
0.561413
0.561267
0.5626
0.562467
0.562123
0.561508
0.560506
0.558842
0.55724
0.55506
0.554018
0.553149
0.553783
0.555511
0.557611
0.559609
0.561282
0.56254
0.563519
0.564249
0.564775
0.565211
0.565545
0.565759
0.565888
0.565951
0.565942
0.565882
0.565856
0.565858
0.565866
0.56587
0.565867
0.565858
0.565841
0.565824
0.565806
0.565785
0.565758
0.565734
0.565707
0.565711
0.565677
0.565537
0.567154
0.56721
0.567015
0.566339
0.565036
0.56379
0.561469
0.560025
0.558434
0.557476
0.557859
0.55946
0.5616
0.563767
0.565549
0.566901
0.567926
0.568686
0.569234
0.569678
0.57002
0.570241
0.570359
0.570404
0.570386
0.570324
0.570289
0.570273
0.57027
0.570269
0.570258
0.570243
0.57022
0.570197
0.570177
0.570156
0.570133
0.570116
0.570096
0.570107
0.57007
0.569938
0.571311
0.571588
0.571418
0.570726
0.569301
0.567765
0.565959
0.564276
0.563089
0.562591
0.562872
0.564071
0.566033
0.568125
0.569923
0.571334
0.572403
0.573191
0.57377
0.574217
0.574552
0.574775
0.574897
0.57494
0.574923
0.574862
0.57481
0.574775
0.574767
0.574763
0.57475
0.574733
0.574713
0.574692
0.57467
0.574646
0.574621
0.574609
0.574597
0.574619
0.574582
0.574462
0.576292
0.576406
0.576166
0.575546
0.574143
0.572638
0.570898
0.569085
0.56746
0.56661
0.566927
0.56841
0.570483
0.572551
0.574344
0.575772
0.576859
0.577676
0.578303
0.578776
0.579116
0.579354
0.579499
0.579554
0.579544
0.579486
0.579418
0.579376
0.579368
0.57937
0.579361
0.579346
0.579327
0.579309
0.579288
0.579264
0.579239
0.579226
0.579215
0.579243
0.579204
0.579096
0.580541
0.580871
0.580944
0.580441
0.579
0.577287
0.575428
0.573698
0.572002
0.571248
0.571641
0.573045
0.575025
0.577063
0.578846
0.580279
0.581377
0.582207
0.582856
0.583352
0.58371
0.583972
0.58415
0.584232
0.584233
0.584179
0.584104
0.584067
0.584062
0.584072
0.584071
0.584061
0.584047
0.584033
0.584021
0.584007
0.583988
0.583975
0.583959
0.583984
0.583936
0.583835
0.585525
0.585957
0.585618
0.58508
0.584072
0.582326
0.580307
0.578464
0.576855
0.575802
0.576135
0.577482
0.57941
0.581451
0.583257
0.584728
0.585872
0.586743
0.587417
0.587939
0.588332
0.588624
0.588825
0.588933
0.588955
0.588914
0.588844
0.588822
0.588827
0.588849
0.58886
0.588859
0.588854
0.588849
0.588845
0.588841
0.588831
0.588824
0.588806
0.58883
0.588772
0.588678
0.590713
0.590951
0.590909
0.590238
0.588853
0.587279
0.585285
0.583247
0.581638
0.580793
0.580832
0.581874
0.583717
0.585806
0.587696
0.589221
0.590406
0.591321
0.592039
0.59259
0.593024
0.593364
0.593594
0.59372
0.593758
0.593727
0.593662
0.59365
0.593664
0.593695
0.593715
0.593728
0.593737
0.593744
0.593749
0.593752
0.593751
0.593753
0.593744
0.593775
0.593715
0.593633
0.596314
0.596335
0.595926
0.595238
0.594045
0.592296
0.590514
0.58813
0.586678
0.585317
0.585295
0.586389
0.588265
0.590408
0.592354
0.593935
0.595147
0.596062
0.59682
0.597407
0.597853
0.598237
0.598501
0.598633
0.598677
0.59866
0.598606
0.598594
0.598609
0.598642
0.598667
0.598687
0.598704
0.598722
0.598734
0.598742
0.598746
0.598758
0.598759
0.598802
0.598746
0.598678
0.601279
0.601276
0.601067
0.600282
0.598986
0.597563
0.59512
0.593324
0.59154
0.590206
0.589953
0.591043
0.592917
0.595132
0.597167
0.598798
0.600036
0.600986
0.601747
0.602346
0.602822
0.603242
0.603519
0.603649
0.603692
0.603681
0.603641
0.603627
0.603634
0.603673
0.603711
0.603742
0.603765
0.603785
0.603801
0.603815
0.603826
0.603844
0.603852
0.603904
0.603853
0.603798
0.606627
0.606399
0.606027
0.605371
0.604075
0.602597
0.600379
0.598355
0.596373
0.59514
0.594812
0.595735
0.597687
0.600017
0.602142
0.603844
0.605069
0.606089
0.606843
0.607374
0.607901
0.608342
0.608609
0.608737
0.608791
0.608786
0.608746
0.608729
0.608736
0.608782
0.608833
0.608876
0.608904
0.608925
0.608947
0.608971
0.608992
0.609019
0.609031
0.609087
0.60904
0.60899
0.611494
0.611467
0.611031
0.610464
0.609241
0.607529
0.605678
0.602932
0.601455
0.600045
0.599929
0.600976
0.602915
0.605122
0.607218
0.60896
0.61021
0.611252
0.612026
0.612571
0.613115
0.613531
0.613771
0.613907
0.613966
0.613959
0.613916
0.613903
0.613915
0.613963
0.614018
0.614061
0.614093
0.614126
0.614161
0.614197
0.614231
0.614268
0.614289
0.61435
0.614307
0.614258
0.61661
0.616855
0.616715
0.615965
0.614457
0.612704
0.610818
0.608558
0.606699
0.605177
0.605053
0.606166
0.608083
0.610268
0.612355
0.614095
0.615454
0.616527
0.617337
0.617941
0.618444
0.618811
0.619043
0.619173
0.619214
0.619193
0.619155
0.619143
0.619156
0.619209
0.619264
0.619309
0.619348
0.619389
0.619434
0.619484
0.619529
0.619577
0.619612
0.619685
0.619654
0.619606
0.621627
0.621963
0.621815
0.621157
0.620138
0.618011
0.615962
0.613794
0.611943
0.610698
0.610683
0.611699
0.613449
0.615563
0.617615
0.619364
0.620775
0.621864
0.622685
0.62331
0.623808
0.624166
0.6244
0.624534
0.624574
0.624555
0.62452
0.624499
0.624495
0.62454
0.624592
0.624641
0.624687
0.624736
0.624789
0.624846
0.624901
0.624959
0.625005
0.625088
0.62507
0.625022
0.627093
0.627548
0.62724
0.626673
0.625716
0.623901
0.621809
0.619582
0.617726
0.616396
0.616111
0.616977
0.618762
0.620905
0.622951
0.624693
0.626106
0.627241
0.62809
0.628724
0.62923
0.629604
0.629839
0.629962
0.630007
0.629999
0.629967
0.629947
0.629939
0.629976
0.630026
0.630075
0.630127
0.630182
0.630237
0.630294
0.630353
0.630417
0.630473
0.630562
0.63055
0.6305
0.633286
0.633408
0.633179
0.63251
0.631266
0.629552
0.627614
0.62523
0.623211
0.62188
0.621413
0.62221
0.624127
0.626236
0.628272
0.63003
0.631458
0.632589
0.633493
0.634161
0.634665
0.635063
0.635335
0.635474
0.63552
0.635524
0.635503
0.635479
0.635475
0.635514
0.635562
0.635611
0.635659
0.635713
0.635769
0.635828
0.635889
0.635959
0.636022
0.636114
0.63611
0.636056
0.639508
0.639661
0.639366
0.638612
0.637277
0.635485
0.633517
0.63114
0.629024
0.627575
0.626775
0.627287
0.629209
0.631425
0.633564
0.635425
0.636911
0.638047
0.638991
0.639711
0.640238
0.640643
0.640945
0.641107
0.641152
0.641156
0.641142
0.641108
0.641099
0.641136
0.641188
0.641241
0.641286
0.641338
0.641397
0.641457
0.641516
0.641581
0.641642
0.641729
0.641731
0.641669
0.645304
0.645546
0.645322
0.644534
0.643243
0.641409
0.639435
0.637064
0.635062
0.633223
0.632232
0.632665
0.634505
0.636791
0.639052
0.640966
0.642498
0.643691
0.64462
0.645363
0.645929
0.646346
0.646645
0.64683
0.646896
0.646891
0.646867
0.64683
0.646813
0.646839
0.64689
0.646942
0.646987
0.647039
0.647098
0.647157
0.647213
0.647274
0.647329
0.647409
0.647413
0.647338
0.650749
0.651153
0.651303
0.650502
0.649236
0.646734
0.644832
0.642751
0.640565
0.638746
0.638233
0.63873
0.640249
0.642463
0.644732
0.646664
0.648232
0.649445
0.650364
0.651108
0.651699
0.652125
0.652431
0.652636
0.652721
0.652723
0.652701
0.652666
0.652644
0.65265
0.652691
0.652735
0.652774
0.652821
0.652871
0.652922
0.652971
0.653027
0.653075
0.653148
0.653154
0.653064
0.656981
0.657248
0.657064
0.656404
0.654947
0.652929
0.650964
0.648828
0.646501
0.644687
0.6438
0.644284
0.645951
0.6482
0.650444
0.652411
0.654014
0.655273
0.65624
0.656998
0.657577
0.658002
0.658329
0.658535
0.658614
0.658616
0.658593
0.658554
0.65854
0.658538
0.658571
0.658612
0.658647
0.658681
0.658717
0.658755
0.658792
0.658838
0.658877
0.658941
0.658947
0.658844
0.663041
0.663486
0.663345
0.662593
0.66134
0.659084
0.657096
0.654933
0.65279
0.650583
0.649825
0.650171
0.651656
0.653868
0.656206
0.658247
0.659883
0.661155
0.662128
0.662879
0.663475
0.663933
0.664262
0.664467
0.664562
0.664572
0.66454
0.664493
0.66449
0.664484
0.664512
0.664548
0.664578
0.664606
0.664633
0.66466
0.664684
0.664717
0.664743
0.664795
0.664794
0.66468
0.669546
0.669592
0.66932
0.668662
0.667191
0.665468
0.66335
0.660925
0.658456
0.656692
0.655777
0.656031
0.657512
0.659713
0.662108
0.664267
0.665906
0.667247
0.668192
0.668877
0.669464
0.669941
0.670278
0.670485
0.670623
0.670648
0.670602
0.670542
0.670534
0.670508
0.670518
0.670543
0.670566
0.670587
0.670606
0.670621
0.670632
0.670653
0.670669
0.67071
0.6707
0.67058
0.676154
0.676213
0.675867
0.674994
0.673504
0.671785
0.669797
0.666937
0.664841
0.662842
0.661806
0.662019
0.663494
0.665775
0.668202
0.670375
0.672067
0.673362
0.674358
0.675011
0.675625
0.67609
0.676394
0.676649
0.676805
0.676814
0.676765
0.676697
0.676671
0.676619
0.676616
0.676623
0.676623
0.676626
0.67663
0.676633
0.676633
0.676644
0.67665
0.676683
0.67667
0.676547
0.682869
0.682618
0.681996
0.681194
0.679985
0.678294
0.67601
0.673179
0.671215
0.669157
0.667908
0.668191
0.669626
0.671914
0.674366
0.676499
0.678251
0.679572
0.680546
0.681308
0.681932
0.682381
0.682696
0.68293
0.683041
0.683038
0.682986
0.682901
0.682852
0.682798
0.682799
0.682788
0.682767
0.682747
0.682736
0.682728
0.682717
0.68271
0.682698
0.682716
0.682697
0.68257
0.689245
0.689026
0.688403
0.687768
0.686698
0.685026
0.681885
0.679855
0.677745
0.675498
0.674265
0.674543
0.675873
0.678076
0.680505
0.682655
0.684429
0.685819
0.686825
0.687627
0.688235
0.688717
0.689042
0.689244
0.689331
0.689327
0.689261
0.689151
0.6891
0.689047
0.689041
0.689016
0.688973
0.688937
0.688913
0.688891
0.688867
0.688847
0.68882
0.688829
0.6888
0.688666
0.695409
0.695452
0.695164
0.694295
0.693064
0.691379
0.688681
0.686328
0.684139
0.682116
0.680826
0.680992
0.682223
0.684297
0.686698
0.688906
0.690669
0.692105
0.693093
0.693932
0.694572
0.695101
0.695444
0.695629
0.695702
0.69568
0.695598
0.695485
0.695438
0.695373
0.695348
0.695307
0.695252
0.695201
0.695161
0.69512
0.695075
0.695041
0.695006
0.695013
0.694978
0.694846
0.702259
0.702218
0.701942
0.701139
0.699789
0.69812
0.695264
0.69309
0.690929
0.688774
0.687275
0.687275
0.688447
0.690558
0.69295
0.695177
0.696913
0.698362
0.699401
0.700221
0.70094
0.701483
0.701841
0.702041
0.702129
0.7021
0.70201
0.701903
0.701846
0.701758
0.701711
0.701658
0.701597
0.701534
0.701477
0.701416
0.701353
0.701301
0.701255
0.70126
0.70122
0.701093
0.708655
0.709046
0.708681
0.707918
0.706574
0.704959
0.701853
0.699925
0.697808
0.695515
0.693952
0.693711
0.69493
0.69707
0.699404
0.701545
0.703314
0.704744
0.705861
0.706666
0.70739
0.707921
0.708269
0.708489
0.708596
0.708571
0.708477
0.708368
0.708297
0.708197
0.708139
0.708074
0.708001
0.707924
0.707844
0.707768
0.707698
0.70764
0.707586
0.707578
0.707521
0.707399
0.715429
0.715668
0.715576
0.714651
0.713117
0.711295
0.709219
0.706516
0.704068
0.70209
0.700763
0.70045
0.701476
0.703512
0.705806
0.707966
0.709779
0.711207
0.712318
0.713193
0.713905
0.714428
0.714788
0.715028
0.715142
0.715127
0.715035
0.714916
0.714815
0.714702
0.714633
0.714554
0.714472
0.71438
0.714283
0.714197
0.714122
0.71406
0.713998
0.713976
0.713903
0.713788
0.722453
0.722615
0.722488
0.721625
0.719854
0.718132
0.716133
0.713325
0.710825
0.708715
0.707318
0.706927
0.707973
0.709924
0.712206
0.714422
0.716271
0.717715
0.718826
0.719719
0.720409
0.720908
0.721297
0.721559
0.721689
0.721699
0.721625
0.721509
0.721391
0.721278
0.721194
0.721101
0.721015
0.720916
0.720813
0.720721
0.720635
0.720562
0.720487
0.720453
0.720371
0.720268
0.729789
0.729675
0.729059
0.728101
0.726817
0.725326
0.723173
0.719747
0.71771
0.715616
0.713837
0.713492
0.714372
0.716208
0.718624
0.72091
0.72281
0.724302
0.725463
0.7263
0.726925
0.727436
0.727856
0.72813
0.728262
0.728293
0.72823
0.728108
0.727993
0.727901
0.727812
0.727712
0.727622
0.72752
0.727417
0.727318
0.727222
0.727137
0.727049
0.727005
0.726918
0.726827
0.73623
0.736182
0.735523
0.734802
0.733536
0.731893
0.729851
0.726937
0.724428
0.722088
0.720574
0.720135
0.721016
0.722848
0.725151
0.727407
0.729371
0.730877
0.732029
0.732899
0.733479
0.734052
0.734476
0.734742
0.734895
0.73495
0.734884
0.734753
0.734645
0.734556
0.734454
0.73435
0.734258
0.73416
0.734064
0.733969
0.733873
0.733786
0.733693
0.73365
0.733561
0.733482
0.742542
0.742976
0.743004
0.742078
0.740328
0.73833
0.736339
0.734055
0.731204
0.729087
0.727194
0.726667
0.72747
0.729278
0.731606
0.733913
0.735882
0.73747
0.738639
0.739524
0.7402
0.740761
0.741176
0.74144
0.741614
0.741662
0.741584
0.741459
0.741354
0.741259
0.741156
0.741061
0.740969
0.740868
0.740772
0.740676
0.740578
0.740491
0.740404
0.740373
0.740287
0.740224
0.749318
0.749866
0.750131
0.749126
0.747069
0.745286
0.74341
0.741249
0.738013
0.736006
0.734043
0.733176
0.73391
0.735716
0.738054
0.74047
0.742544
0.744087
0.745338
0.746229
0.746922
0.747485
0.747881
0.748218
0.748411
0.748439
0.748364
0.748251
0.748137
0.748026
0.747927
0.747847
0.74775
0.74764
0.74754
0.747442
0.747343
0.747257
0.747176
0.747155
0.747066
0.747018
0.756269
0.7568
0.757079
0.756114
0.753875
0.752297
0.75044
0.748217
0.744996
0.742957
0.740909
0.739844
0.740545
0.742306
0.744733
0.74716
0.749257
0.750849
0.752024
0.75304
0.753695
0.754259
0.754694
0.755059
0.755235
0.755254
0.755187
0.755074
0.754948
0.754831
0.754737
0.754668
0.754576
0.754465
0.754364
0.754266
0.754171
0.754092
0.754019
0.754
0.7539
0.753869
0.763423
0.763844
0.763966
0.763112
0.760858
0.759331
0.757498
0.754961
0.752212
0.749873
0.747738
0.746729
0.747309
0.748971
0.751427
0.753885
0.755969
0.757635
0.758835
0.759886
0.760605
0.76114
0.761596
0.761941
0.762103
0.762122
0.762055
0.761938
0.761812
0.7617
0.761602
0.761533
0.761445
0.761342
0.761247
0.761154
0.761065
0.760996
0.760929
0.760904
0.760794
0.760781
0.770629
0.770764
0.770735
0.769753
0.768128
0.766483
0.764639
0.761735
0.759248
0.756871
0.754675
0.753667
0.754066
0.75571
0.758191
0.760662
0.76284
0.764467
0.765715
0.766782
0.767517
0.768063
0.768494
0.768844
0.769016
0.76903
0.768959
0.768854
0.768743
0.768638
0.768541
0.768474
0.768382
0.76828
0.768187
0.768097
0.768016
0.767958
0.767896
0.767868
0.767751
0.767761
0.777925
0.777975
0.777612
0.776543
0.775243
0.773834
0.771859
0.768481
0.766262
0.763989
0.761653
0.760515
0.760878
0.762555
0.765089
0.767558
0.769711
0.771426
0.772695
0.773729
0.774506
0.775028
0.775482
0.775812
0.775973
0.775995
0.775933
0.775823
0.775702
0.775595
0.77551
0.775452
0.775371
0.775281
0.77519
0.7751
0.775018
0.774961
0.774905
0.774882
0.774767
0.774797
0.785466
0.785106
0.784296
0.783732
0.782716
0.781139
0.778216
0.77571
0.773498
0.771028
0.768657
0.767388
0.76766
0.769458
0.771987
0.774475
0.776652
0.778383
0.779704
0.780737
0.781478
0.782058
0.78249
0.782797
0.78297
0.783033
0.782982
0.78286
0.782732
0.78263
0.782542
0.78247
0.782388
0.782306
0.782231
0.782158
0.782082
0.782022
0.781963
0.781942
0.78183
0.781877
0.792182
0.792585
0.791936
0.791258
0.790103
0.787823
0.785214
0.783223
0.780868
0.77772
0.775799
0.774457
0.774643
0.776462
0.778875
0.781376
0.783621
0.785411
0.786714
0.787736
0.788467
0.789075
0.7895
0.789765
0.789976
0.790073
0.79002
0.78989
0.789781
0.789709
0.789628
0.789553
0.789471
0.789391
0.789318
0.789253
0.789184
0.789126
0.789068
0.78905
0.788939
0.789001
0.799129
0.799681
0.799719
0.798694
0.797158
0.794442
0.792753
0.790664
0.787813
0.785027
0.782805
0.781543
0.781896
0.783499
0.785806
0.788372
0.790603
0.792375
0.793746
0.794769
0.795524
0.796144
0.796578
0.796859
0.797076
0.797183
0.79714
0.797007
0.796889
0.796806
0.796727
0.796659
0.796591
0.796522
0.796451
0.79638
0.796311
0.796262
0.796214
0.796203
0.79609
0.796164
0.806257
0.806807
0.807098
0.806098
0.803613
0.802028
0.800277
0.797959
0.7945
0.792314
0.79
0.788691
0.789117
0.790683
0.793057
0.795537
0.797678
0.799412
0.800786
0.801842
0.802621
0.80323
0.803694
0.804022
0.804244
0.804362
0.804339
0.804211
0.804079
0.803975
0.80389
0.803818
0.80375
0.803679
0.803602
0.803528
0.803462
0.803419
0.80338
0.803378
0.80326
0.803345
0.813876
0.814083
0.814016
0.813092
0.811055
0.809518
0.807689
0.80469
0.801928
0.799625
0.79719
0.795947
0.796391
0.797946
0.800392
0.802865
0.804879
0.806606
0.807977
0.80896
0.809751
0.810376
0.810864
0.811224
0.811454
0.811591
0.811576
0.811443
0.811309
0.8112
0.811115
0.811037
0.810959
0.810877
0.810791
0.810715
0.810647
0.810602
0.810562
0.810561
0.810436
0.810533
0.821944
0.821806
0.821104
0.819827
0.81881
0.817321
0.815053
0.81179
0.809654
0.80709
0.804408
0.803346
0.803596
0.805138
0.807542
0.810026
0.812176
0.813839
0.815202
0.816162
0.816899
0.817581
0.818065
0.81845
0.818698
0.818843
0.818827
0.818707
0.81858
0.81846
0.818377
0.818291
0.818204
0.818117
0.818032
0.817953
0.81788
0.817828
0.817783
0.817776
0.817638
0.81775
0.829298
0.829212
0.82843
0.827764
0.826766
0.82493
0.821766
0.819777
0.817355
0.814274
0.812078
0.810766
0.810712
0.812218
0.814556
0.817036
0.819296
0.821096
0.822344
0.823426
0.824161
0.824855
0.825333
0.825702
0.825956
0.826096
0.826086
0.82599
0.825871
0.825737
0.82566
0.825569
0.825478
0.825393
0.825309
0.825229
0.825153
0.825098
0.825052
0.825045
0.824897
0.825023
0.83626
0.836905
0.836491
0.835788
0.834554
0.831734
0.82981
0.82759
0.824828
0.82207
0.819716
0.818048
0.817865
0.819216
0.821469
0.824041
0.82636
0.828278
0.829591
0.830694
0.831503
0.832198
0.832664
0.832997
0.833263
0.833404
0.833396
0.833298
0.833173
0.833031
0.832967
0.832873
0.832783
0.832698
0.832612
0.832527
0.832449
0.832393
0.832346
0.832342
0.832192
0.832336
0.84391
0.844298
0.8445
0.843424
0.841596
0.839849
0.837642
0.834965
0.832119
0.829757
0.827321
0.825382
0.825122
0.826253
0.828518
0.831151
0.833522
0.835493
0.836939
0.838065
0.838872
0.839588
0.840013
0.840336
0.840607
0.840771
0.840768
0.840652
0.840514
0.84037
0.840308
0.840206
0.840118
0.840034
0.839941
0.839849
0.839764
0.839701
0.83965
0.839647
0.83949
0.839654
0.851995
0.852016
0.851577
0.850881
0.849396
0.847546
0.845311
0.842141
0.839826
0.837299
0.834455
0.832949
0.832448
0.833508
0.835859
0.83845
0.840848
0.84284
0.844353
0.845467
0.846246
0.846955
0.847347
0.847695
0.847955
0.84815
0.848172
0.848055
0.847911
0.847759
0.847689
0.847575
0.847479
0.847387
0.847286
0.847192
0.847104
0.847033
0.846978
0.846975
0.846801
0.846987
0.859874
0.859867
0.859258
0.858354
0.856991
0.855334
0.852916
0.849671
0.847196
0.844664
0.842043
0.840292
0.839906
0.841093
0.843398
0.845905
0.848299
0.850258
0.85177
0.852823
0.853572
0.854257
0.854671
0.855042
0.855308
0.855523
0.855577
0.855486
0.855347
0.855189
0.855107
0.854981
0.85488
0.854776
0.854668
0.854575
0.854483
0.854398
0.854342
0.85434
0.854139
0.854356
0.867645
0.867258
0.866494
0.86584
0.864789
0.863032
0.859615
0.857311
0.854742
0.851856
0.849606
0.847767
0.847386
0.848786
0.850995
0.853509
0.85587
0.857751
0.8592
0.860161
0.860889
0.861561
0.862004
0.862401
0.862693
0.862922
0.862999
0.862943
0.862817
0.862657
0.862563
0.862423
0.862315
0.862202
0.862093
0.861998
0.861902
0.861804
0.861755
0.861755
0.861518
0.861784
0.874392
0.874832
0.874048
0.873539
0.872363
0.869755
0.867185
0.8649
0.862325
0.859323
0.856955
0.855127
0.854867
0.856378
0.85859
0.861172
0.863518
0.865308
0.866662
0.867571
0.86828
0.868956
0.869386
0.869793
0.870086
0.870336
0.870441
0.870425
0.870323
0.870172
0.870063
0.869905
0.869787
0.869666
0.869553
0.869449
0.869348
0.869243
0.869207
0.869206
0.868943
0.869265
0.8817
0.882367
0.882096
0.881199
0.879703
0.876771
0.874932
0.872718
0.869757
0.866912
0.864318
0.862455
0.862432
0.863875
0.866195
0.868805
0.871107
0.872912
0.874051
0.875084
0.875787
0.876428
0.876857
0.877207
0.877508
0.877747
0.87788
0.877908
0.877846
0.877715
0.877589
0.877419
0.877298
0.877172
0.877049
0.876935
0.876827
0.876713
0.876684
0.87668
0.876408
0.876774
0.889306
0.889792
0.889985
0.889028
0.886268
0.884731
0.882915
0.880513
0.876925
0.874459
0.871856
0.869942
0.870013
0.871408
0.873756
0.876462
0.878683
0.880366
0.881615
0.882612
0.883383
0.883957
0.884396
0.88469
0.884984
0.885206
0.885335
0.885394
0.885371
0.885256
0.885109
0.884937
0.884822
0.884688
0.884558
0.884441
0.884336
0.884202
0.884187
0.884179
0.883916
0.884293
0.89732
0.89738
0.897225
0.895739
0.894228
0.89283
0.89075
0.887252
0.884648
0.881994
0.879065
0.877579
0.877533
0.878899
0.881427
0.884008
0.886251
0.88789
0.889214
0.89022
0.890946
0.891528
0.89195
0.892245
0.892539
0.892756
0.892876
0.892942
0.89293
0.892816
0.892651
0.892482
0.892362
0.892219
0.892086
0.891965
0.891853
0.89169
0.891704
0.891686
0.891442
0.891804
0.905415
0.904925
0.903943
0.903379
0.902396
0.900715
0.897333
0.894984
0.8924
0.889439
0.8867
0.885085
0.884914
0.886378
0.888999
0.891597
0.893685
0.89553
0.896869
0.897812
0.89856
0.89908
0.899495
0.899802
0.900082
0.900345
0.900493
0.900546
0.900506
0.900378
0.900216
0.900056
0.899918
0.899761
0.899625
0.899496
0.899378
0.899193
0.899246
0.899212
0.898991
0.899329
0.912342
0.912909
0.912167
0.911588
0.910323
0.907375
0.90521
0.903034
0.90026
0.896552
0.894326
0.89265
0.892438
0.894096
0.896457
0.899066
0.901264
0.903062
0.90454
0.905339
0.906156
0.906684
0.907072
0.907403
0.90764
0.907922
0.908082
0.908121
0.908074
0.907961
0.907797
0.907629
0.907484
0.90732
0.907169
0.907027
0.90691
0.906717
0.906796
0.906751
0.906552
0.90686
0.91994
0.920529
0.920784
0.91972
0.916967
0.915383
0.913624
0.911032
0.907168
0.904665
0.902007
0.900205
0.900289
0.901572
0.90379
0.906322
0.908697
0.910629
0.912019
0.913003
0.913692
0.914328
0.914588
0.914952
0.915207
0.91546
0.915606
0.915668
0.915652
0.915547
0.915376
0.915206
0.915058
0.914873
0.914706
0.914558
0.914448
0.914267
0.914356
0.914285
0.914104
0.914387
0.928339
0.928363
0.928311
0.927004
0.925095
0.923757
0.921792
0.918311
0.915352
0.912653
0.90988
0.908152
0.907792
0.908851
0.911098
0.913566
0.915968
0.918021
0.91936
0.920493
0.921265
0.921831
0.92222
0.922534
0.922817
0.923027
0.923157
0.923227
0.923224
0.92313
0.922971
0.922799
0.922631
0.922444
0.922279
0.922125
0.922012
0.921825
0.921917
0.921807
0.921637
0.9219
0.936517
0.936389
0.935653
0.934278
0.933289
0.932016
0.929737
0.925879
0.923545
0.920864
0.91781
0.915868
0.915285
0.91629
0.918448
0.920916
0.923343
0.925351
0.926829
0.927969
0.928822
0.929425
0.929866
0.93018
0.930446
0.93064
0.93076
0.930833
0.930826
0.930723
0.930559
0.930382
0.930215
0.930046
0.929892
0.929731
0.929599
0.929387
0.929474
0.929341
0.929184
0.929426
0.944086
0.943973
0.942758
0.942379
0.941605
0.93999
0.936502
0.934197
0.931846
0.928822
0.925649
0.923616
0.922819
0.923797
0.925894
0.928401
0.930884
0.932938
0.934389
0.935526
0.936409
0.937031
0.937473
0.937815
0.93808
0.938272
0.938389
0.938441
0.938437
0.938351
0.938184
0.937992
0.937817
0.937654
0.937502
0.93733
0.937195
0.936955
0.937024
0.936892
0.936751
0.936973
0.951205
0.951488
0.950746
0.950626
0.949482
0.947012
0.944176
0.942398
0.939926
0.936246
0.933565
0.931357
0.930414
0.931346
0.933412
0.936036
0.938524
0.940609
0.942032
0.943177
0.944083
0.944727
0.945167
0.945488
0.945719
0.94591
0.946008
0.946059
0.94604
0.945961
0.9458
0.945594
0.945402
0.945228
0.945067
0.944887
0.944768
0.94454
0.944587
0.944458
0.944328
0.944532
0.958619
0.959142
0.959464
0.958475
0.956661
0.953924
0.952458
0.950524
0.947226
0.944028
0.941207
0.938947
0.938253
0.939022
0.941031
0.943685
0.94615
0.948182
0.949749
0.950924
0.951802
0.952451
0.952926
0.95325
0.953466
0.953635
0.953682
0.953719
0.953663
0.953577
0.953412
0.953189
0.952972
0.952782
0.952619
0.952435
0.952324
0.952112
0.952136
0.95202
0.951904
0.952086
0.966749
0.967019
0.966886
0.966167
0.963272
0.962292
0.960771
0.958011
0.954404
0.951847
0.949004
0.946644
0.945955
0.946612
0.948727
0.951323
0.953773
0.955855
0.957459
0.958646
0.959536
0.960174
0.960654
0.960966
0.961177
0.961362
0.961425
0.961418
0.961327
0.961213
0.961043
0.960825
0.960606
0.960401
0.960214
0.960003
0.959883
0.959673
0.959675
0.959575
0.959476
0.959634
0.975233
0.975014
0.974347
0.973197
0.972172
0.970806
0.968462
0.964665
0.962357
0.95955
0.956241
0.954209
0.953451
0.95419
0.956307
0.958846
0.96138
0.963567
0.965208
0.966406
0.96727
0.967854
0.968281
0.968608
0.968824
0.968983
0.969082
0.969081
0.969002
0.968866
0.968666
0.968449
0.968244
0.968039
0.967836
0.967607
0.96747
0.967266
0.967241
0.967126
0.967038
0.967165
0.982841
0.982631
0.981795
0.98134
0.980432
0.978645
0.975047
0.972602
0.970118
0.967045
0.963886
0.96201
0.961359
0.962186
0.964117
0.966491
0.969045
0.971304
0.972906
0.974123
0.974989
0.975466
0.975873
0.97621
0.976459
0.976621
0.976707
0.976714
0.97663
0.976483
0.976304
0.976099
0.975887
0.975685
0.975474
0.975243
0.975085
0.974882
0.974804
0.974673
0.974588
0.974698
0.990643
0.990661
0.989946
0.989137
0.987984
0.98629
0.983209
0.980367
0.977354
0.974222
0.971541
0.969641
0.96901
0.970006
0.971969
0.974332
0.976837
0.979012
0.98057
0.981735
0.982591
0.983052
0.983464
0.983796
0.984055
0.984232
0.984331
0.984338
0.984268
0.984128
0.983965
0.983761
0.983546
0.983338
0.983118
0.982885
0.982707
0.982492
0.982373
0.98224
0.982164
0.982234
0.998387
0.998279
0.997685
0.99686
0.995462
0.993703
0.991034
0.987576
0.984839
0.982037
0.979232
0.977608
0.977209
0.97802
0.979837
0.982273
0.984743
0.986711
0.988209
0.989293
0.990067
0.990565
0.991002
0.991352
0.991621
0.991822
0.991939
0.991951
0.991886
0.991764
0.991609
0.991401
0.991169
0.990951
0.990725
0.990496
0.990297
0.99008
0.98992
0.989834
0.989759
0.989754
1.0052
1.0055
1.0056
1.005
1.00334
1.00142
0.998525
0.995456
0.992567
0.989858
0.987241
0.985404
0.98513
0.985812
0.987512
0.990059
0.992505
0.994352
0.995782
0.996826
0.997525
0.998064
0.998527
0.998909
0.999191
0.999407
0.999533
0.99954
0.999479
0.999364
0.999211
0.999004
0.998765
0.998534
0.998303
0.998068
0.997852
0.997652
0.997505
0.997433
0.997351
0.997338
1.01289
1.01347
1.01383
1.01306
1.01053
1.00839
1.0064
1.00392
1.00043
0.997554
0.99497
0.992842
0.992449
0.9932
0.994984
0.997605
1.00002
1.00186
1.00329
1.00435
1.00505
1.00563
1.00611
1.0065
1.00679
1.00701
1.00714
1.00714
1.00707
1.00696
1.00679
1.00658
1.00634
1.0061
1.00586
1.00562
1.00541
1.00523
1.00511
1.00502
1.00494
1.00492
1.02083
1.02112
1.02117
1.02035
1.01793
1.01645
1.0147
1.01178
1.00833
1.00558
1.00276
1.00033
0.999721
1.00036
1.00234
1.00501
1.00743
1.00935
1.01083
1.01193
1.01269
1.0133
1.01379
1.01419
1.01448
1.01468
1.0148
1.01479
1.01471
1.01459
1.01441
1.01419
1.01395
1.01371
1.01346
1.01322
1.01301
1.01283
1.01271
1.01261
1.01252
1.0125
1.029
1.02889
1.02828
1.02712
1.02624
1.02496
1.02266
1.01886
1.0166
1.01381
1.01023
1.00809
1.00706
1.00755
1.00973
1.01235
1.0148
1.01685
1.01843
1.01959
1.02045
1.0211
1.02161
1.02201
1.02229
1.02247
1.02255
1.02253
1.02244
1.02229
1.0221
1.02187
1.02163
1.02139
1.02113
1.0209
1.02068
1.0205
1.02037
1.02027
1.02018
1.02018
1.03624
1.03654
1.03602
1.03555
1.03459
1.03269
1.02925
1.02737
1.02474
1.02117
1.01805
1.01573
1.01443
1.01508
1.01715
1.01971
1.02227
1.02445
1.02614
1.02739
1.02833
1.02902
1.02954
1.02993
1.03019
1.03034
1.03039
1.03035
1.03024
1.03007
1.02986
1.02964
1.0294
1.02915
1.02889
1.02864
1.02842
1.02823
1.02809
1.028
1.02792
1.02793
1.04361
1.04426
1.0447
1.0437
1.04208
1.03939
1.03773
1.03554
1.0322
1.02878
1.02589
1.02331
1.02208
1.0228
1.02466
1.02729
1.02992
1.03218
1.03393
1.03525
1.03625
1.03698
1.0375
1.03789
1.03813
1.03825
1.03828
1.03822
1.0381
1.03792
1.03771
1.03749
1.03724
1.03698
1.03672
1.03646
1.03622
1.03603
1.03589
1.0358
1.03572
1.03575
1.05206
1.05243
1.05241
1.05146
1.04956
1.0481
1.04607
1.04284
1.03959
1.03678
1.03356
1.03089
1.03008
1.03051
1.03246
1.03508
1.03769
1.03997
1.04174
1.04312
1.04417
1.0449
1.04544
1.04583
1.04607
1.04618
1.0462
1.04614
1.04602
1.04584
1.04562
1.04541
1.04515
1.04489
1.04461
1.04434
1.0441
1.0439
1.04376
1.04366
1.04357
1.04362
1.06083
1.06051
1.05979
1.05916
1.05823
1.05654
1.0534
1.05046
1.04794
1.04486
1.04112
1.03896
1.03778
1.0383
1.04038
1.04295
1.04559
1.04786
1.04966
1.05107
1.05211
1.05284
1.0534
1.05378
1.05401
1.05413
1.05415
1.0541
1.05398
1.05379
1.05359
1.05337
1.0531
1.05285
1.05256
1.05229
1.05204
1.05184
1.05169
1.05159
1.05149
1.05156
1.06823
1.06875
1.0681
1.06774
1.06659
1.06407
1.06107
1.05899
1.0562
1.0523
1.04946
1.04692
1.04553
1.04633
1.04837
1.05099
1.05365
1.05589
1.05769
1.05907
1.06007
1.06081
1.06136
1.06172
1.06195
1.06208
1.06212
1.06207
1.06196
1.06178
1.06158
1.06138
1.06111
1.06086
1.06056
1.06029
1.06005
1.05984
1.05969
1.05958
1.05947
1.05956
1.07607
1.07666
1.07704
1.07603
1.0743
1.0714
1.06959
1.06733
1.06385
1.06039
1.05759
1.05494
1.05357
1.05453
1.05649
1.05914
1.06175
1.06394
1.0657
1.06706
1.06805
1.0688
1.06934
1.06971
1.06995
1.0701
1.07014
1.0701
1.07
1.06983
1.06963
1.06943
1.06916
1.06891
1.06862
1.06835
1.06811
1.06791
1.06775
1.06764
1.06752
1.06764
1.08435
1.0848
1.08481
1.08426
1.0812
1.07972
1.07806
1.07543
1.07143
1.06874
1.06566
1.06272
1.062
1.06275
1.06473
1.06736
1.06987
1.07203
1.07377
1.07511
1.07612
1.07688
1.07741
1.07779
1.07805
1.07819
1.07824
1.07822
1.07811
1.07793
1.07773
1.07752
1.07727
1.07702
1.07673
1.07647
1.07623
1.07603
1.07588
1.07575
1.07563
1.07578
1.0929
1.09299
1.09271
1.09104
1.08966
1.08843
1.08634
1.08252
1.0799
1.07711
1.07351
1.07094
1.07026
1.07083
1.07293
1.07555
1.07805
1.0802
1.08194
1.08327
1.0843
1.08506
1.08559
1.08597
1.08622
1.08635
1.08641
1.08638
1.08628
1.0861
1.08588
1.08566
1.08543
1.08518
1.0849
1.08464
1.08441
1.08421
1.08406
1.08392
1.08381
1.08399
1.10116
1.10111
1.10047
1.09978
1.09878
1.09689
1.09338
1.09107
1.08838
1.08494
1.08117
1.07925
1.07824
1.07894
1.08108
1.08367
1.08619
1.08839
1.09016
1.0915
1.09253
1.0933
1.09383
1.0942
1.09445
1.09458
1.09463
1.0946
1.09449
1.09432
1.0941
1.09387
1.09365
1.0934
1.09313
1.09286
1.09263
1.09243
1.09228
1.09215
1.09204
1.09224
1.10921
1.10968
1.10982
1.10862
1.1071
1.10484
1.10243
1.09948
1.09576
1.09246
1.08974
1.08745
1.08658
1.08728
1.08923
1.09175
1.09428
1.09656
1.09837
1.09972
1.10078
1.10155
1.10209
1.10246
1.10271
1.10285
1.1029
1.10286
1.10276
1.10258
1.10237
1.10213
1.10191
1.10167
1.10139
1.10114
1.1009
1.10069
1.10055
1.10041
1.10031
1.10054
1.11845
1.11845
1.11786
1.11706
1.11558
1.11386
1.11117
1.10714
1.10413
1.10104
1.09776
1.09564
1.09483
1.09545
1.09741
1.09981
1.1024
1.10472
1.10655
1.10796
1.10905
1.10984
1.11038
1.11077
1.11102
1.11116
1.1112
1.11116
1.11106
1.11087
1.11067
1.11043
1.1102
1.10998
1.1097
1.10946
1.10921
1.109
1.10886
1.10871
1.10861
1.10885
1.12667
1.1269
1.12633
1.12568
1.12459
1.12247
1.1185
1.11593
1.11304
1.10937
1.10613
1.10394
1.10283
1.10365
1.10554
1.10796
1.11063
1.11294
1.1148
1.11628
1.11738
1.11816
1.11873
1.11912
1.11936
1.11949
1.11954
1.1195
1.11939
1.11919
1.11899
1.11877
1.11853
1.11832
1.11804
1.11781
1.11756
1.11735
1.11721
1.11703
1.11694
1.11719
1.13458
1.13532
1.13569
1.13455
1.13268
1.12967
1.12761
1.12499
1.12143
1.11766
1.11466
1.11205
1.11108
1.11187
1.1136
1.11623
1.11892
1.12123
1.12314
1.12462
1.12571
1.12651
1.12708
1.12747
1.12771
1.12785
1.1279
1.12786
1.12775
1.12755
1.12735
1.12713
1.12689
1.12669
1.12641
1.12619
1.12593
1.12572
1.12558
1.12538
1.12528
1.12554
1.14356
1.14385
1.14365
1.14265
1.14066
1.13891
1.13654
1.13305
1.1296
1.12655
1.12307
1.12028
1.11954
1.11993
1.12182
1.12456
1.12722
1.12956
1.13149
1.13297
1.13406
1.13486
1.13543
1.13582
1.13607
1.13621
1.13627
1.13623
1.13611
1.13591
1.13571
1.1355
1.13528
1.13506
1.1348
1.13457
1.13431
1.1341
1.13396
1.13373
1.13364
1.13393
1.15228
1.15225
1.15179
1.15095
1.14985
1.14787
1.14434
1.14144
1.13866
1.13519
1.1311
1.12894
1.12768
1.1281
1.1302
1.13283
1.1355
1.13789
1.13983
1.1413
1.1424
1.14321
1.14378
1.14417
1.14443
1.14458
1.14463
1.1446
1.14448
1.14428
1.14408
1.14387
1.14366
1.14342
1.14319
1.14295
1.1427
1.14248
1.14233
1.14209
1.14201
1.14232
1.16013
1.16086
1.16087
1.16006
1.15848
1.15554
1.15311
1.15064
1.14735
1.14296
1.14003
1.13728
1.13587
1.13657
1.13848
1.14109
1.14382
1.14623
1.14817
1.14965
1.15074
1.15154
1.15211
1.15251
1.15277
1.15292
1.15297
1.15294
1.15283
1.15262
1.15242
1.15221
1.15201
1.15174
1.15154
1.15128
1.15105
1.15082
1.15068
1.15043
1.15036
1.15069
1.16898
1.16939
1.16945
1.1685
1.16637
1.16443
1.16223
1.15907
1.15492
1.15194
1.14849
1.14544
1.1444
1.14487
1.1467
1.1494
1.15216
1.15457
1.15651
1.15797
1.15904
1.15983
1.1604
1.16079
1.16104
1.1612
1.16125
1.16123
1.16113
1.16092
1.16072
1.1605
1.16031
1.16003
1.15985
1.15956
1.15934
1.15911
1.15899
1.15873
1.15866
1.15902
1.17801
1.1778
1.17728
1.17644
1.17522
1.17332
1.17046
1.16655
1.16389
1.16058
1.1565
1.15392
1.15271
1.15301
1.15503
1.15775
1.16051
1.16292
1.16484
1.16626
1.1673
1.16808
1.16863
1.16899
1.16924
1.16939
1.16945
1.16943
1.16933
1.16912
1.16893
1.1687
1.16851
1.16823
1.16805
1.16775
1.16753
1.1673
1.16719
1.16692
1.16685
1.16724
1.18546
1.18623
1.18563
1.185
1.18361
1.18109
1.17775
1.17544
1.17242
1.16841
1.16474
1.16221
1.16072
1.16131
1.16336
1.16608
1.16886
1.17124
1.17311
1.17448
1.17548
1.17623
1.17675
1.1771
1.17734
1.17748
1.17753
1.17751
1.17741
1.1772
1.17701
1.17676
1.17657
1.17629
1.1761
1.17581
1.17558
1.17535
1.17525
1.17497
1.1749
1.17532
1.19307
1.19373
1.19429
1.19311
1.191
1.18829
1.18639
1.18382
1.18015
1.17614
1.17303
1.17012
1.16884
1.16953
1.17153
1.17436
1.17713
1.17945
1.18127
1.18259
1.18356
1.18426
1.18474
1.18507
1.18529
1.18541
1.18545
1.18541
1.18531
1.18509
1.18488
1.18462
1.18441
1.18415
1.18393
1.18365
1.18341
1.18318
1.18308
1.18278
1.18272
1.18316
1.20128
1.20155
1.20134
1.20034
1.19841
1.19699
1.19456
1.19098
1.18741
1.18441
1.18075
1.17785
1.17689
1.17739
1.17959
1.18245
1.18516
1.18745
1.18921
1.1905
1.19143
1.19208
1.19252
1.19281
1.193
1.19309
1.19311
1.19305
1.19293
1.1927
1.19248
1.19221
1.192
1.19175
1.19151
1.19125
1.19099
1.19075
1.19065
1.19032
1.19027
1.19072
1.20883
1.2092
1.20876
1.208
1.20695
1.20483
1.20126
1.1984
1.1955
1.19181
1.18785
1.18563
1.18441
1.18519
1.18745
1.19018
1.19291
1.19517
1.19688
1.19813
1.19901
1.19961
1.20002
1.20028
1.20043
1.20048
1.20047
1.20038
1.20025
1.20002
1.19977
1.19949
1.19925
1.19901
1.19873
1.19849
1.1982
1.19796
1.19786
1.1975
1.19745
1.19792
1.21578
1.21653
1.21701
1.21581
1.21389
1.21126
1.20905
1.20617
1.20235
1.19839
1.19529
1.19268
1.19181
1.19275
1.19475
1.19752
1.20026
1.20248
1.20415
1.20536
1.20621
1.20676
1.20714
1.20737
1.20748
1.20751
1.20748
1.20736
1.20719
1.20697
1.20668
1.20642
1.20614
1.20589
1.20558
1.20533
1.20501
1.20476
1.20467
1.20429
1.20425
1.20473
1.22381
1.22379
1.22379
1.22279
1.22141
1.21927
1.21629
1.21253
1.20909
1.20545
1.20194
1.19986
1.19913
1.19973
1.2018
1.20458
1.20723
1.2094
1.21104
1.21222
1.213
1.21351
1.21384
1.21401
1.21408
1.21407
1.21401
1.21385
1.21364
1.21344
1.21311
1.21286
1.21254
1.21229
1.21197
1.21171
1.21137
1.21111
1.21101
1.21061
1.21059
1.21109
1.23048
1.23042
1.23014
1.22926
1.22789
1.22596
1.22287
1.21923
1.21562
1.21212
1.20901
1.207
1.20595
1.20651
1.20857
1.21118
1.21373
1.21585
1.21746
1.21857
1.21929
1.21974
1.22001
1.22013
1.22016
1.22012
1.22001
1.21983
1.21957
1.21937
1.21901
1.21877
1.21843
1.21816
1.21784
1.21755
1.21721
1.21694
1.21685
1.21642
1.21641
1.21693
1.23721
1.23725
1.23656
1.23574
1.23442
1.23254
1.22935
1.22541
1.22185
1.21838
1.21525
1.21327
1.21238
1.21304
1.21494
1.21736
1.21981
1.22187
1.22339
1.2244
1.22503
1.22541
1.2256
1.22567
1.22563
1.22549
1.22534
1.22516
1.22488
1.22468
1.22433
1.22408
1.22375
1.22345
1.22319
1.22287
1.22258
1.2223
1.22224
1.22179
1.2218
1.22234
1.24331
1.24365
1.24295
1.24226
1.24107
1.23863
1.23448
1.23148
1.2281
1.22402
1.2209
1.21882
1.21798
1.21882
1.22062
1.22293
1.22529
1.22725
1.22866
1.22958
1.23012
1.23041
1.23052
1.23052
1.23038
1.23025
1.23
1.22982
1.2295
1.22926
1.22888
1.22859
1.22827
1.22791
1.2277
1.22732
1.22707
1.22677
1.22676
1.22629
1.22632
1.22688
1.24843
1.24924
1.24956
1.24838
1.24632
1.2431
1.24049
1.23734
1.23336
1.22927
1.22604
1.22359
1.22284
1.22369
1.22543
1.22781
1.23015
1.23202
1.23334
1.23418
1.23467
1.23489
1.23491
1.23469
1.23458
1.23434
1.23404
1.23382
1.23346
1.2332
1.23282
1.23248
1.2322
1.23176
1.23159
1.23116
1.23094
1.23062
1.23064
1.23016
1.2302
1.2308
1.25397
1.25448
1.25427
1.25302
1.25081
1.24862
1.24585
1.24206
1.23786
1.23435
1.2307
1.22786
1.22718
1.2277
1.22956
1.23208
1.23442
1.23621
1.23745
1.23821
1.23856
1.23864
1.23831
1.2382
1.23791
1.23752
1.23715
1.23685
1.23645
1.23615
1.23577
1.2354
1.23517
1.23466
1.23452
1.23407
1.23388
1.23354
1.2336
1.23308
1.23315
1.2338
1.25851
1.25828
1.25785
1.25688
1.2554
1.25305
1.24931
1.24584
1.24259
1.23865
1.23445
1.23208
1.23088
1.23137
1.23344
1.23595
1.23817
1.23985
1.24089
1.24139
1.24148
1.24111
1.241
1.24061
1.24012
1.2396
1.23916
1.23876
1.23831
1.23797
1.23757
1.23718
1.23697
1.23641
1.23627
1.23583
1.23562
1.23527
1.23535
1.2348
1.23489
1.23558
1.26056
1.26135
1.26079
1.26019
1.25869
1.25543
1.25229
1.24954
1.24604
1.24146
1.23792
1.23499
1.23336
1.23398
1.23612
1.2387
1.24095
1.24245
1.24314
1.24323
1.24294
1.24275
1.24231
1.24172
1.24098
1.24018
1.23962
1.23922
1.2387
1.23828
1.23783
1.23743
1.2372
1.23665
1.23648
1.23606
1.23582
1.23549
1.23558
1.23501
1.23512
1.23585
1.26229
1.263
1.26369
1.26251
1.26042
1.25744
1.25494
1.25187
1.24779
1.2438
1.24028
1.23723
1.23589
1.23676
1.23886
1.24125
1.24305
1.24397
1.24418
1.24397
1.24368
1.24321
1.24241
1.24148
1.24043
1.23935
1.23858
1.23814
1.23752
1.237
1.23644
1.23599
1.23568
1.23511
1.23487
1.23444
1.23416
1.23384
1.23393
1.23334
1.23349
1.23427
1.26217
1.26304
1.26315
1.26245
1.25959
1.25736
1.25489
1.25151
1.24685
1.2434
1.23978
1.23671
1.2359
1.23695
1.23915
1.24122
1.24275
1.24322
1.24304
1.24275
1.2423
1.24145
1.2404
1.23916
1.23789
1.23662
1.23557
1.23507
1.23461
1.23396
1.2333
1.2328
1.23237
1.23177
1.23144
1.23093
1.23055
1.23018
1.23021
1.22956
1.2297
1.23051
1.26132
1.26143
1.26108
1.26014
1.25797
1.25603
1.2534
1.2488
1.24525
1.24151
1.23778
1.23533
1.23492
1.23607
1.2381
1.23901
1.23987
1.24005
1.23982
1.2395
1.23865
1.23744
1.23602
1.23447
1.23298
1.23159
1.23043
1.22971
1.22936
1.2288
1.2281
1.22757
1.22708
1.22648
1.22612
1.22551
1.22506
1.2246
1.22456
1.2238
1.22388
1.22472
1.25863
1.25849
1.25751
1.25672
1.25528
1.25306
1.24904
1.24529
1.24181
1.23786
1.234
1.23227
1.23216
1.2333
1.23443
1.23515
1.23538
1.23517
1.23486
1.23412
1.23294
1.23141
1.22955
1.22771
1.22598
1.22448
1.22318
1.22224
1.2219
1.22159
1.22085
1.22031
1.21981
1.21925
1.21892
1.21827
1.21786
1.21736
1.21733
1.21652
1.21659
1.21749
1.25229
1.25332
1.25274
1.25187
1.25028
1.2468
1.2434
1.23999
1.23592
1.23175
1.22879
1.22708
1.22716
1.22818
1.22867
1.22905
1.22904
1.22882
1.22815
1.22687
1.22516
1.2232
1.22109
1.21905
1.21721
1.21565
1.21432
1.21333
1.21288
1.21273
1.21212
1.2116
1.21116
1.21069
1.21043
1.20983
1.20954
1.20906
1.20913
1.20833
1.20847
1.20948
1.24518
1.24579
1.24616
1.24472
1.24209
1.23953
1.23642
1.23246
1.22841
1.22475
1.22169
1.2204
1.22053
1.22072
1.22123
1.22128
1.22101
1.22046
1.21931
1.21752
1.21538
1.21302
1.21074
1.20867
1.20689
1.20539
1.20421
1.20337
1.20295
1.2029
1.20263
1.20229
1.20197
1.20165
1.20154
1.20109
1.20095
1.20054
1.20075
1.19998
1.20021
1.20133
1.23792
1.23796
1.2373
1.23617
1.23428
1.23204
1.22828
1.2245
1.22059
1.21658
1.2139
1.2126
1.21227
1.21247
1.21252
1.21247
1.21195
1.21094
1.20911
1.20682
1.20423
1.20171
1.19937
1.19738
1.19571
1.19439
1.19344
1.19286
1.19266
1.19282
1.19288
1.19281
1.1928
1.19275
1.19285
1.19269
1.19277
1.19253
1.19293
1.19225
1.1926
1.1938
1.22881
1.22999
1.22944
1.2285
1.22708
1.22453
1.2212
1.21729
1.21289
1.20929
1.20642
1.20517
1.20486
1.20457
1.20417
1.20365
1.20294
1.20127
1.19889
1.19626
1.19343
1.1907
1.18837
1.18646
1.18494
1.18382
1.18309
1.18273
1.18278
1.18325
1.18363
1.18385
1.18419
1.18448
1.18485
1.18506
1.18539
1.18548
1.18615
1.18563
1.18617
1.18745
1.22315
1.22389
1.22435
1.22318
1.22102
1.21862
1.21569
1.21192
1.20733
1.20323
1.20017
1.19846
1.19796
1.1978
1.19743
1.19703
1.19577
1.1936
1.19067
1.18736
1.18412
1.18133
1.17906
1.17724
1.17588
1.17488
1.17428
1.17408
1.17436
1.17505
1.17559
1.17603
1.17666
1.17728
1.17789
1.17848
1.17905
1.17951
1.18046
1.18021
1.18099
1.18234
1.22175
1.22202
1.22186
1.22076
1.21848
1.21583
1.21283
1.20824
1.20386
1.19964
1.19633
1.19525
1.19534
1.19532
1.19489
1.19411
1.19163
1.18836
1.18463
1.18088
1.17752
1.17477
1.17259
1.17089
1.16962
1.16868
1.16813
1.16798
1.16833
1.16912
1.16966
1.17016
1.1709
1.17168
1.17238
1.1732
1.17389
1.17458
1.17575
1.17574
1.17673
1.17809
1.22306
1.22313
1.22268
1.22141
1.21934
1.21674
1.21345
1.20848
1.20418
1.20003
1.19671
1.19553
1.19527
1.195
1.1943
1.19267
1.19014
1.18598
1.18142
1.17736
1.17403
1.17139
1.16933
1.16775
1.16655
1.16564
1.16511
1.16492
1.1652
1.16596
1.16643
1.16683
1.16744
1.16816
1.16878
1.16958
1.17017
1.17078
1.17192
1.17194
1.17298
1.17416
1.22586
1.22608
1.22536
1.22433
1.22253
1.21996
1.21636
1.21093
1.20666
1.20255
1.19937
1.19823
1.19751
1.19713
1.19621
1.1945
1.19068
1.18575
1.18089
1.17658
1.17333
1.17081
1.16886
1.1674
1.16624
1.16536
1.16481
1.16453
1.16468
1.16532
1.16567
1.16588
1.16623
1.16672
1.16714
1.16771
1.16799
1.16829
1.16919
1.16901
1.16993
1.17079
1.23133
1.23134
1.23083
1.22987
1.22841
1.2256
1.22092
1.21649
1.21187
1.20729
1.20421
1.20308
1.2023
1.20142
1.20008
1.19739
1.19312
1.18768
1.18248
1.17812
1.17497
1.1725
1.17059
1.16919
1.16806
1.16719
1.16655
1.16613
1.1661
1.1665
1.16671
1.16669
1.16674
1.16694
1.16709
1.16736
1.16733
1.1673
1.16793
1.16754
1.16828
1.16883
1.23752
1.23808
1.23768
1.23672
1.23525
1.23189
1.22759
1.22343
1.21845
1.21298
1.21047
1.2089
1.2082
1.20724
1.20516
1.20161
1.19667
1.19083
1.18549
1.18128
1.17825
1.17578
1.17385
1.17244
1.17131
1.17042
1.16966
1.1691
1.16888
1.16902
1.16911
1.16885
1.16867
1.16858
1.16848
1.16854
1.16823
1.16797
1.16838
1.16786
1.16844
1.16879
1.24487
1.24545
1.24507
1.2442
1.24245
1.23855
1.23387
1.22917
1.22435
1.21993
1.21755
1.21584
1.21491
1.21353
1.21043
1.20586
1.20026
1.19448
1.18885
1.18492
1.18201
1.17967
1.17789
1.17655
1.17545
1.17457
1.17377
1.17314
1.17277
1.17268
1.17272
1.1723
1.17198
1.17167
1.17133
1.17129
1.17073
1.17031
1.17055
1.16996
1.17042
1.17071
1.25154
1.25198
1.25229
1.25099
1.24824
1.24358
1.23905
1.23419
1.22936
1.22592
1.22383
1.22266
1.22155
1.21909
1.21517
1.20995
1.20403
1.19763
1.19225
1.18835
1.18565
1.18364
1.18216
1.18098
1.18001
1.17924
1.17849
1.17783
1.1774
1.17724
1.1773
1.17678
1.1764
1.17597
1.1755
1.17545
1.17471
1.17423
1.17434
1.1737
1.17405
1.17435
1.25769
1.25828
1.25822
1.2564
1.2529
1.24871
1.24406
1.23885
1.23422
1.23185
1.22992
1.2289
1.22734
1.22407
1.21996
1.21374
1.20669
1.2004
1.19554
1.19196
1.18945
1.18771
1.18646
1.18545
1.18467
1.18401
1.18333
1.1827
1.18231
1.18222
1.1824
1.18184
1.18155
1.18112
1.18064
1.18067
1.17985
1.1794
1.17943
1.17882
1.17911
1.17947
1.26405
1.26389
1.26351
1.26175
1.25853
1.25409
1.24826
1.24296
1.24008
1.23783
1.23595
1.23462
1.23222
1.22799
1.22405
1.21697
1.20941
1.2033
1.19885
1.19559
1.19325
1.19176
1.19073
1.18992
1.18933
1.18879
1.18825
1.18773
1.18736
1.18734
1.18773
1.18722
1.18709
1.18674
1.18633
1.18648
1.1857
1.18537
1.18542
1.18492
1.18519
1.18567
1.26795
1.26932
1.26894
1.2673
1.26414
1.25915
1.25334
1.24909
1.24586
1.24379
1.24212
1.23962
1.23733
1.23327
1.22748
1.21965
1.21195
1.20686
1.20266
1.19955
1.1975
1.19621
1.19532
1.19468
1.19423
1.1938
1.19338
1.19298
1.19259
1.19261
1.1932
1.19278
1.19281
1.19256
1.19225
1.19254
1.19188
1.19172
1.19186
1.19149
1.1918
1.19238
1.27271
1.27373
1.27431
1.27288
1.26991
1.26482
1.2594
1.25519
1.25183
1.25
1.24758
1.24463
1.2423
1.23817
1.2309
1.22184
1.21404
1.21029
1.20686
1.20422
1.20239
1.20137
1.20048
1.19981
1.19947
1.19912
1.19876
1.19847
1.19813
1.19817
1.19884
1.19845
1.19862
1.19849
1.1983
1.19872
1.19817
1.19814
1.1984
1.19816
1.19852
1.1992
1.28088
1.28043
1.28012
1.27822
1.27509
1.27065
1.26521
1.26094
1.25928
1.25736
1.25505
1.25225
1.24859
1.24238
1.23377
1.22471
1.21863
1.21401
1.21125
1.20905
1.20752
1.2068
1.20601
1.20543
1.20511
1.20475
1.20441
1.20421
1.20395
1.20402
1.20466
1.20427
1.20455
1.20455
1.20444
1.20491
1.20442
1.20447
1.20482
1.20466
1.20507
1.20579
1.28664
1.28682
1.28621
1.28461
1.28105
1.27666
1.27159
1.26834
1.26576
1.26364
1.26175
1.25873
1.25429
1.24698
1.23808
1.22975
1.22301
1.21871
1.21594
1.21414
1.21332
1.21245
1.2118
1.21135
1.21108
1.21075
1.2105
1.21034
1.21011
1.21019
1.21082
1.21036
1.21063
1.21071
1.21057
1.21103
1.21056
1.21061
1.21098
1.2108
1.21123
1.21192
1.29259
1.29298
1.29283
1.29101
1.28765
1.28367
1.28002
1.27609
1.27224
1.27025
1.26875
1.26513
1.25999
1.25204
1.24232
1.23395
1.22825
1.22351
1.22154
1.22007
1.21922
1.21848
1.21791
1.21773
1.21743
1.21712
1.21686
1.21668
1.21643
1.21646
1.21707
1.21655
1.2168
1.21689
1.21668
1.21707
1.21656
1.21656
1.21689
1.21669
1.2171
1.21773
1.29864
1.29912
1.29898
1.29774
1.29499
1.29154
1.28699
1.28277
1.28029
1.27782
1.27511
1.27139
1.26518
1.25675
1.24719
1.2389
1.23243
1.22944
1.22727
1.22621
1.22534
1.22469
1.22431
1.2242
1.22382
1.22353
1.22323
1.22302
1.22277
1.22271
1.22328
1.22272
1.22294
1.22299
1.22274
1.22306
1.2225
1.22244
1.22274
1.22249
1.22289
1.22346
1.3061
1.30711
1.30667
1.30505
1.30205
1.29775
1.2938
1.29139
1.28924
1.28599
1.28275
1.27745
1.2703
1.26149
1.25144
1.24343
1.23793
1.23509
1.2334
1.23227
1.23135
1.23071
1.23055
1.23035
1.23009
1.22987
1.2296
1.22931
1.22901
1.22892
1.22942
1.22889
1.22906
1.22906
1.22878
1.22905
1.22842
1.22829
1.22853
1.22824
1.22859
1.22912
1.31272
1.31369
1.31388
1.31166
1.30729
1.30247
1.3005
1.29961
1.29709
1.29367
1.28951
1.28367
1.27586
1.26628
1.256
1.24867
1.24439
1.24097
1.23928
1.23788
1.23688
1.23662
1.23666
1.23645
1.2364
1.2362
1.23599
1.23574
1.23538
1.23523
1.23568
1.23513
1.23522
1.23519
1.23484
1.23506
1.23439
1.23417
1.23437
1.234
1.23428
1.23478
1.31815
1.31927
1.31963
1.3176
1.31275
1.30824
1.30681
1.3059
1.30358
1.30044
1.29613
1.28911
1.2799
1.26974
1.25881
1.25357
1.24958
1.24727
1.24548
1.24416
1.24328
1.24275
1.24259
1.2427
1.24283
1.2425
1.24227
1.24208
1.24163
1.24137
1.24178
1.24123
1.24126
1.24121
1.24082
1.24103
1.24034
1.24011
1.24032
1.23991
1.24015
1.24065
1.32433
1.32487
1.32429
1.32271
1.3189
1.31585
1.3138
1.31209
1.31067
1.30708
1.30198
1.2944
1.28385
1.27224
1.26234
1.2586
1.25555
1.25327
1.25162
1.25033
1.24932
1.24872
1.24863
1.24877
1.24897
1.24853
1.24826
1.2482
1.24767
1.24738
1.24778
1.24725
1.24727
1.24722
1.24682
1.24701
1.24633
1.24611
1.24635
1.24594
1.24615
1.24667
1.32882
1.32907
1.32839
1.32638
1.32483
1.32368
1.32093
1.31784
1.31549
1.31232
1.30732
1.29883
1.28787
1.27721
1.26856
1.26299
1.2606
1.25836
1.25688
1.25581
1.25504
1.25462
1.25455
1.25466
1.25488
1.25439
1.25406
1.25417
1.2536
1.25333
1.25379
1.25322
1.25322
1.25327
1.25285
1.25304
1.25237
1.25216
1.25243
1.25201
1.25222
1.25276
1.33238
1.33259
1.33242
1.3324
1.33194
1.33059
1.32783
1.32352
1.32103
1.31738
1.31149
1.30272
1.29282
1.28105
1.2729
1.26729
1.26518
1.26315
1.2619
1.26104
1.26038
1.26026
1.26034
1.26043
1.26053
1.26014
1.25975
1.25998
1.25939
1.25918
1.25972
1.25911
1.2591
1.25927
1.25883
1.25906
1.25844
1.25825
1.25856
1.25814
1.25835
1.25892
1.33675
1.33803
1.33866
1.33826
1.33756
1.33559
1.33323
1.32974
1.32714
1.32295
1.31585
1.30773
1.2972
1.28558
1.27645
1.27308
1.26966
1.26805
1.26698
1.26608
1.26562
1.26566
1.26585
1.26607
1.26589
1.26579
1.26539
1.26568
1.26509
1.26495
1.26552
1.26493
1.26489
1.26518
1.26473
1.26504
1.26443
1.26428
1.26465
1.26425
1.26448
1.26507
1.34279
1.34364
1.34408
1.3424
1.34098
1.33936
1.33835
1.33665
1.33372
1.32856
1.32119
1.31127
1.30048
1.28907
1.28319
1.27851
1.27505
1.2732
1.27199
1.2711
1.27071
1.27079
1.27114
1.2715
1.27122
1.27128
1.27094
1.27127
1.27071
1.27065
1.27123
1.27065
1.27062
1.271
1.27056
1.27094
1.27035
1.27023
1.27064
1.27025
1.2705
1.2711
1.34837
1.34801
1.34766
1.34733
1.34634
1.34395
1.34315
1.3421
1.33975
1.33472
1.32621
1.31408
1.30226
1.29295
1.28843
1.28411
1.28081
1.27878
1.27697
1.276
1.27564
1.27578
1.27631
1.27669
1.27659
1.2767
1.27639
1.27671
1.27626
1.27624
1.27683
1.27624
1.27628
1.27676
1.27634
1.27677
1.27619
1.27611
1.27657
1.2762
1.27648
1.27708
1.3525
1.35298
1.35346
1.35282
1.35062
1.35051
1.34969
1.34765
1.34478
1.33973
1.33005
1.31702
1.30421
1.29879
1.29301
1.2887
1.28621
1.28402
1.2825
1.28113
1.28069
1.281
1.28155
1.28185
1.28187
1.28208
1.28182
1.2821
1.28171
1.28169
1.28227
1.28167
1.28179
1.28234
1.28195
1.28244
1.28189
1.28184
1.28235
1.282
1.28233
1.28293
1.35755
1.35813
1.35853
1.35819
1.35726
1.35583
1.35567
1.35291
1.34988
1.34414
1.3332
1.3196
1.30926
1.30365
1.29812
1.2936
1.29184
1.28955
1.2878
1.28641
1.28595
1.28635
1.28695
1.28718
1.28717
1.28752
1.28728
1.28749
1.28707
1.287
1.28751
1.28702
1.28716
1.28779
1.28739
1.28793
1.28741
1.28736
1.28789
1.28754
1.28789
1.28847
1.36145
1.36221
1.36252
1.36235
1.36243
1.36162
1.36051
1.35793
1.35438
1.34704
1.33523
1.3227
1.31571
1.30765
1.30209
1.29954
1.29683
1.29512
1.29307
1.29153
1.29113
1.29158
1.29227
1.2925
1.29237
1.29274
1.29254
1.29275
1.29237
1.29222
1.29267
1.29231
1.29247
1.29318
1.29277
1.29332
1.29285
1.29281
1.29336
1.293
1.29337
1.2939
1.36527
1.3663
1.36731
1.36803
1.36838
1.3676
1.36586
1.36245
1.35729
1.3505
1.3384
1.32808
1.31911
1.31218
1.30713
1.30486
1.30233
1.29977
1.29742
1.29609
1.29589
1.29648
1.29731
1.29762
1.29741
1.29786
1.29768
1.29796
1.29764
1.29753
1.29797
1.29755
1.29773
1.29844
1.29805
1.29861
1.2982
1.29818
1.29876
1.29841
1.29877
1.29927
1.37004
1.3711
1.3728
1.37324
1.37286
1.37255
1.37
1.36732
1.36288
1.35543
1.34566
1.3346
1.32416
1.31593
1.31298
1.30897
1.30572
1.30326
1.30182
1.30081
1.30079
1.30159
1.30246
1.30276
1.30262
1.30305
1.30292
1.30324
1.30288
1.30293
1.30336
1.30289
1.3029
1.30353
1.30316
1.30374
1.30337
1.30337
1.30393
1.30359
1.30394
1.3044
1.37472
1.37611
1.37736
1.3776
1.37697
1.37596
1.37481
1.37192
1.36756
1.36115
1.35163
1.34056
1.32853
1.32262
1.31659
1.31209
1.30934
1.30723
1.30623
1.30554
1.30581
1.3067
1.30754
1.30789
1.30785
1.30821
1.30827
1.30844
1.30803
1.30816
1.30861
1.30811
1.30802
1.30859
1.3082
1.30876
1.30842
1.3084
1.30893
1.3086
1.30892
1.30936
1.38014
1.38101
1.381
1.38155
1.38053
1.38006
1.37911
1.37606
1.37231
1.36518
1.35473
1.34384
1.33345
1.32789
1.32113
1.31612
1.31369
1.312
1.311
1.31057
1.31091
1.31176
1.31244
1.3128
1.31299
1.31331
1.31348
1.31342
1.31305
1.31312
1.31366
1.31311
1.31305
1.3136
1.31314
1.31365
1.31333
1.31329
1.31383
1.31352
1.31386
1.3143
1.38566
1.38499
1.38553
1.38535
1.38484
1.38403
1.38304
1.38045
1.3758
1.36682
1.35543
1.34388
1.33715
1.33219
1.32658
1.32195
1.31899
1.31718
1.31608
1.31576
1.31609
1.31679
1.31733
1.31763
1.318
1.31836
1.31842
1.31834
1.31798
1.31791
1.31847
1.3179
1.31786
1.31846
1.31791
1.31838
1.31806
1.31801
1.31858
1.31829
1.31866
1.31909
1.38936
1.3898
1.38961
1.38935
1.38932
1.38866
1.38729
1.38467
1.3791
1.36876
1.35652
1.34575
1.34247
1.33595
1.33063
1.32715
1.32375
1.32198
1.32095
1.32059
1.32089
1.32146
1.32201
1.32237
1.32263
1.32307
1.32298
1.32311
1.32272
1.32256
1.32299
1.32255
1.32251
1.32319
1.32263
1.32304
1.32269
1.32263
1.32326
1.32294
1.32336
1.32378
1.3931
1.39399
1.39439
1.39394
1.39416
1.39321
1.39181
1.38919
1.38327
1.37246
1.36012
1.35171
1.34564
1.33938
1.33439
1.33048
1.32805
1.32616
1.32519
1.32485
1.32511
1.32562
1.32628
1.32669
1.32691
1.3274
1.32728
1.32766
1.32726
1.3271
1.32748
1.32704
1.32704
1.32773
1.32724
1.32764
1.32728
1.32724
1.32793
1.32758
1.32804
1.32846
1.39723
1.3984
1.39831
1.3983
1.39811
1.39789
1.39618
1.3933
1.38744
1.377
1.36498
1.35727
1.3492
1.34211
1.33779
1.33404
1.33163
1.33006
1.32915
1.32894
1.32913
1.3298
1.33046
1.33097
1.33111
1.33166
1.33161
1.33206
1.33167
1.33162
1.332
1.33156
1.33151
1.33207
1.33169
1.33213
1.33178
1.33178
1.33251
1.33212
1.33259
1.33302
1.40056
1.40152
1.40169
1.40184
1.40148
1.4008
1.39934
1.3966
1.39075
1.38063
1.36915
1.36089
1.35317
1.34618
1.34128
1.33781
1.33557
1.33403
1.33337
1.333
1.33325
1.33402
1.33461
1.33514
1.33539
1.33602
1.336
1.33628
1.33596
1.3362
1.33655
1.33618
1.33596
1.33637
1.33607
1.33652
1.33621
1.33624
1.33696
1.33651
1.33696
1.33737
1.40343
1.40419
1.40442
1.40463
1.40422
1.40327
1.40149
1.3983
1.39241
1.38295
1.37256
1.36442
1.35667
1.34989
1.3452
1.34158
1.33936
1.33797
1.33733
1.33688
1.33729
1.33799
1.33847
1.33899
1.33942
1.34006
1.34023
1.34019
1.34021
1.34055
1.34096
1.34052
1.34028
1.34051
1.34034
1.34078
1.34059
1.34065
1.3414
1.34089
1.34133
1.34172
1.4059
1.40684
1.40752
1.40823
1.40768
1.40653
1.40409
1.40021
1.39501
1.38604
1.37694
1.36791
1.35955
1.35294
1.34838
1.34523
1.34284
1.34178
1.34096
1.34077
1.34126
1.34182
1.34223
1.34283
1.34339
1.34378
1.34418
1.34407
1.34441
1.34458
1.34507
1.34456
1.34441
1.34448
1.34446
1.34482
1.34479
1.34486
1.3457
1.34515
1.34559
1.34593
1.40808
1.40942
1.41102
1.41169
1.41168
1.41006
1.40654
1.40208
1.39806
1.38978
1.38088
1.37106
1.36216
1.35586
1.35116
1.3484
1.3463
1.34529
1.34469
1.34471
1.34524
1.3457
1.34608
1.34673
1.34733
1.34771
1.34815
1.34802
1.34834
1.34833
1.34892
1.34849
1.34843
1.34846
1.34846
1.34881
1.34874
1.34882
1.34975
1.34917
1.34957
1.34987
1.41008
1.41217
1.41407
1.41478
1.41516
1.41326
1.4093
1.40521
1.40029
1.39331
1.38437
1.37397
1.36479
1.35836
1.35428
1.35118
1.34968
1.34864
1.34824
1.34839
1.34893
1.34934
1.34979
1.35038
1.35104
1.35147
1.35179
1.35175
1.35192
1.35184
1.35242
1.35216
1.35228
1.35244
1.3524
1.35291
1.35255
1.3527
1.35366
1.3531
1.35347
1.35372
1.41263
1.41442
1.41664
1.41709
1.41791
1.4156
1.41204
1.40836
1.40312
1.39639
1.38754
1.3768
1.36751
1.36117
1.35711
1.35458
1.35289
1.35216
1.35179
1.35202
1.35242
1.35282
1.35328
1.35381
1.35455
1.35503
1.35532
1.35524
1.3552
1.35515
1.35579
1.35564
1.35587
1.35611
1.35625
1.35676
1.35631
1.35636
1.35737
1.3569
1.35728
1.35743
1.41487
1.41663
1.41856
1.41927
1.4198
1.41755
1.41419
1.4107
1.40598
1.39939
1.39038
1.37946
1.37015
1.36462
1.36031
1.35798
1.35626
1.35565
1.35536
1.3556
1.35594
1.35635
1.35682
1.35732
1.35803
1.35843
1.35892
1.35867
1.35854
1.35852
1.35922
1.3591
1.3594
1.35958
1.35987
1.36036
1.35988
1.35979
1.36079
1.3604
1.36076
1.36078
1.417
1.41858
1.4202
1.42107
1.4213
1.41934
1.4163
1.41284
1.40848
1.40102
1.39215
1.38191
1.37275
1.36822
1.36364
1.36109
1.35943
1.35888
1.35862
1.35883
1.3591
1.3595
1.36003
1.36058
1.3613
1.36165
1.3621
1.36209
1.36184
1.36185
1.36246
1.36245
1.36286
1.36315
1.36334
1.36392
1.36331
1.36319
1.3641
1.3638
1.36414
1.36402
1.4195
1.42055
1.42201
1.42276
1.42269
1.42128
1.41822
1.41442
1.40946
1.4018
1.39411
1.38504
1.37634
1.37185
1.367
1.36416
1.3626
1.36187
1.36158
1.3617
1.36193
1.36243
1.36294
1.36351
1.36427
1.36464
1.36504
1.36521
1.36497
1.365
1.36536
1.36553
1.36614
1.36649
1.36657
1.36725
1.36659
1.3665
1.36733
1.36714
1.36755
1.36729
1.42148
1.42272
1.42424
1.42487
1.42464
1.42309
1.41966
1.41576
1.41039
1.40374
1.39689
1.38858
1.38026
1.375
1.37023
1.36716
1.36563
1.36485
1.36462
1.36457
1.36489
1.36543
1.36594
1.36652
1.3673
1.36774
1.36811
1.36828
1.36813
1.36814
1.36826
1.36849
1.3693
1.36957
1.36952
1.3702
1.36958
1.36952
1.3703
1.37016
1.37068
1.37023
1.42262
1.42519
1.42664
1.42723
1.4268
1.42476
1.421
1.41734
1.41201
1.40705
1.39946
1.39115
1.38365
1.37741
1.37278
1.36999
1.36835
1.36769
1.36735
1.36736
1.36785
1.36832
1.36885
1.36955
1.37031
1.37078
1.37104
1.37132
1.3712
1.37122
1.37129
1.3715
1.37228
1.37252
1.3724
1.37304
1.37251
1.37246
1.37314
1.37299
1.37353
1.37294
1.42452
1.42635
1.42839
1.42888
1.42877
1.42645
1.42296
1.41897
1.414
1.40961
1.40158
1.39277
1.38587
1.37958
1.37497
1.37248
1.37085
1.37028
1.3698
1.37006
1.37055
1.37093
1.37147
1.37223
1.37297
1.37346
1.3737
1.374
1.3739
1.37394
1.37407
1.37423
1.37479
1.37515
1.3751
1.37578
1.37542
1.37546
1.37607
1.37584
1.37639
1.37563
1.42626
1.4276
1.42998
1.43028
1.43047
1.42837
1.42502
1.42113
1.41609
1.41111
1.40324
1.39397
1.38749
1.38147
1.37712
1.37484
1.3734
1.3729
1.3725
1.37277
1.37321
1.37354
1.37412
1.37489
1.37556
1.37612
1.37629
1.37657
1.37646
1.37647
1.37665
1.37678
1.37708
1.37754
1.37755
1.37829
1.37804
1.37818
1.37873
1.3785
1.379
1.37817
1.42722
1.42864
1.43079
1.43138
1.43135
1.42963
1.42659
1.4229
1.41807
1.41214
1.40448
1.39536
1.38862
1.38335
1.37954
1.3772
1.37592
1.37523
1.37503
1.37543
1.37578
1.37608
1.37666
1.37741
1.37813
1.37862
1.37882
1.37909
1.37894
1.37894
1.37922
1.37929
1.37944
1.37988
1.37994
1.38072
1.38051
1.38065
1.38104
1.38092
1.38125
1.38057
1.42763
1.42905
1.4312
1.43199
1.43224
1.43057
1.42755
1.42364
1.41873
1.41292
1.40553
1.3973
1.39052
1.38519
1.38189
1.37927
1.37796
1.3772
1.37719
1.37756
1.37786
1.37811
1.37867
1.37937
1.38017
1.38065
1.38097
1.38128
1.38115
1.38121
1.38159
1.38167
1.38179
1.38228
1.38237
1.38311
1.38294
1.38308
1.38328
1.38324
1.38346
1.38286
1.42816
1.43
1.4317
1.4328
1.43277
1.43077
1.42744
1.42344
1.4177
1.41306
1.40623
1.39886
1.39265
1.38737
1.38413
1.38147
1.38001
1.37928
1.37932
1.37963
1.3799
1.38011
1.38059
1.3812
1.38198
1.38251
1.38283
1.3831
1.38308
1.3832
1.38359
1.38367
1.3838
1.38442
1.38453
1.38511
1.38514
1.38537
1.38542
1.38546
1.38562
1.38515
1.42984
1.43085
1.43298
1.43396
1.43331
1.43104
1.42785
1.4236
1.41793
1.41333
1.40685
1.39988
1.39412
1.38931
1.38551
1.38321
1.3818
1.38125
1.38138
1.38175
1.38194
1.3823
1.38284
1.38342
1.38409
1.38451
1.38484
1.38502
1.38505
1.38511
1.38546
1.38554
1.38569
1.38629
1.38642
1.38671
1.3869
1.38722
1.38719
1.38735
1.38752
1.38712
1.43126
1.43231
1.43388
1.43398
1.43325
1.43177
1.42874
1.42423
1.41945
1.41366
1.40725
1.40071
1.39601
1.39059
1.38675
1.38445
1.38311
1.38254
1.38269
1.38317
1.38367
1.38418
1.38477
1.38543
1.38606
1.38643
1.38681
1.38682
1.38686
1.38696
1.38732
1.38743
1.38758
1.38805
1.38826
1.38839
1.38856
1.38893
1.3888
1.38899
1.38914
1.38882
1.43218
1.43379
1.43465
1.43384
1.43336
1.4326
1.42981
1.42576
1.42129
1.41478
1.40765
1.40129
1.39632
1.39091
1.38748
1.38543
1.3844
1.38391
1.38395
1.38421
1.38472
1.38536
1.38603
1.38678
1.38745
1.38786
1.38818
1.38814
1.38819
1.38835
1.38874
1.38895
1.38916
1.38959
1.38987
1.39
1.39015
1.39057
1.39045
1.39069
1.39084
1.39059
1.43324
1.4344
1.43473
1.4347
1.43412
1.43318
1.43044
1.42765
1.42306
1.41609
1.40815
1.4011
1.39598
1.39131
1.38806
1.38646
1.38575
1.38544
1.38543
1.38548
1.38592
1.38647
1.3871
1.38792
1.38857
1.38895
1.38929
1.38927
1.38932
1.38945
1.38974
1.38999
1.39022
1.39062
1.39097
1.39121
1.39145
1.39201
1.392
1.3923
1.39246
1.39229
1.43297
1.43417
1.4352
1.43526
1.43447
1.43414
1.43185
1.42895
1.42371
1.41641
1.40826
1.40021
1.39551
1.39171
1.38894
1.38773
1.38713
1.38701
1.38702
1.38703
1.38733
1.38767
1.38821
1.38904
1.38971
1.39012
1.3905
1.39057
1.39068
1.39083
1.39109
1.39135
1.39155
1.3918
1.39211
1.39238
1.3926
1.39316
1.39315
1.39343
1.39358
1.39339
1.43195
1.43347
1.435
1.43503
1.43487
1.43421
1.43158
1.42813
1.42313
1.41563
1.40758
1.39964
1.39518
1.39196
1.38973
1.38883
1.3883
1.38825
1.38821
1.38828
1.38847
1.38864
1.38916
1.38992
1.39057
1.39106
1.39142
1.39156
1.39167
1.39186
1.39213
1.39236
1.39254
1.39274
1.39303
1.39334
1.39359
1.3942
1.39427
1.3945
1.39463
1.39452
1.43107
1.4324
1.43392
1.4348
1.43481
1.43364
1.43097
1.4273
1.42236
1.41496
1.40683
1.39963
1.39464
1.39164
1.39068
1.38953
1.38916
1.38896
1.38903
1.38927
1.38935
1.38947
1.39
1.39067
1.39136
1.39184
1.39217
1.39233
1.39247
1.39272
1.39298
1.39318
1.39335
1.39353
1.39379
1.39413
1.39444
1.39513
1.39529
1.39546
1.39556
1.39545
1.43061
1.43161
1.43265
1.43317
1.43287
1.43254
1.43012
1.42716
1.42133
1.41337
1.40636
1.39986
1.39511
1.39253
1.39129
1.3901
1.3896
1.3894
1.38965
1.38989
1.38995
1.39029
1.39089
1.39157
1.3922
1.39257
1.39291
1.39302
1.39314
1.39333
1.39351
1.39363
1.3937
1.39381
1.39401
1.39436
1.39476
1.39554
1.39587
1.39607
1.39623
1.39622
1.43002
1.43061
1.43104
1.43141
1.43099
1.43059
1.4292
1.4266
1.42086
1.41308
1.40623
1.40014
1.39539
1.39287
1.39118
1.39022
1.3895
1.38935
1.38962
1.38972
1.38988
1.39044
1.39122
1.39202
1.39273
1.39313
1.3935
1.39367
1.39383
1.39404
1.39423
1.39437
1.39445
1.39455
1.39474
1.39505
1.3954
1.39601
1.39629
1.39638
1.39657
1.39655
1.42891
1.4294
1.4299
1.4299
1.42974
1.42924
1.42838
1.42567
1.42054
1.41355
1.40591
1.39954
1.39547
1.39277
1.3913
1.39017
1.38973
1.38973
1.38988
1.38976
1.38986
1.39032
1.39109
1.39193
1.39264
1.39307
1.39341
1.39356
1.39371
1.39391
1.39414
1.39434
1.39447
1.39462
1.39483
1.39515
1.39555
1.39613
1.39638
1.39644
1.39666
1.39671
1.42655
1.42748
1.42845
1.42866
1.42849
1.42838
1.42695
1.42421
1.41935
1.41298
1.40556
1.39871
1.39517
1.39217
1.3904
1.38969
1.38942
1.38938
1.38949
1.38947
1.38964
1.39016
1.39108
1.392
1.39273
1.39319
1.39353
1.39373
1.39389
1.39406
1.39425
1.39443
1.39459
1.39478
1.39502
1.39537
1.3958
1.39629
1.39658
1.39673
1.39707
1.39728
1.42386
1.42549
1.42703
1.42737
1.42744
1.42673
1.42472
1.42155
1.41751
1.41156
1.4048
1.39832
1.39501
1.392
1.39029
1.38962
1.38916
1.38911
1.38908
1.38917
1.38938
1.38983
1.39061
1.39148
1.39215
1.39263
1.39291
1.3931
1.39333
1.39359
1.39386
1.39413
1.39438
1.39464
1.39494
1.39531
1.3957
1.39603
1.39623
1.39635
1.3965
1.39655
1.42156
1.42283
1.42429
1.42515
1.42494
1.42421
1.42203
1.41899
1.41474
1.40916
1.40293
1.39738
1.39353
1.3914
1.38994
1.38955
1.38919
1.38912
1.38902
1.3892
1.38942
1.38982
1.39046
1.39115
1.39168
1.39208
1.39236
1.39256
1.39278
1.39305
1.39334
1.39362
1.39388
1.39414
1.3944
1.3947
1.39499
1.39527
1.39545
1.39564
1.39573
1.3958
)
;

boundaryField
{
    lateral_sides
    {
        type            empty;
    }
    outerwall
    {
        type            calculated;
        value           nonuniform List<scalar> 
214
(
0.468432
0.466603
0.46711
0.467964
0.468829
0.469607
0.470432
0.47119
0.472189
0.473289
0.474383
0.475546
0.476664
0.47812
0.478901
0.480271
0.482096
0.483842
0.485847
0.488145
0.49062
0.493505
0.496777
0.499367
0.501719
0.504645
0.507854
0.511404
0.514132
0.517753
0.521255
0.524869
0.52897
0.532489
0.536594
0.540705
0.545121
0.549332
0.553405
0.557725
0.562599
0.567153
0.571311
0.576292
0.580541
0.585524
0.590713
0.596314
0.601279
0.606626
0.611494
0.61661
0.621627
0.627092
0.633285
0.639507
0.645304
0.650749
0.656981
0.663041
0.669546
0.676154
0.682868
0.689245
0.695409
0.702259
0.708655
0.715429
0.722452
0.729788
0.736229
0.742542
0.749317
0.756268
0.763423
0.770628
0.777925
0.785465
0.792181
0.799128
0.806257
0.813876
0.821943
0.829298
0.836259
0.84391
0.851995
0.859873
0.867645
0.874391
0.881699
0.889306
0.89732
0.905415
0.912341
0.919939
0.928339
0.936517
0.944086
0.951204
0.958618
0.966749
0.975232
0.982841
0.990643
0.998387
1.0052
1.01289
1.02083
1.029
1.03624
1.04361
1.05206
1.06083
1.06823
1.07607
1.08435
1.0929
1.10116
1.10921
1.11845
1.12667
1.13458
1.14356
1.15228
1.16013
1.16898
1.17801
1.18546
1.19307
1.20128
1.20883
1.21578
1.22381
1.23048
1.23721
1.24331
1.24843
1.25397
1.25851
1.26056
1.26229
1.26217
1.26132
1.25863
1.25229
1.24518
1.23792
1.22881
1.22315
1.22175
1.22306
1.22586
1.23133
1.23752
1.24487
1.25153
1.25769
1.26405
1.26795
1.27271
1.28088
1.28664
1.29259
1.29864
1.3061
1.31272
1.31815
1.32433
1.32882
1.33238
1.33675
1.34279
1.34837
1.3525
1.35755
1.36145
1.36527
1.37004
1.37472
1.38014
1.38566
1.38936
1.3931
1.39723
1.40056
1.40343
1.4059
1.40808
1.41008
1.41263
1.41487
1.417
1.4195
1.42148
1.42262
1.42452
1.42626
1.42722
1.42763
1.42816
1.42984
1.43126
1.43217
1.43324
1.43297
1.43195
1.43107
1.43061
1.43002
1.42891
1.42655
1.42386
1.42156
)
;
    }
    longitudinal_symmetry
    {
        type            symmetryPlane;
    }
    inlet
    {
        type            calculated;
        value           nonuniform List<scalar> 
42
(
0.469612
0.469658
0.469624
0.469573
0.469601
0.46967
0.469729
0.469808
0.469853
0.469883
0.469888
0.469905
0.469921
0.46994
0.469959
0.469982
0.470014
0.470057
0.470105
0.470156
0.470205
0.470253
0.470299
0.470348
0.470391
0.470441
0.470496
0.47056
0.47063
0.470701
0.470777
0.470856
0.470938
0.471021
0.471104
0.471184
0.471261
0.471332
0.471394
0.471444
0.471481
0.471498
)
;
    }
    outlet
    {
        type            calculated;
        value           nonuniform List<scalar> 
42
(
1.42156
1.42283
1.42429
1.42515
1.42494
1.42421
1.42203
1.41899
1.41474
1.40916
1.40293
1.39738
1.39353
1.3914
1.38994
1.38955
1.38919
1.38912
1.38902
1.3892
1.38942
1.38982
1.39046
1.39115
1.39168
1.39208
1.39236
1.39256
1.39278
1.39305
1.39334
1.39362
1.39388
1.39414
1.3944
1.3947
1.39499
1.39527
1.39545
1.39564
1.39573
1.3958
)
;
    }
}


// ************************************************************************* //
