/*--------------------------------*- C++ -*----------------------------------*\
| =========                 |                                                 |
| \\      /  F ield         | OpenFOAM: The Open Source CFD Toolbox           |
|  \\    /   O peration     | Version:  2412                                  |
|   \\  /    A nd           | Website:  www.openfoam.com                      |
|    \\/     M anipulation  |                                                 |
\*---------------------------------------------------------------------------*/
FoamFile
{
    version     2.0;
    format      ascii;
    arch        "LSB;label=32;scalar=64";
    class       volScalarField;
    location    "0.013";
    object      p;
}
// * * * * * * * * * * * * * * * * * * * * * * * * * * * * * * * * * * * * * //

dimensions      [1 -1 -2 0 0 0 0];

internalField   nonuniform List<scalar> 
8988
(
528.744
528.7
528.746
528.754
528.701
528.678
528.741
528.761
528.735
528.721
528.712
528.722
528.73
528.732
528.731
528.732
528.737
528.74
528.742
528.742
528.742
528.742
528.742
528.741
528.74
528.738
528.733
528.73
528.728
528.725
528.717
528.707
528.693
528.679
528.665
528.651
528.638
528.624
528.612
528.602
528.594
528.59
529.189
529.04
529.057
528.901
529.122
529.137
528.878
528.87
529.063
529.075
528.951
528.887
528.894
528.932
528.901
528.863
528.857
528.854
528.837
528.814
528.791
528.769
528.746
528.722
528.697
528.674
528.652
528.625
528.603
528.582
528.561
528.539
528.514
528.492
528.473
528.454
528.435
528.417
528.399
528.383
528.371
528.365
529.025
528.753
528.824
528.542
528.602
529.02
528.962
528.575
528.619
528.869
528.793
528.66
528.67
528.697
528.66
528.635
528.628
528.615
528.596
528.577
528.559
528.542
528.526
528.512
528.499
528.488
528.48
528.473
528.47
528.467
528.463
528.454
528.443
528.432
528.421
528.41
528.399
528.387
528.377
528.369
528.362
528.357
528.37
528.492
528.795
528.392
528.094
528.456
528.701
528.453
528.239
528.4
528.462
528.368
528.343
528.344
528.333
528.321
528.302
528.285
528.272
528.26
528.249
528.242
528.237
528.234
528.232
528.23
528.228
528.23
528.236
528.246
528.258
528.272
528.287
528.304
528.322
528.339
528.353
528.364
528.372
528.378
528.381
528.384
527.808
528.119
528.368
528.381
527.908
527.657
528.196
528.342
527.987
527.897
528.053
528.05
527.995
527.982
527.982
527.975
527.957
527.944
527.937
527.929
527.923
527.92
527.921
527.924
527.928
527.934
527.943
527.957
527.974
527.994
528.019
528.051
528.09
528.134
528.181
528.229
528.273
528.312
528.344
528.37
528.389
528.399
527.461
527.763
527.81
528.027
527.908
527.405
527.465
527.927
527.867
527.574
527.608
527.688
527.662
527.664
527.606
527.588
527.614
527.614
527.587
527.576
527.577
527.578
527.578
527.582
527.589
527.6
527.615
527.636
527.662
527.692
527.727
527.772
527.828
527.892
527.962
528.036
528.112
528.184
528.25
528.305
528.345
528.369
527.416
527.377
527.158
527.45
527.744
527.41
527.037
527.254
527.567
527.375
527.238
527.281
527.298
527.341
527.287
527.213
527.241
527.273
527.25
527.224
527.226
527.232
527.232
527.235
527.243
527.257
527.275
527.298
527.329
527.365
527.41
527.465
527.531
527.607
527.691
527.783
527.881
527.981
528.076
528.16
528.222
528.262
527.324
526.994
526.781
526.826
527.221
527.316
526.951
526.767
527.048
527.107
526.985
526.937
526.92
527.012
527.001
526.889
526.879
526.928
526.933
526.895
526.886
526.896
526.9
526.899
526.906
526.92
526.939
526.963
526.994
527.034
527.083
527.142
527.212
527.291
527.38
527.478
527.584
527.696
527.807
527.909
527.986
528.041
526.59
526.744
527.042
526.882
526.511
526.49
526.862
526.832
526.661
526.623
526.687
526.695
526.594
526.619
526.673
526.604
526.553
526.586
526.608
526.576
526.559
526.566
526.573
526.572
526.576
526.59
526.608
526.631
526.662
526.702
526.75
526.808
526.876
526.953
527.04
527.135
527.238
527.346
527.453
527.551
527.627
527.685
526.251
526.48
526.411
526.599
526.699
526.218
526.166
526.494
526.508
526.323
526.294
526.403
526.373
526.261
526.312
526.349
526.283
526.255
526.279
526.283
526.26
526.251
526.256
526.259
526.26
526.269
526.284
526.304
526.33
526.365
526.407
526.458
526.517
526.585
526.661
526.744
526.832
526.922
527.009
527.087
527.146
527.199
526.395
526.102
525.917
525.979
526.284
526.358
526.012
525.95
526.131
526.144
526.003
526.03
526.12
526.001
525.954
526.034
526.028
525.952
525.951
525.977
525.963
525.942
525.941
525.947
525.946
525.949
525.96
525.975
525.995
526.02
526.052
526.09
526.134
526.185
526.242
526.302
526.364
526.426
526.482
526.532
526.567
526.608
525.687
525.866
526.089
525.995
525.692
525.637
525.927
525.899
525.718
525.783
525.771
525.703
525.788
525.723
525.656
525.721
525.719
525.651
525.653
525.673
525.654
525.631
525.63
525.631
525.625
525.623
525.627
525.633
525.641
525.654
525.671
525.692
525.716
525.743
525.772
525.802
525.831
525.859
525.883
525.902
525.916
525.94
525.464
525.552
525.4
525.626
525.82
525.394
525.341
525.582
525.507
525.447
525.446
525.44
525.463
525.394
525.396
525.421
525.378
525.357
525.363
525.349
525.326
525.316
525.309
525.297
525.285
525.278
525.271
525.264
525.259
525.256
525.253
525.251
525.25
525.249
525.247
525.244
525.239
525.233
525.226
525.219
525.214
525.223
525.168
525.19
524.943
525.404
525.692
525.07
524.798
525.248
525.352
525.115
525.129
525.177
525.106
525.086
525.108
525.075
525.048
525.045
525.028
525.004
524.991
524.976
524.956
524.936
524.918
524.899
524.878
524.856
524.833
524.81
524.786
524.759
524.73
524.7
524.667
524.632
524.596
524.56
524.525
524.496
524.476
524.473
525.152
524.808
524.553
524.825
525.112
524.954
524.69
524.843
524.898
524.759
524.793
524.787
524.729
524.764
524.744
524.695
524.696
524.684
524.653
524.634
524.615
524.588
524.559
524.532
524.503
524.47
524.435
524.397
524.356
524.311
524.263
524.212
524.157
524.1
524.04
523.978
523.915
523.853
523.797
523.749
523.714
523.699
524.205
524.587
524.658
524.722
524.475
524.234
524.513
524.606
524.415
524.406
524.458
524.389
524.38
524.391
524.335
524.316
524.308
524.272
524.244
524.22
524.187
524.152
524.115
524.077
524.034
523.987
523.937
523.883
523.822
523.756
523.686
523.613
523.537
523.457
523.374
523.289
523.205
523.124
523.051
522.987
522.938
522.91
523.929
524.054
523.898
524.238
524.442
523.898
523.777
524.112
524.089
523.959
523.976
523.957
523.957
523.922
523.89
523.883
523.848
523.814
523.789
523.752
523.709
523.665
523.619
523.567
523.509
523.449
523.384
523.313
523.236
523.152
523.062
522.97
522.875
522.777
522.676
522.574
522.474
522.379
522.292
522.216
522.158
522.121
523.917
523.451
523.414
523.416
523.557
523.724
523.54
523.419
523.51
523.508
523.447
523.449
523.431
523.392
523.384
523.351
523.312
523.288
523.25
523.203
523.16
523.11
523.054
522.99
522.922
522.85
522.77
522.684
522.595
522.499
522.397
522.291
522.182
522.07
521.955
521.84
521.727
521.621
521.524
521.44
521.378
521.336
523.103
522.903
522.616
522.967
523.307
522.909
522.696
522.922
522.961
522.834
522.831
522.831
522.784
522.774
522.751
522.702
522.68
522.652
522.602
522.559
522.515
522.46
522.398
522.332
522.262
522.185
522.1
522.008
521.911
521.806
521.695
521.579
521.459
521.335
521.21
521.087
520.966
520.851
520.747
520.659
520.596
520.553
522.672
522.058
521.679
522.076
522.601
522.502
521.942
522.005
522.317
522.157
522.119
522.11
522.079
522.098
522.047
522.003
521.987
521.941
521.893
521.854
521.805
521.744
521.68
521.613
521.537
521.453
521.364
521.271
521.173
521.067
520.953
520.832
520.705
520.574
520.444
520.314
520.188
520.068
519.961
519.873
519.811
519.768
522.049
521.344
521.186
521.081
521.442
521.835
521.585
521.23
521.336
521.466
521.399
521.306
521.305
521.322
521.252
521.213
521.19
521.15
521.111
521.065
521.016
520.967
520.909
520.842
520.762
520.678
520.593
520.501
520.399
520.289
520.171
520.048
519.918
519.785
519.652
519.52
519.39
519.269
519.163
519.076
519.015
518.972
520.406
520.643
520.961
520.739
520.29
520.37
520.778
520.717
520.432
520.511
520.544
520.454
520.477
520.458
520.402
520.373
520.354
520.338
520.289
520.223
520.184
520.149
520.092
520.018
519.935
519.856
519.776
519.685
519.582
519.47
519.352
519.227
519.097
518.964
518.83
518.698
518.571
518.453
518.35
518.265
518.205
518.162
519.527
519.652
519.593
519.898
519.955
519.409
519.5
519.812
519.677
519.592
519.628
519.601
519.592
519.538
519.525
519.495
519.471
519.465
519.41
519.345
519.312
519.277
519.216
519.142
519.065
518.993
518.914
518.823
518.721
518.611
518.494
518.372
518.245
518.115
517.981
517.85
517.727
517.615
517.516
517.433
517.374
517.331
518.39
518.847
518.849
518.991
518.974
518.337
518.589
518.967
518.789
518.59
518.701
518.695
518.635
518.608
518.588
518.544
518.536
518.513
518.45
518.411
518.382
518.335
518.275
518.213
518.151
518.083
518.003
517.916
517.821
517.717
517.604
517.486
517.363
517.236
517.107
516.98
516.861
516.751
516.653
516.571
516.511
516.47
517.493
517.786
517.706
517.925
518.025
517.54
517.52
517.816
517.776
517.627
517.634
517.642
517.619
517.606
517.553
517.556
517.566
517.499
517.459
517.455
517.419
517.358
517.302
517.249
517.193
517.12
517.04
516.959
516.875
516.781
516.678
516.568
516.452
516.331
516.208
516.086
515.969
515.859
515.759
515.675
515.615
515.575
517.087
516.568
516.562
516.395
516.623
516.978
516.779
516.521
516.615
516.743
516.64
516.586
516.64
516.587
516.501
516.565
516.545
516.432
516.421
516.426
516.365
516.301
516.264
516.228
516.176
516.109
516.041
515.972
515.894
515.807
515.715
515.615
515.507
515.395
515.279
515.162
515.045
514.934
514.832
514.746
514.685
514.644
515.457
515.636
515.563
515.784
515.979
515.483
515.293
515.584
515.726
515.538
515.488
515.462
515.519
515.451
515.395
515.457
515.39
515.327
515.363
515.35
515.269
515.23
515.212
515.173
515.114
515.053
515.003
514.948
514.875
514.795
514.714
514.624
514.525
514.421
514.314
514.203
514.088
513.976
513.872
513.784
513.719
513.675
514.932
514.325
514.094
514.166
514.647
514.823
514.341
514.206
514.445
514.482
514.363
514.345
514.421
514.338
514.333
514.367
514.267
514.248
514.272
514.213
514.146
514.137
514.128
514.083
514.025
513.977
513.936
513.883
513.817
513.749
513.678
513.597
513.506
513.411
513.313
513.208
513.096
512.984
512.879
512.788
512.718
512.669
513.607
513.214
513.288
512.995
512.989
513.46
513.509
513.206
513.072
513.275
513.219
513.162
513.184
513.117
513.147
513.142
513.07
513.085
513.088
513.027
512.997
512.994
512.975
512.937
512.901
512.867
512.829
512.776
512.718
512.661
512.599
512.528
512.449
512.362
512.271
512.173
512.067
511.959
511.854
511.76
511.686
511.632
511.894
512.059
512.018
512.115
512.098
511.799
512.018
512.171
511.95
511.953
512.01
511.989
511.959
511.937
511.97
511.932
511.887
511.901
511.897
511.867
511.842
511.812
511.779
511.754
511.729
511.696
511.657
511.613
511.568
511.52
511.466
511.407
511.342
511.268
511.185
511.094
510.997
510.897
510.798
510.706
510.631
510.575
510.267
510.976
511.084
511.075
510.785
510.36
510.799
511.055
510.788
510.706
510.759
510.776
510.728
510.723
510.728
510.676
510.669
510.682
510.667
510.648
510.623
510.592
510.566
510.541
510.507
510.469
510.438
510.411
510.378
510.333
510.281
510.227
510.17
510.112
510.045
509.967
509.882
509.796
509.71
509.629
509.561
509.511
509.08
509.831
510.086
509.663
509.056
509.223
509.869
509.645
509.401
509.499
509.516
509.489
509.473
509.463
509.438
509.41
509.393
509.378
509.383
509.38
509.348
509.32
509.308
509.286
509.238
509.195
509.169
509.152
509.13
509.094
509.048
508.995
508.944
508.897
508.848
508.79
508.723
508.654
508.589
508.528
508.475
508.437
507.669
508.539
508.704
508.459
508.057
507.852
508.359
508.486
508.213
508.126
508.232
508.208
508.173
508.168
508.162
508.136
508.108
508.098
508.079
508.044
508.023
508.018
508.005
507.973
507.935
507.901
507.869
507.84
507.814
507.789
507.757
507.717
507.676
507.638
507.602
507.563
507.52
507.475
507.434
507.398
507.368
507.346
507.135
506.881
507.064
506.526
506.589
507.11
507.095
506.764
506.746
506.868
506.826
506.808
506.803
506.769
506.791
506.762
506.727
506.751
506.73
506.684
506.682
506.685
506.651
506.607
506.588
506.575
506.544
506.505
506.474
506.449
506.423
506.396
506.37
506.344
506.319
506.297
506.279
506.262
506.248
506.237
506.23
506.226
505.837
505.358
505.591
505.034
505.056
505.775
505.856
505.206
505.226
505.535
505.448
505.413
505.403
505.384
505.406
505.358
505.338
505.359
505.32
505.28
505.286
505.286
505.255
505.227
505.215
505.197
505.163
505.13
505.105
505.082
505.058
505.039
505.027
505.014
505.002
504.998
505.003
505.012
505.022
505.036
505.049
505.06
504.594
503.816
503.602
503.635
504.203
504.448
503.959
503.666
503.962
504.103
503.966
503.954
503.956
503.934
503.955
503.95
503.931
503.942
503.914
503.853
503.825
503.827
503.823
503.804
503.783
503.762
503.739
503.721
503.706
503.688
503.67
503.664
503.665
503.664
503.663
503.675
503.699
503.73
503.762
503.794
503.82
503.842
502.538
502.331
502.163
502.873
503.108
502.575
501.965
502.302
502.773
502.631
502.413
502.479
502.542
502.462
502.456
502.502
502.447
502.43
502.424
502.37
502.353
502.372
502.368
502.329
502.297
502.288
502.281
502.27
502.263
502.26
502.262
502.273
502.284
502.291
502.306
502.334
502.372
502.415
502.459
502.502
502.535
502.562
500.419
500.896
501.31
501.426
501.326
500.512
500.55
501.196
501.165
500.902
500.907
500.955
500.98
500.925
500.943
500.954
500.883
500.874
500.874
500.846
500.853
500.868
500.847
500.812
500.802
500.809
500.807
500.799
500.799
500.809
500.828
500.851
500.871
500.892
500.923
500.966
501.016
501.067
501.115
501.16
501.194
501.223
498.966
499.649
499.938
499.473
498.831
499.048
499.749
499.575
499.263
499.313
499.402
499.385
499.37
499.311
499.344
499.349
499.306
499.312
499.317
499.309
499.305
499.287
499.263
499.266
499.289
499.301
499.297
499.302
499.318
499.337
499.361
499.391
499.424
499.46
499.503
499.557
499.616
499.673
499.725
499.769
499.801
499.83
498.245
497.645
497.568
497.439
497.797
498.121
497.739
497.448
497.741
497.912
497.7
497.754
497.748
497.665
497.745
497.727
497.685
497.744
497.738
497.688
497.7
497.727
497.726
497.728
497.747
497.761
497.765
497.789
497.825
497.85
497.869
497.899
497.942
497.99
498.041
498.101
498.165
498.225
498.278
498.324
498.357
498.387
496.044
495.998
495.884
496.497
496.609
496.019
495.648
496.06
496.408
496.167
495.989
496.177
496.138
496.101
496.164
496.092
496.079
496.174
496.144
496.056
496.085
496.156
496.186
496.18
496.175
496.179
496.204
496.251
496.295
496.318
496.34
496.381
496.438
496.491
496.543
496.602
496.663
496.72
496.772
496.822
496.861
496.893
493.943
494.75
494.982
494.889
494.479
493.991
494.53
494.954
494.467
494.328
494.617
494.578
494.493
494.537
494.552
494.465
494.482
494.566
494.537
494.479
494.502
494.557
494.585
494.582
494.575
494.587
494.632
494.688
494.723
494.742
494.771
494.825
494.889
494.95
495.008
495.068
495.121
495.17
495.217
495.265
495.304
495.334
493.216
492.727
492.571
492.754
493.098
493.194
492.742
492.653
492.938
492.967
492.817
492.802
492.835
492.834
492.838
492.814
492.829
492.854
492.852
492.867
492.902
492.924
492.93
492.931
492.943
492.977
493.028
493.07
493.095
493.121
493.168
493.232
493.296
493.354
493.413
493.473
493.526
493.572
493.615
493.656
493.688
493.712
491.811
490.993
490.584
490.885
491.599
491.801
490.957
490.717
491.33
491.431
491.169
491.195
491.241
491.229
491.227
491.222
491.24
491.226
491.221
491.253
491.267
491.259
491.261
491.284
491.313
491.345
491.38
491.408
491.432
491.468
491.522
491.587
491.647
491.699
491.752
491.808
491.865
491.916
491.96
491.995
492.019
492.035
490.205
489.487
489.32
489.057
489.403
489.969
489.979
489.275
489.342
489.682
489.603
489.552
489.546
489.579
489.585
489.559
489.591
489.595
489.584
489.609
489.625
489.614
489.61
489.631
489.66
489.683
489.699
489.717
489.747
489.791
489.843
489.896
489.944
489.988
490.033
490.083
490.135
490.187
490.233
490.268
490.29
490.305
487.578
488.199
488.531
488.04
487.518
487.701
488.3
488.318
487.724
487.811
488.135
487.996
487.922
487.988
487.953
487.916
487.949
487.951
487.932
487.934
487.944
487.953
487.964
487.976
487.99
488.003
488.011
488.022
488.049
488.087
488.124
488.155
488.189
488.229
488.274
488.316
488.357
488.402
488.445
488.479
488.501
488.516
486.865
486.116
485.864
486.026
486.472
486.646
486.193
486.115
486.349
486.362
486.304
486.255
486.276
486.332
486.271
486.304
486.341
486.273
486.266
486.294
486.278
486.264
486.278
486.289
486.285
486.288
486.299
486.315
486.338
486.361
486.373
486.382
486.402
486.44
486.482
486.513
486.539
486.571
486.605
486.631
486.647
486.661
485.006
484.334
483.909
484.648
485.091
484.764
484.143
484.417
484.825
484.665
484.511
484.603
484.608
484.641
484.531
484.568
484.642
484.53
484.524
484.589
484.549
484.508
484.54
484.568
484.544
484.524
484.543
484.571
484.578
484.571
484.565
484.569
484.591
484.624
484.65
484.664
484.678
484.7
484.721
484.734
484.739
484.749
482.53
482.932
482.997
483.043
482.912
482.327
482.663
483.262
482.969
482.626
482.794
482.859
482.827
482.869
482.787
482.842
482.84
482.719
482.8
482.871
482.773
482.737
482.786
482.802
482.756
482.734
482.759
482.78
482.768
482.739
482.719
482.723
482.748
482.768
482.77
482.766
482.771
482.784
482.793
482.793
482.79
482.795
480.953
481.041
480.941
481.239
481.455
480.7
480.774
481.311
481.084
480.956
481.1
481.029
481.091
481.1
481.042
481.109
480.998
480.908
481.048
481.1
480.952
480.948
481.004
480.985
480.934
480.936
480.955
480.945
480.918
480.888
480.863
480.859
480.864
480.861
480.843
480.827
480.823
480.824
480.82
480.811
480.805
480.807
478.926
479.176
479.346
479.593
479.719
478.85
478.593
479.322
479.669
479.275
479.032
479.159
479.262
479.172
479.212
479.29
479.105
479.107
479.255
479.225
479.125
479.152
479.177
479.14
479.114
479.111
479.09
479.061
479.041
479.016
478.987
478.965
478.948
478.922
478.888
478.861
478.845
478.83
478.811
478.794
478.785
478.785
477.97
477.188
476.822
477.128
477.632
477.782
477.083
477.005
477.54
477.527
477.238
477.31
477.393
477.315
477.345
477.376
477.289
477.305
477.346
477.293
477.254
477.259
477.259
477.248
477.24
477.222
477.197
477.176
477.151
477.113
477.069
477.032
476.999
476.959
476.916
476.88
476.849
476.817
476.782
476.753
476.737
476.73
475.399
475.388
475.678
475.25
474.993
475.367
475.627
475.582
475.229
475.303
475.49
475.408
475.378
475.377
475.402
475.402
475.344
475.38
475.403
475.341
475.32
475.35
475.357
475.322
475.279
475.253
475.24
475.222
475.191
475.153
475.109
475.065
475.019
474.971
474.922
474.876
474.828
474.781
474.734
474.695
474.668
474.651
473.037
473.628
473.905
473.447
472.973
473.266
473.699
473.496
473.142
473.351
473.541
473.354
473.412
473.437
473.366
473.42
473.396
473.342
473.369
473.364
473.327
473.327
473.339
473.321
473.278
473.242
473.224
473.203
473.171
473.136
473.099
473.056
473.003
472.944
472.887
472.832
472.776
472.72
472.667
472.624
472.591
472.565
471.824
471.133
470.782
471.23
471.622
471.748
470.995
470.979
471.567
471.538
471.207
471.232
471.459
471.332
471.21
471.308
471.393
471.294
471.245
471.296
471.297
471.262
471.259
471.263
471.235
471.192
471.171
471.155
471.118
471.074
471.035
470.997
470.944
470.876
470.812
470.755
470.698
470.638
470.581
470.535
470.497
470.467
469.743
469.028
468.628
469.094
469.498
469.439
468.734
468.84
469.587
469.508
469.038
469.134
469.333
469.179
469.142
469.194
469.278
469.207
469.107
469.162
469.206
469.168
469.142
469.146
469.136
469.102
469.077
469.056
469.017
468.97
468.927
468.885
468.829
468.76
468.697
468.644
468.588
468.529
468.475
468.431
468.393
468.363
467.464
466.852
466.713
467.134
467.316
467.067
466.661
466.868
467.401
467.167
466.901
467.101
467.149
466.978
467.031
467.114
467.043
467.016
467.015
466.99
467.012
467.031
467.002
466.965
466.955
466.948
466.926
466.898
466.866
466.828
466.783
466.735
466.678
466.617
466.562
466.512
466.456
466.398
466.349
466.31
466.277
466.251
465.457
464.808
464.694
464.154
464.255
465.263
465.467
464.826
464.448
464.748
464.958
464.842
464.774
464.784
464.873
464.833
464.739
464.815
464.836
464.789
464.812
464.824
464.787
464.765
464.76
464.738
464.702
464.677
464.651
464.616
464.579
464.541
464.496
464.447
464.401
464.355
464.303
464.251
464.207
464.173
464.147
464.126
462.704
462.44
462.652
462.204
462.091
462.951
463.241
462.286
461.994
462.715
462.825
462.514
462.517
462.594
462.584
462.559
462.6
462.579
462.507
462.526
462.553
462.517
462.491
462.498
462.499
462.478
462.448
462.419
462.391
462.37
462.348
462.318
462.276
462.236
462.203
462.168
462.125
462.083
462.049
462.022
462.001
461.983
460.138
460.336
460.85
459.98
459.543
460.31
460.883
460.497
459.8
460.081
460.478
460.289
460.213
460.255
460.202
460.275
460.308
460.244
460.286
460.275
460.182
460.194
460.241
460.228
460.187
460.179
460.177
460.154
460.133
460.121
460.1
460.067
460.03
460.001
459.978
459.95
459.916
459.885
459.863
459.846
459.83
459.815
458.164
457.614
457.419
457.775
458.295
458.349
457.611
457.387
457.932
458.111
457.895
457.849
457.913
457.886
457.902
458.008
457.839
457.762
457.969
457.988
457.807
457.846
457.934
457.892
457.826
457.851
457.879
457.86
457.849
457.843
457.817
457.787
457.766
457.749
457.728
457.703
457.679
457.66
457.648
457.638
457.626
457.617
456.039
455.118
454.61
455.446
456.245
455.991
454.807
454.986
455.791
455.637
455.354
455.4
455.527
455.486
455.542
455.591
455.377
455.478
455.645
455.502
455.394
455.499
455.566
455.471
455.459
455.509
455.526
455.519
455.51
455.486
455.466
455.47
455.48
455.471
455.449
455.432
455.423
455.417
455.408
455.395
455.385
455.383
453.253
452.741
452.254
453.41
454.025
452.786
452.194
453.151
453.378
452.89
452.91
453.045
453.049
453.026
453.088
453.024
452.974
453.13
453.134
453.027
453.047
453.087
453.071
453.058
453.072
453.091
453.118
453.137
453.119
453.086
453.092
453.128
453.147
453.137
453.125
453.126
453.134
453.137
453.129
453.118
453.116
453.121
449.793
450.562
450.896
451.062
450.715
449.649
450.327
451.204
450.542
450.211
450.561
450.617
450.55
450.552
450.502
450.593
450.618
450.53
450.617
450.679
450.565
450.537
450.625
450.675
450.649
450.637
450.667
450.696
450.695
450.695
450.718
450.746
450.76
450.765
450.775
450.794
450.811
450.814
450.807
450.803
450.81
450.819
447.285
448.106
448.425
448.421
448.095
447.269
447.755
448.523
448.116
447.706
447.991
448.128
448.016
448.024
448.019
448.118
447.989
447.89
448.158
448.221
448.024
448.037
448.164
448.205
448.168
448.159
448.191
448.235
448.275
448.299
448.305
448.313
448.335
448.367
448.398
448.427
448.447
448.454
448.454
448.457
448.466
448.471
444.945
445.528
445.715
445.681
445.579
444.843
445.176
445.929
445.571
445.151
445.458
445.597
445.502
445.518
445.574
445.642
445.388
445.385
445.727
445.705
445.515
445.584
445.689
445.679
445.644
445.658
445.701
445.757
445.815
445.848
445.846
445.852
445.892
445.947
445.986
446.009
446.03
446.052
446.072
446.086
446.092
446.088
442.521
443.327
443.329
443.02
442.513
442.316
443.228
443.662
442.77
442.406
443.017
443.156
442.901
442.934
442.979
443.027
442.881
442.956
443.14
443.045
442.983
443.09
443.152
443.131
443.123
443.155
443.206
443.266
443.32
443.342
443.343
443.366
443.428
443.492
443.528
443.547
443.574
443.612
443.653
443.68
443.688
443.685
440.735
440.045
439.707
440.08
440.549
440.616
440.103
440.084
440.358
440.355
440.346
440.351
440.389
440.347
440.398
440.481
440.396
440.437
440.499
440.459
440.463
440.493
440.511
440.543
440.582
440.615
440.657
440.723
440.779
440.796
440.809
440.854
440.925
440.985
441.021
441.052
441.094
441.148
441.199
441.231
441.243
441.249
438.451
437.277
436.8
437.384
438.323
438.393
437.273
437.185
438.01
437.91
437.554
437.677
437.835
437.72
437.886
437.919
437.709
437.788
437.921
437.941
437.92
437.872
437.902
438
438.067
438.082
438.1
438.145
438.179
438.198
438.247
438.322
438.387
438.433
438.474
438.524
438.584
438.648
438.701
438.734
438.752
438.77
435.484
434.788
434.258
435.46
436.099
435.254
434.246
435.169
435.829
435.109
434.858
435.177
435.251
435.231
435.349
435.253
435.224
435.241
435.224
435.351
435.366
435.242
435.305
435.442
435.495
435.489
435.519
435.563
435.576
435.605
435.683
435.76
435.803
435.84
435.895
435.965
436.038
436.107
436.159
436.195
436.223
436.254
432.465
432.302
432.105
433.013
433.289
432.516
431.813
432.24
432.858
432.728
432.496
432.519
432.629
432.659
432.61
432.623
432.717
432.576
432.629
432.819
432.735
432.652
432.77
432.861
432.85
432.86
432.914
432.949
432.962
433.018
433.106
433.168
433.202
433.245
433.311
433.385
433.457
433.523
433.573
433.613
433.654
433.692
429.818
429.78
430.312
429.64
429.471
430.142
430.286
429.507
429.622
430.114
430.097
429.884
429.959
429.951
429.911
430.039
429.996
429.921
430.112
430.147
430.047
430.111
430.192
430.184
430.195
430.25
430.299
430.323
430.359
430.423
430.486
430.532
430.576
430.632
430.7
430.771
430.841
430.903
430.951
430.996
431.043
431.078
427.198
427.039
427.604
426.852
426.827
427.769
427.654
426.61
427.034
427.607
427.357
427.191
427.321
427.275
427.343
427.411
427.259
427.42
427.536
427.353
427.411
427.57
427.54
427.498
427.564
427.632
427.648
427.677
427.736
427.789
427.824
427.867
427.924
427.988
428.053
428.118
428.186
428.247
428.301
428.354
428.398
428.423
424.974
424.247
424.43
424.078
424.556
425.286
424.715
423.946
424.635
424.964
424.54
424.58
424.714
424.612
424.736
424.642
424.622
424.927
424.809
424.602
424.806
424.939
424.83
424.84
424.931
424.975
424.98
425.021
425.081
425.123
425.155
425.197
425.25
425.311
425.375
425.438
425.499
425.558
425.62
425.678
425.717
425.734
422.637
421.484
421.294
421.4
422.158
422.657
421.778
421.378
422.07
422.017
421.826
422.074
422.046
421.918
422.014
421.932
422.026
422.232
422.059
421.971
422.169
422.227
422.147
422.181
422.263
422.3
422.304
422.333
422.389
422.441
422.479
422.515
422.56
422.614
422.675
422.734
422.787
422.846
422.912
422.968
422.997
423.012
419.857
418.7
418.264
419.004
419.934
419.868
418.727
418.702
419.441
419.231
419.191
419.48
419.283
419.178
419.328
419.309
419.262
419.485
419.458
419.306
419.443
419.541
419.467
419.482
419.567
419.614
419.609
419.636
419.698
419.74
419.757
419.788
419.843
419.905
419.963
420.014
420.062
420.116
420.173
420.218
420.239
420.256
417.037
416
415.335
416.641
417.573
416.845
415.672
416.275
416.926
416.417
416.441
416.749
416.503
416.495
416.665
416.594
416.593
416.753
416.671
416.653
416.785
416.77
416.728
416.797
416.859
416.86
416.876
416.945
417.011
417.027
417.034
417.073
417.126
417.171
417.213
417.266
417.325
417.373
417.409
417.435
417.45
417.468
413.613
413.664
413.535
414.199
414.397
413.066
413.095
414.396
414.099
413.489
413.789
414.005
413.798
413.914
413.888
413.83
413.92
413.944
413.966
414.041
413.988
413.949
414.047
414.113
414.092
414.097
414.157
414.217
414.236
414.252
414.299
414.357
414.401
414.428
414.46
414.508
414.558
414.592
414.613
414.628
414.641
414.659
410.294
411.475
411.703
411.155
410.284
410.252
411.47
411.604
410.725
410.938
411.218
411.081
411.106
411.175
411.03
411.115
411.203
411.117
411.249
411.329
411.18
411.207
411.36
411.389
411.337
411.372
411.452
411.492
411.481
411.498
411.549
411.595
411.626
411.66
411.703
411.743
411.766
411.778
411.791
411.805
411.816
411.832
407.872
408.226
408.848
407.817
407.284
408.538
409.153
407.984
407.686
408.438
408.413
408.196
408.356
408.272
408.308
408.412
408.356
408.371
408.48
408.5
408.439
408.465
408.56
408.602
408.607
408.637
408.689
408.724
408.733
408.755
408.793
408.824
408.848
408.883
408.924
408.948
408.951
408.95
408.957
408.967
408.978
408.99
405.665
405.062
405.351
404.9
405.212
406.3
405.874
404.722
405.21
405.727
405.493
405.48
405.579
405.467
405.615
405.556
405.528
405.724
405.69
405.662
405.698
405.685
405.749
405.836
405.855
405.853
405.884
405.918
405.93
405.958
406.007
406.041
406.061
406.088
406.114
406.124
406.122
406.118
406.12
406.125
406.132
406.141
403.422
402.14
401.763
402.177
403.253
403.391
402.249
402.098
403.03
402.733
402.506
402.82
402.79
402.742
402.83
402.658
402.816
402.956
402.786
402.883
402.963
402.848
402.921
403.048
403.052
403.028
403.054
403.084
403.1
403.143
403.197
403.224
403.234
403.251
403.27
403.281
403.282
403.281
403.281
403.284
403.285
403.288
400.256
399.458
398.857
400.157
400.787
399.735
399.053
400.024
400.372
399.625
399.699
400.096
399.937
399.985
399.979
399.883
400.06
399.975
399.925
400.176
400.137
399.984
400.108
400.226
400.195
400.173
400.199
400.23
400.265
400.317
400.355
400.366
400.372
400.389
400.409
400.423
400.427
400.427
400.43
400.433
400.43
400.431
396.213
396.914
397.414
397.53
396.881
396.23
396.988
397.46
396.809
396.747
397.186
397.157
397.082
397.126
397.053
397.109
397.146
397.01
397.212
397.385
397.173
397.114
397.292
397.356
397.312
397.318
397.359
397.396
397.429
397.46
397.478
397.488
397.503
397.524
397.545
397.556
397.557
397.556
397.559
397.56
397.556
397.558
393.342
394.329
394.908
393.994
393.43
394.067
394.629
393.974
393.699
394.289
394.277
394.113
394.286
394.238
394.159
394.236
394.226
394.145
394.4
394.488
394.256
394.254
394.432
394.461
394.415
394.449
394.516
394.558
394.568
394.577
394.594
394.608
394.622
394.646
394.669
394.676
394.674
394.673
394.675
394.673
394.666
394.668
391.537
390.908
390.808
390.842
391.293
391.591
391.082
390.813
391.389
391.408
391.071
391.281
391.494
391.296
391.279
391.313
391.364
391.318
391.468
391.582
391.411
391.362
391.531
391.592
391.534
391.549
391.617
391.665
391.668
391.678
391.705
391.723
391.733
391.754
391.773
391.777
391.778
391.784
391.789
391.785
391.775
391.777
388.676
387.994
387.577
388.239
388.741
388.23
387.789
388.371
388.628
388.161
388.186
388.598
388.482
388.346
388.413
388.405
388.477
388.421
388.516
388.684
388.539
388.418
388.589
388.711
388.662
388.633
388.68
388.731
388.747
388.769
388.802
388.823
388.837
388.856
388.866
388.869
388.879
388.894
388.9
388.896
388.885
388.89
385.752
385.146
384.588
385.522
386.087
385.118
384.71
385.567
385.694
385.23
385.44
385.622
385.391
385.475
385.506
385.489
385.548
385.49
385.546
385.731
385.631
385.494
385.643
385.781
385.744
385.714
385.754
385.801
385.823
385.851
385.886
385.908
385.925
385.942
385.951
385.96
385.979
386
386.009
386.007
385.996
386.005
382.173
382.463
382.447
382.661
382.46
381.706
382.155
382.913
382.533
382.329
382.557
382.511
382.428
382.587
382.536
382.503
382.564
382.53
382.558
382.767
382.716
382.585
382.715
382.836
382.796
382.786
382.834
382.879
382.901
382.925
382.958
382.985
383.004
383.019
383.032
383.052
383.076
383.097
383.11
383.11
383.094
383.113
378.682
379.83
380.163
379.461
378.604
378.793
379.897
379.73
379.264
379.559
379.556
379.398
379.599
379.649
379.516
379.543
379.657
379.538
379.57
379.85
379.787
379.652
379.798
379.905
379.841
379.839
379.902
379.952
379.968
379.985
380.021
380.055
380.075
380.093
380.12
380.15
380.173
380.191
380.205
380.204
380.171
380.207
376.045
376.664
377.136
376.089
375.498
376.504
377.233
376.396
376.146
376.669
376.53
376.443
376.798
376.636
376.523
376.701
376.667
376.507
376.766
376.963
376.764
376.717
376.899
376.938
376.88
376.919
376.981
377.004
377.01
377.039
377.082
377.114
377.135
377.166
377.206
377.241
377.266
377.288
377.301
377.295
377.235
377.303
373.915
373.283
373.228
372.936
373.225
374.316
373.903
372.953
373.417
373.766
373.5
373.605
373.845
373.559
373.625
373.807
373.597
373.636
373.958
373.921
373.76
373.833
373.962
373.947
373.933
373.991
374.037
374.046
374.066
374.111
374.155
374.176
374.205
374.25
374.296
374.33
374.356
374.376
374.387
374.381
374.294
374.404
371.18
370.022
369.498
370.252
371.428
371.091
369.944
370.164
370.874
370.515
370.487
370.862
370.683
370.54
370.782
370.701
370.584
370.908
370.925
370.805
370.851
370.906
370.95
370.969
370.985
371.028
371.066
371.092
371.129
371.177
371.218
371.252
371.295
371.34
371.379
371.414
371.441
371.457
371.471
371.471
371.366
371.511
367.189
367.359
367.228
367.947
367.995
366.967
367.124
368.032
367.612
367.246
367.752
367.86
367.54
367.648
367.779
367.6
367.776
367.995
367.758
367.783
367.997
367.914
367.914
368.034
368.052
368.037
368.089
368.152
368.197
368.234
368.276
368.328
368.381
368.427
368.466
368.499
368.519
368.528
368.554
368.564
368.449
368.613
363.645
364.852
365.322
364.585
363.7
364.104
365.206
364.746
364.094
364.668
364.856
364.599
364.56
364.754
364.739
364.667
364.912
364.844
364.658
364.953
365.066
364.854
364.903
365.103
365.094
365.05
365.14
365.213
365.234
365.282
365.351
365.402
365.442
365.497
365.543
365.568
365.59
365.612
365.653
365.664
365.536
365.707
361.745
361.307
361.486
361.07
361.223
362.255
361.837
360.914
361.399
361.889
361.652
361.581
361.691
361.765
361.743
361.67
361.756
361.673
361.805
362.099
361.926
361.768
361.984
362.139
362.067
362.11
362.188
362.213
362.273
362.359
362.427
362.452
362.491
362.549
362.597
362.633
362.676
362.714
362.751
362.76
362.628
362.797
359.266
358.104
357.575
357.998
359.198
359.191
357.973
357.93
358.806
358.598
358.523
358.761
358.653
358.719
358.689
358.661
358.705
358.659
358.939
359.035
358.802
358.821
359.051
359.079
359.067
359.135
359.21
359.273
359.342
359.408
359.46
359.5
359.538
359.581
359.645
359.72
359.777
359.803
359.836
359.852
359.734
359.899
355.741
355.126
354.611
355.819
356.38
355.359
354.627
355.595
356.026
355.391
355.447
355.729
355.629
355.71
355.663
355.682
355.703
355.729
355.892
355.908
355.846
355.93
356.044
356.07
356.108
356.182
356.242
356.296
356.364
356.437
356.502
356.55
356.592
356.651
356.736
356.82
356.866
356.876
356.916
356.941
356.843
357.002
351.965
352.322
352.716
353.092
352.806
351.606
351.954
353.227
352.799
352.251
352.545
352.712
352.677
352.734
352.622
352.754
352.792
352.68
352.856
352.964
352.929
352.984
353.061
353.11
353.158
353.214
353.278
353.33
353.373
353.439
353.526
353.615
353.694
353.765
353.83
353.886
353.929
353.95
354.007
354.039
353.95
354.101
348.74
349.852
350.228
349.714
348.726
348.694
350.041
350.131
349.259
349.472
349.738
349.625
349.722
349.743
349.665
349.883
349.813
349.674
349.947
350.036
349.958
349.992
350.09
350.188
350.214
350.23
350.321
350.405
350.444
350.484
350.57
350.672
350.76
350.828
350.893
350.958
351.01
351.039
351.104
351.142
351.06
351.2
346.548
346.565
346.865
345.929
345.555
346.907
347.507
346.301
346.073
346.823
346.755
346.59
346.761
346.73
346.784
346.871
346.777
346.804
346.95
347.022
347.074
347.073
347.114
347.206
347.226
347.273
347.407
347.489
347.517
347.513
347.61
347.733
347.833
347.896
347.961
348.038
348.1
348.133
348.202
348.247
348.179
348.306
344.158
343.275
342.834
342.867
343.937
344.57
343.575
342.874
343.735
343.879
343.601
343.735
343.793
343.743
343.854
343.843
343.818
343.891
343.983
344.071
344.133
344.118
344.156
344.269
344.304
344.337
344.453
344.537
344.576
344.623
344.709
344.804
344.882
344.948
345.029
345.116
345.189
345.237
345.313
345.361
345.305
345.417
340.669
340.237
339.742
340.906
341.506
340.548
339.837
340.665
341.141
340.553
340.597
340.923
340.802
340.847
340.91
340.911
340.974
340.93
340.988
341.111
341.135
341.17
341.218
341.272
341.369
341.468
341.527
341.572
341.633
341.71
341.789
341.866
341.945
342.031
342.121
342.204
342.285
342.355
342.431
342.48
342.429
342.528
337.234
337.605
337.832
338.16
337.938
337.001
337.286
338.322
337.861
337.395
337.813
337.949
337.752
337.892
337.928
337.99
338.039
337.964
338.132
338.204
338.14
338.268
338.378
338.367
338.418
338.519
338.571
338.631
338.714
338.789
338.858
338.945
339.045
339.144
339.233
339.308
339.392
339.475
339.546
339.59
339.555
339.642
334.256
334.546
334.777
335.158
335.016
334.238
334.485
335.116
334.868
334.709
334.997
334.993
334.902
335.041
334.968
335.057
335.101
335.056
335.26
335.247
335.167
335.343
335.472
335.461
335.501
335.583
335.651
335.743
335.829
335.887
335.957
336.057
336.168
336.269
336.355
336.423
336.507
336.592
336.663
336.706
336.693
336.768
331.604
331.681
331.657
332.122
332.223
331.525
331.348
332.057
332.279
331.861
331.755
331.946
332.166
332.152
332.051
332.174
332.169
332.233
332.395
332.314
332.305
332.493
332.559
332.547
332.599
332.68
332.756
332.862
332.952
333.008
333.081
333.184
333.294
333.386
333.466
333.532
333.617
333.704
333.777
333.822
333.829
333.897
328.989
328.862
328.706
328.924
328.812
328.657
328.78
329.378
329.499
328.902
328.723
329.169
329.42
329.141
329.102
329.32
329.255
329.357
329.464
329.383
329.463
329.636
329.649
329.644
329.718
329.796
329.863
329.967
330.06
330.123
330.201
330.308
330.416
330.501
330.576
330.652
330.738
330.82
330.897
330.952
330.982
331.036
326.391
325.936
325.804
325.56
325.648
326.535
326.453
325.941
326.039
326.182
326.059
326.249
326.436
326.15
326.25
326.448
326.342
326.469
326.534
326.479
326.608
326.747
326.743
326.758
326.851
326.924
326.984
327.084
327.175
327.242
327.324
327.435
327.544
327.632
327.713
327.797
327.892
327.979
328.046
328.103
328.137
328.173
323.627
322.794
322.45
322.697
323.595
323.926
323.02
322.669
323.386
323.384
323.121
323.377
323.446
323.222
323.434
323.533
323.444
323.573
323.601
323.588
323.727
323.827
323.832
323.872
323.971
324.045
324.111
324.211
324.295
324.365
324.45
324.558
324.663
324.754
324.842
324.938
325.042
325.133
325.201
325.257
325.297
325.332
320.381
319.938
319.472
320.522
321.065
320.198
319.519
320.348
320.785
320.164
320.205
320.598
320.431
320.359
320.598
320.585
320.565
320.674
320.681
320.72
320.834
320.901
320.93
320.986
321.075
321.152
321.23
321.323
321.405
321.481
321.57
321.674
321.775
321.868
321.963
322.068
322.176
322.267
322.337
322.394
322.439
322.472
316.657
317.401
317.754
317.671
317.02
316.676
317.474
317.904
317.311
317.156
317.665
317.614
317.412
317.59
317.695
317.635
317.694
317.766
317.781
317.857
317.929
317.977
318.035
318.099
318.172
318.252
318.336
318.421
318.503
318.588
318.683
318.785
318.884
318.979
319.078
319.187
319.295
319.383
319.453
319.512
319.562
319.597
314.184
314.451
314.82
314.063
313.72
314.664
315.066
314.256
314.076
314.802
314.731
314.468
314.596
314.749
314.726
314.724
314.811
314.848
314.897
314.983
315.01
315.055
315.139
315.203
315.266
315.349
315.432
315.51
315.593
315.684
315.785
315.886
315.984
316.081
316.182
316.291
316.393
316.479
316.55
316.612
316.667
316.707
311.963
311.213
310.821
311.129
311.895
311.989
311.223
311.086
311.856
311.817
311.524
311.667
311.797
311.767
311.786
311.834
311.897
311.923
312.016
312.08
312.077
312.143
312.244
312.299
312.359
312.444
312.525
312.598
312.68
312.773
312.873
312.973
313.071
313.169
313.271
313.375
313.471
313.555
313.63
313.698
313.758
313.799
308.315
308.403
308.308
308.885
308.952
308.142
308.079
308.999
308.947
308.402
308.675
308.923
308.767
308.806
308.866
308.914
308.959
309.008
309.113
309.132
309.14
309.246
309.336
309.379
309.446
309.531
309.606
309.682
309.767
309.857
309.951
310.046
310.145
310.246
310.347
310.445
310.535
310.618
310.697
310.77
310.832
310.873
304.934
305.808
306.131
305.773
305.083
305.041
305.979
306.105
305.485
305.583
305.988
305.86
305.744
305.922
305.944
305.979
306.01
306.094
306.168
306.154
306.214
306.337
306.392
306.442
306.529
306.607
306.677
306.761
306.853
306.935
307.018
307.107
307.206
307.311
307.411
307.503
307.589
307.673
307.756
307.831
307.893
307.932
302.536
302.737
303.05
302.277
301.924
302.876
303.323
302.56
302.405
303.151
302.985
302.677
302.857
303.032
303.002
303.019
303.063
303.165
303.195
303.199
303.304
303.394
303.428
303.5
303.594
303.662
303.733
303.827
303.919
303.996
304.074
304.161
304.259
304.365
304.463
304.553
304.637
304.723
304.809
304.884
304.944
304.982
300.266
299.597
299.23
299.128
299.684
300.422
299.884
299.287
299.918
300.295
299.791
299.707
300.08
300.084
300.036
300.057
300.131
300.207
300.226
300.284
300.377
300.424
300.475
300.562
300.637
300.704
300.787
300.878
300.959
301.036
301.12
301.213
301.309
301.41
301.507
301.597
301.684
301.771
301.858
301.931
301.99
302.029
297.248
296.47
295.965
296.697
297.51
297.113
296.286
296.713
297.41
296.9
296.69
297.088
297.159
297.061
297.087
297.129
297.197
297.237
297.275
297.368
297.423
297.453
297.529
297.609
297.671
297.749
297.838
297.913
297.983
298.066
298.165
298.264
298.356
298.45
298.545
298.637
298.727
298.816
298.901
298.972
299.032
299.073
293.165
293.717
294.057
294.342
293.966
293.422
293.781
294.347
293.924
293.587
294.122
294.266
294.049
294.1
294.186
294.188
294.245
294.285
294.326
294.419
294.459
294.492
294.573
294.648
294.714
294.797
294.875
294.938
295.007
295.101
295.211
295.31
295.398
295.486
295.579
295.672
295.765
295.854
295.937
296.009
296.07
296.111
290.67
290.672
290.858
290.861
290.877
291.118
291.13
290.731
290.693
291.162
291.22
291.128
291.105
291.183
291.214
291.211
291.309
291.331
291.353
291.454
291.499
291.533
291.613
291.695
291.765
291.835
291.902
291.968
292.049
292.149
292.256
292.351
292.438
292.521
292.611
292.705
292.798
292.886
292.968
293.041
293.1
293.137
287.896
287.778
287.503
288.075
288.303
287.934
287.397
287.852
288.356
288.133
287.995
288.176
288.154
288.205
288.207
288.257
288.365
288.342
288.394
288.505
288.533
288.572
288.662
288.745
288.807
288.868
288.937
289.017
289.106
289.201
289.299
289.391
289.477
289.557
289.644
289.737
289.828
289.913
289.994
290.066
290.122
290.153
284.476
285.089
285.281
285.174
284.661
284.233
284.917
285.512
285.133
284.893
285.168
285.189
285.141
285.255
285.207
285.318
285.381
285.366
285.472
285.542
285.558
285.625
285.715
285.782
285.84
285.909
285.99
286.078
286.165
286.25
286.342
286.433
286.516
286.595
286.683
286.775
286.861
286.941
287.02
287.087
287.136
287.161
281.89
281.936
282.267
281.667
281.329
282.168
282.468
281.958
281.775
282.329
282.264
282.052
282.261
282.271
282.24
282.397
282.393
282.43
282.536
282.558
282.601
282.694
282.765
282.821
282.891
282.972
283.056
283.14
283.219
283.299
283.388
283.475
283.555
283.639
283.728
283.819
283.902
283.981
284.054
284.108
284.148
284.167
279.293
278.737
278.438
278.784
279.457
279.431
278.788
278.708
279.395
279.315
279.052
279.237
279.36
279.232
279.352
279.451
279.424
279.506
279.57
279.593
279.674
279.759
279.812
279.877
279.962
280.046
280.124
280.2
280.276
280.356
280.443
280.526
280.606
280.696
280.786
280.875
280.958
281.035
281.099
281.14
281.171
281.185
275.626
275.951
276.104
276.394
276.297
275.709
275.846
276.549
276.345
275.922
276.261
276.49
276.282
276.311
276.482
276.476
276.488
276.576
276.62
276.672
276.759
276.823
276.878
276.956
277.043
277.12
277.192
277.266
277.346
277.429
277.512
277.595
277.68
277.772
277.858
277.946
278.029
278.103
278.158
278.193
278.221
278.231
272.839
273.186
273.541
273.004
272.631
273.194
273.67
273.316
272.874
273.328
273.575
273.369
273.307
273.505
273.546
273.527
273.585
273.662
273.709
273.772
273.847
273.907
273.969
274.05
274.131
274.2
274.269
274.349
274.436
274.521
274.603
274.689
274.781
274.872
274.955
275.041
275.123
275.192
275.243
275.28
275.309
275.316
270.57
270.092
269.838
269.948
270.499
270.727
270.296
269.887
270.509
270.744
270.43
270.356
270.586
270.632
270.618
270.646
270.721
270.793
270.833
270.887
270.965
271.03
271.089
271.164
271.242
271.309
271.379
271.465
271.557
271.64
271.724
271.816
271.912
271.999
272.081
272.163
272.242
272.307
272.361
272.403
272.436
272.444
267.265
267.312
267.167
267.688
267.809
267.244
266.945
267.737
267.953
267.481
267.43
267.761
267.753
267.723
267.766
267.813
267.895
267.954
267.979
268.038
268.129
268.188
268.234
268.308
268.391
268.462
268.536
268.625
268.716
268.8
268.889
268.986
269.08
269.163
269.246
269.326
269.401
269.467
269.527
269.574
269.612
269.623
264.171
264.763
265.006
264.82
264.307
264.144
264.984
265.188
264.649
264.499
264.994
264.992
264.855
264.942
264.975
265.029
265.106
265.143
265.171
265.25
265.342
265.388
265.431
265.51
265.598
265.673
265.75
265.839
265.928
266.015
266.109
266.206
266.298
266.38
266.465
266.541
266.613
266.679
266.742
266.794
266.835
266.852
261.992
261.845
261.915
261.583
261.535
262.377
262.44
261.737
261.589
262.332
262.302
262.066
262.16
262.223
262.227
262.302
262.353
262.385
262.434
262.518
262.593
262.638
262.696
262.784
262.873
262.949
263.028
263.116
263.207
263.297
263.393
263.487
263.579
263.665
263.751
263.827
263.899
263.965
264.028
264.082
264.127
264.15
259.613
259.041
258.676
259.071
259.724
259.663
258.96
258.899
259.696
259.616
259.349
259.468
259.566
259.523
259.584
259.634
259.675
259.728
259.791
259.861
259.918
259.976
260.054
260.146
260.231
260.309
260.391
260.482
260.576
260.668
260.762
260.854
260.945
261.032
261.116
261.19
261.26
261.326
261.39
261.446
261.494
261.523
256.343
256.746
256.858
256.884
256.588
256.207
256.614
257.193
256.972
256.627
256.843
257.001
256.909
256.981
257.005
257.041
257.116
257.163
257.225
257.284
257.338
257.414
257.503
257.588
257.668
257.752
257.843
257.938
258.033
258.125
258.221
258.316
258.411
258.498
258.582
258.656
258.726
258.791
258.855
258.912
258.962
258.996
254.276
254.142
254.275
254.01
253.849
254.531
254.625
254.237
254.056
254.491
254.533
254.369
254.495
254.538
254.51
254.629
254.681
254.704
254.779
254.84
254.899
254.984
255.068
255.139
255.216
255.309
255.409
255.503
255.592
255.684
255.785
255.883
255.977
256.066
256.151
256.231
256.303
256.37
256.433
256.489
256.537
256.572
251.695
251.831
251.748
251.982
252.121
251.912
251.753
252.047
252.16
252.068
251.992
252.195
252.202
252.121
252.234
252.335
252.316
252.364
252.459
252.512
252.576
252.663
252.737
252.803
252.886
252.991
253.094
253.179
253.268
253.367
253.471
253.568
253.66
253.751
253.839
253.924
253.999
254.069
254.134
254.189
254.236
254.269
249.498
249.601
249.48
249.958
250.086
249.592
249.454
249.978
249.96
249.813
249.976
250.013
249.887
249.973
250.122
250.099
250.107
250.218
250.289
250.326
250.397
250.479
250.543
250.613
250.708
250.816
250.908
250.987
251.08
251.192
251.296
251.392
251.484
251.581
251.671
251.758
251.836
251.911
251.98
252.037
252.088
252.123
247.363
247.457
247.418
247.976
248.06
247.426
247.219
247.829
247.885
247.749
247.831
247.883
247.839
247.966
248.021
247.994
248.081
248.177
248.208
248.257
248.345
248.422
248.489
248.572
248.678
248.775
248.853
248.931
249.032
249.145
249.242
249.335
249.428
249.525
249.612
249.698
249.773
249.848
249.916
249.972
250.023
250.056
245.128
245.786
246.086
245.97
245.493
245.263
245.881
246.073
245.757
245.704
245.982
245.946
245.939
246.053
246.053
246.103
246.212
246.259
246.3
246.377
246.47
246.549
246.629
246.715
246.82
246.913
246.995
247.087
247.197
247.311
247.408
247.507
247.606
247.708
247.799
247.889
247.969
248.047
248.116
248.17
248.218
248.247
243.903
244.017
244.326
243.773
243.525
244.247
244.45
244.037
243.85
244.277
244.306
244.15
244.281
244.336
244.335
244.441
244.494
244.528
244.602
244.687
244.763
244.844
244.924
245.013
245.111
245.196
245.287
245.389
245.499
245.604
245.699
245.803
245.907
246.012
246.109
246.205
246.293
246.375
246.448
246.5
246.544
246.568
242.792
242.302
242.056
242.357
242.838
242.834
242.361
242.264
242.802
242.763
242.603
242.709
242.839
242.791
242.854
242.934
242.948
243.023
243.111
243.172
243.251
243.333
243.417
243.512
243.596
243.691
243.796
243.91
244.018
244.117
244.218
244.329
244.436
244.543
244.648
244.746
244.839
244.923
244.998
245.047
245.086
245.105
240.862
241.109
241.225
241.472
241.497
241.005
241.009
241.57
241.512
241.207
241.361
241.58
241.476
241.49
241.609
241.625
241.674
241.765
241.831
241.89
241.976
242.063
242.17
242.252
242.348
242.458
242.574
242.691
242.8
242.901
243.012
243.13
243.243
243.354
243.47
243.573
243.67
243.753
243.83
243.877
243.914
243.93
239.725
240.333
240.613
240.264
239.811
239.977
240.635
240.531
240.079
240.224
240.582
240.491
240.376
240.528
240.604
240.609
240.703
240.774
240.815
240.914
241.028
241.155
241.211
241.317
241.437
241.565
241.691
241.814
241.932
242.049
242.177
242.305
242.427
242.544
242.665
242.768
242.864
242.944
243.019
243.065
243.101
243.116
239.46
239.554
239.734
239.263
239.119
239.816
239.956
239.44
239.348
239.862
239.822
239.682
239.768
239.936
239.908
239.943
240.068
240.052
240.117
240.332
240.442
240.496
240.577
240.7
240.858
241.001
241.137
241.278
241.424
241.573
241.727
241.874
242.019
242.157
242.288
242.397
242.495
242.578
242.654
242.701
242.737
242.75
239.991
239.376
239.181
239.125
239.573
239.909
239.507
239.293
239.766
239.896
239.589
239.589
239.826
239.873
239.786
239.956
240.037
239.965
240.054
240.297
240.349
240.421
240.485
240.624
240.773
240.901
241.036
241.184
241.348
241.511
241.677
241.843
242.014
242.177
242.327
242.457
242.575
242.682
242.782
242.848
242.899
242.916
240.489
239.7
239.374
239.834
240.473
240.121
239.64
239.947
240.395
240.118
239.961
240.145
240.33
240.278
240.241
240.559
240.445
240.436
240.647
240.749
240.858
240.918
240.995
241.143
241.264
241.377
241.507
241.649
241.8
241.955
242.119
242.29
242.466
242.636
242.798
242.952
243.095
243.235
243.367
243.463
243.538
243.571
240.865
240.898
240.869
241.294
241.347
240.77
240.776
241.39
241.25
241.01
241.122
241.277
241.361
241.261
241.418
241.558
241.418
241.483
241.685
241.771
241.889
241.916
242.025
242.153
242.258
242.375
242.504
242.63
242.759
242.91
243.062
243.221
243.382
243.548
243.711
243.871
244.023
244.175
244.319
244.425
244.51
244.554
242.447
242.946
243.175
242.759
242.326
242.516
243.107
243.047
242.718
242.762
242.9
243.003
243.004
242.997
243.165
243.024
243.061
243.183
243.275
243.379
243.393
243.415
243.53
243.624
243.702
243.804
243.896
243.991
244.105
244.245
244.374
244.505
244.636
244.78
244.929
245.077
245.219
245.36
245.49
245.58
245.655
245.698
245.347
244.914
244.814
244.837
245.174
245.312
245.054
244.952
245.085
245.073
245.116
245.257
245.178
245.384
245.277
245.153
245.248
245.338
245.395
245.456
245.372
245.406
245.487
245.51
245.55
245.586
245.606
245.656
245.727
245.801
245.873
245.952
246.035
246.132
246.236
246.345
246.457
246.568
246.672
246.738
246.8
246.836
247.441
247.481
247.636
247.93
247.848
247.416
247.448
247.624
247.574
247.665
247.897
247.74
247.746
247.747
247.569
247.628
247.73
247.789
247.8
247.72
247.65
247.692
247.683
247.644
247.63
247.577
247.535
247.52
247.5
247.468
247.451
247.451
247.456
247.469
247.493
247.527
247.573
247.62
247.673
247.706
247.748
247.773
249.707
250.137
250.383
250.144
249.883
249.836
249.807
249.842
250.165
250.35
250.165
250.056
250.054
249.94
249.977
250.014
250.05
250.135
250.04
249.883
249.871
249.869
249.789
249.705
249.618
249.524
249.425
249.31
249.193
249.083
248.984
248.872
248.759
248.663
248.591
248.524
248.469
248.423
248.403
248.375
248.371
248.366
252.197
251.79
251.66
251.668
251.936
251.999
251.702
251.624
252.074
252.027
251.8
251.898
251.832
251.755
251.832
251.806
251.806
251.848
251.701
251.589
251.59
251.527
251.421
251.299
251.207
251.105
250.929
250.741
250.579
250.428
250.249
250.038
249.828
249.64
249.468
249.286
249.117
248.97
248.861
248.748
248.672
248.621
253.037
252.483
252.142
252.466
252.925
252.759
252.408
252.596
252.935
252.682
252.511
252.667
252.604
252.584
252.664
252.6
252.625
252.556
252.456
252.421
252.407
252.323
252.201
252.093
252.024
251.895
251.705
251.535
251.373
251.193
250.975
250.736
250.499
250.261
250.011
249.753
249.517
249.3
249.112
248.928
248.786
248.692
252.726
252.29
251.905
252.426
252.776
252.409
252.092
252.408
252.631
252.345
252.274
252.404
252.373
252.521
252.623
252.517
252.311
252.339
252.29
252.285
252.226
252.129
252.034
251.958
251.881
251.747
251.611
251.485
251.332
251.146
250.957
250.766
250.561
250.332
250.084
249.841
249.616
249.402
249.206
249.023
248.871
248.766
251.735
251.389
251.067
251.606
251.762
251.246
250.815
251.296
251.488
251.228
251.305
251.539
251.533
251.571
251.493
251.19
251.282
251.284
251.284
251.338
251.191
251.11
251.081
251.019
250.927
250.833
250.764
250.673
250.543
250.393
250.271
250.15
250.001
249.826
249.651
249.494
249.343
249.203
249.08
248.969
248.869
248.793
249.578
249.859
249.929
249.922
249.567
248.954
249.072
249.527
249.298
249.223
249.731
249.953
249.944
249.906
249.517
249.413
249.562
249.437
249.683
249.737
249.456
249.482
249.535
249.47
249.395
249.365
249.354
249.304
249.225
249.148
249.105
249.058
248.98
248.897
248.828
248.768
248.702
248.645
248.606
248.574
248.539
248.507
247.277
247.945
248.048
247.643
246.991
246.63
246.933
246.776
246.412
246.91
247.685
247.865
247.931
247.724
247.311
247.243
247.19
247.137
247.747
247.669
247.275
247.433
247.561
247.524
247.495
247.526
247.57
247.571
247.558
247.563
247.6
247.613
247.609
247.62
247.643
247.656
247.661
247.674
247.7
247.718
247.722
247.72
244.555
245.207
245.577
245.213
244.625
244.605
244.895
244.641
244.375
244.871
245.252
245.394
245.311
245.159
245.14
245.134
244.789
244.969
245.546
245.306
245.091
245.284
245.365
245.368
245.389
245.453
245.538
245.592
245.632
245.693
245.776
245.841
245.9
245.976
246.063
246.134
246.194
246.259
246.328
246.375
246.402
246.418
242.4
242.674
242.971
242.489
242.283
242.84
243.081
242.756
242.552
242.872
242.83
242.773
242.802
242.862
243.098
243.006
242.724
242.948
243.146
243.054
243.05
243.109
243.162
243.204
243.228
243.299
243.391
243.451
243.512
243.603
243.711
243.803
243.899
244.009
244.126
244.232
244.322
244.416
244.511
244.577
244.624
244.655
241.194
240.744
240.439
240.56
240.825
240.865
240.516
240.229
240.7
240.796
240.77
240.866
241.029
240.913
240.659
240.824
240.904
240.996
240.923
240.91
240.971
240.989
241.019
241.047
241.09
241.171
241.228
241.268
241.333
241.429
241.537
241.616
241.709
241.814
241.928
242.04
242.129
242.228
242.329
242.401
242.457
242.497
238.809
238.946
238.88
238.872
238.865
238.462
238.058
238.781
238.73
238.53
238.783
239.076
239.275
238.947
238.336
238.701
239.115
239.063
238.748
238.831
238.951
238.918
238.94
238.98
239.01
239.052
239.085
239.117
239.167
239.237
239.328
239.372
239.438
239.513
239.596
239.682
239.743
239.82
239.903
239.961
240.008
240.039
236.917
236.921
237.272
236.606
236.174
236.257
236.978
236.815
236.553
236.913
237.111
237.086
236.958
236.548
236.205
236.842
237.458
236.836
236.495
236.873
236.925
236.871
236.888
236.875
236.876
236.915
236.949
236.969
236.995
237.037
237.114
237.11
237.138
237.172
237.214
237.265
237.288
237.326
237.369
237.401
237.429
237.445
235.115
234.75
234.517
234.426
234.382
234.361
234.094
234.03
235.009
235.166
235.232
234.844
234.565
233.998
234.121
235.122
235.486
234.314
234.323
234.938
234.783
234.688
234.799
234.766
234.722
234.763
234.777
234.768
234.781
234.811
234.877
234.825
234.817
234.818
234.827
234.848
234.836
234.835
234.841
234.845
234.85
234.851
232.146
232.275
232.258
232.422
232.504
232.259
232.064
232.927
232.932
232.701
232.36
232.166
232.236
232.245
232.411
233.052
232.646
232.072
232.662
232.615
232.426
232.6
232.614
232.507
232.474
232.554
232.566
232.534
232.531
232.554
232.624
232.533
232.494
232.469
232.458
232.46
232.421
232.392
232.374
232.359
232.345
232.333
229.117
229.637
230.034
230.159
230.173
230.294
230.815
230.953
230.242
229.863
229.705
229.583
230.017
230.697
230.506
230.062
229.802
230.402
230.374
230.096
230.188
230.387
230.269
230.171
230.214
230.261
230.254
230.235
230.225
230.226
230.29
230.196
230.158
230.14
230.127
230.118
230.069
230.03
230.006
229.984
229.962
229.945
227.791
227.644
227.596
227.573
227.73
227.821
227.99
227.289
227.502
227.999
227.821
227.475
227.79
228.442
227.848
227.054
227.753
228.291
227.726
227.648
228.064
228.001
227.867
227.822
227.882
227.886
227.868
227.867
227.872
227.877
227.93
227.859
227.832
227.827
227.821
227.819
227.784
227.757
227.738
227.715
227.692
227.676
226.41
226.222
225.989
225.451
224.885
224.059
223.872
224.534
225.581
226.113
226.358
225.705
225.294
225.24
224.791
225.091
225.984
225.546
225.175
225.425
225.718
225.529
225.386
225.419
225.518
225.516
225.488
225.487
225.504
225.522
225.568
225.534
225.53
225.542
225.548
225.558
225.543
225.531
225.519
225.5
225.48
225.465
223.923
223.916
223.58
222.932
222.014
221.454
221.715
222.843
223.114
223.449
223.96
223.6
222.464
222.153
222.607
223.497
223.431
222.672
222.841
223.298
223.134
222.996
222.978
223.106
223.154
223.134
223.133
223.166
223.192
223.215
223.26
223.251
223.262
223.281
223.3
223.326
223.325
223.329
223.328
223.322
223.312
223.302
220.883
220.524
220.86
220.197
219.977
220.506
220.904
220.705
220.668
220.79
220.896
220.711
219.977
220.178
221.129
221.158
220.289
220.374
220.84
220.816
220.674
220.629
220.691
220.774
220.805
220.803
220.823
220.859
220.88
220.908
220.961
220.967
220.99
221.022
221.056
221.1
221.111
221.13
221.147
221.162
221.171
221.174
218.893
217.872
217.308
217.276
218.19
219.46
219.001
218.38
218.333
218.44
218.224
217.907
217.491
218.395
219.478
218.421
217.608
218.361
218.649
218.374
218.322
218.408
218.45
218.461
218.498
218.518
218.539
218.573
218.604
218.644
218.704
218.724
218.758
218.801
218.843
218.893
218.909
218.931
218.959
218.988
219.015
219.031
216.532
215.911
215.534
215.697
216.407
216.437
216.125
216.142
216.269
216.334
216.029
215.658
215.638
216.508
216.854
215.669
215.894
216.364
216.161
216.114
216.219
216.243
216.234
216.243
216.319
216.298
216.311
216.354
216.388
216.432
216.494
216.518
216.553
216.596
216.642
216.695
216.715
216.741
216.776
216.812
216.846
216.868
214.329
214.357
214.124
214.389
214.059
213.52
213.089
213.582
214.398
214.619
214.164
214.029
213.983
213.688
213.931
214.257
213.999
213.896
214.088
214.117
214.065
214.057
214.082
214.124
214.187
214.138
214.161
214.221
214.235
214.27
214.337
214.349
214.376
214.413
214.456
214.506
214.528
214.559
214.6
214.64
214.675
214.698
213.142
212.94
212.532
211.839
211.278
210.138
210.284
211.577
212.946
213.348
212.723
212.032
211.136
211.023
212.357
212.628
211.695
211.722
212.279
212.167
212.015
211.953
211.999
212.079
212.081
212.047
212.088
212.169
212.15
212.172
212.247
212.224
212.239
212.274
212.309
212.345
212.363
212.392
212.432
212.467
212.497
212.52
211.439
211.106
210.811
209.494
208.21
208.399
208.991
210.38
211.193
211.524
210.713
209.035
208.779
210.012
210.87
209.919
209.579
210.171
210.325
210.113
210.003
209.978
210.035
210.098
210.059
210.036
210.07
210.134
210.103
210.122
210.221
210.148
210.152
210.184
210.207
210.228
210.235
210.255
210.285
210.307
210.327
210.344
209.243
208.034
207.374
207.771
208.167
207.578
207.821
208.543
209.058
208.886
207.647
206.794
207.85
209.109
208.313
207.573
208.037
208.312
208.18
208.069
208.057
208.093
208.139
208.149
208.104
208.12
208.126
208.128
208.092
208.108
208.224
208.123
208.12
208.147
208.154
208.162
208.155
208.163
208.178
208.188
208.201
208.212
204.831
205.831
206.322
206.385
206.465
207.161
207.246
206.644
205.846
205.376
205.777
205.902
207.006
207.114
205.493
205.828
206.528
206.274
206.121
206.17
206.212
206.246
206.257
206.225
206.198
206.236
206.204
206.164
206.134
206.153
206.259
206.155
206.139
206.149
206.138
206.134
206.119
206.116
206.117
206.113
206.116
206.121
202.931
203.541
204.162
204.89
205.523
205.668
205.372
204.021
202.981
203.453
204.493
205.109
205.482
203.861
203.399
204.832
204.854
204.196
204.257
204.359
204.362
204.348
204.355
204.344
204.334
204.343
204.299
204.268
204.247
204.253
204.305
204.231
204.206
204.197
204.173
204.164
204.137
204.12
204.109
204.092
204.081
204.078
201.377
201.895
202.44
203.119
203.792
203.831
202.934
201.764
201.36
201.853
203.06
203.791
202.765
201.392
202.43
203.197
202.517
202.361
202.57
202.533
202.494
202.469
202.484
202.472
202.455
202.462
202.409
202.386
202.365
202.364
202.389
202.342
202.316
202.305
202.272
202.256
202.219
202.195
202.181
202.158
202.139
202.127
200.037
200.347
200.925
201.472
201.417
201.595
200.421
199.981
199.776
200.773
201.861
201.66
199.662
199.746
201.397
201.105
200.355
200.652
200.738
200.657
200.626
200.618
200.617
200.568
200.57
200.644
200.578
200.548
200.531
200.529
200.534
200.498
200.466
200.451
200.409
200.388
200.349
200.324
200.31
200.286
200.265
200.248
199.366
199.332
199.13
198.91
198.748
198.213
198.182
198.806
199.307
199.528
199.846
198.326
197.49
199.256
199.666
198.581
198.653
198.853
198.859
198.884
198.887
198.867
198.809
198.742
198.77
198.853
198.778
198.745
198.741
198.746
198.773
198.694
198.644
198.623
198.581
198.557
198.521
198.498
198.485
198.458
198.435
198.414
198.411
198.01
197.425
196.556
196.004
195.886
196.854
197.886
198.436
197.872
196.64
196.016
197.132
197.965
196.914
196.765
197.152
197.054
197.082
197.172
197.163
197.073
196.99
197.005
197.058
197.047
196.99
196.992
196.98
196.974
197.046
196.895
196.855
196.843
196.811
196.788
196.755
196.733
196.719
196.691
196.668
196.648
196.693
195.716
195.138
194.971
194.69
195.085
195.894
196.394
196.452
195.179
194.06
195.043
196.44
195.656
194.78
195.48
195.499
195.351
195.482
195.476
195.398
195.293
195.263
195.376
195.371
195.302
195.252
195.278
195.246
195.225
195.319
195.154
195.122
195.113
195.088
195.068
195.039
195.021
195.006
194.98
194.96
194.945
194.272
193.473
193.303
193.932
194.678
194.193
194.237
194.378
193.869
193.055
192.805
194.229
194.94
193.182
193.391
194.113
193.836
193.786
193.858
193.798
193.702
193.62
193.634
193.771
193.732
193.63
193.589
193.604
193.555
193.523
193.595
193.468
193.44
193.427
193.405
193.387
193.36
193.341
193.323
193.302
193.285
193.276
191.175
192.01
192.295
192.758
193.45
193.289
192.602
192.071
191.535
191.654
192.055
193.262
192.688
191.215
192.173
192.553
192.094
192.211
192.248
192.175
192.073
192.008
192.058
192.172
192.106
191.989
191.955
191.951
191.899
191.864
191.892
191.827
191.809
191.803
191.772
191.753
191.726
191.706
191.687
191.669
191.657
191.652
189.13
190.374
191.08
191.685
191.945
191.87
190.908
189.705
189.606
190.489
191.459
191.796
190.102
189.951
191.02
190.74
190.471
190.756
190.692
190.581
190.479
190.457
190.557
190.536
190.463
190.431
190.385
190.357
190.303
190.269
190.271
190.239
190.223
190.225
190.179
190.155
190.133
190.116
190.101
190.085
190.075
190.07
188.381
188.655
189.53
190.309
190.304
190.117
189.08
188.133
188.424
189.556
190.326
189.424
188.158
189.195
189.497
188.913
189.163
189.26
189.067
189
188.986
189.072
189.081
188.943
188.87
188.924
188.886
188.866
188.788
188.759
188.748
188.709
188.678
188.669
188.625
188.599
188.577
188.559
188.547
188.528
188.516
188.506
187.352
187.35
187.877
188.64
188.585
188.104
187.555
187.069
187.423
188.353
188.683
187.244
187.054
187.998
187.746
187.665
187.82
187.637
187.54
187.542
187.622
187.649
187.55
187.444
187.41
187.468
187.405
187.389
187.309
187.288
187.336
187.217
187.178
187.16
187.122
187.096
187.067
187.044
187.031
187.005
186.987
186.972
185.956
186.145
186.647
187.139
187.207
186.744
186.297
185.808
186.226
187.076
187.04
185.777
185.919
186.491
186.334
186.436
186.273
186.126
186.138
186.219
186.258
186.17
186.047
186.016
186.025
186.047
185.949
185.926
185.876
185.848
185.949
185.763
185.725
185.702
185.671
185.645
185.609
185.582
185.566
185.535
185.512
185.498
184.399
184.807
185.47
185.949
186.031
185.521
184.757
184.207
184.956
186.001
185.638
184.336
184.721
185.147
185.089
185.057
184.777
184.783
184.907
184.944
184.879
184.755
184.666
184.714
184.697
184.642
184.583
184.562
184.512
184.473
184.547
184.371
184.326
184.299
184.265
184.234
184.188
184.154
184.132
184.097
184.069
184.056
183.704
183.89
184.169
184.348
184.375
183.715
183.666
183.281
183.9
184.741
183.869
183.038
183.74
183.934
183.824
183.584
183.464
183.586
183.716
183.673
183.539
183.419
183.403
183.479
183.394
183.318
183.329
183.248
183.178
183.143
183.177
183.044
182.985
182.944
182.902
182.863
182.81
182.772
182.753
182.702
182.664
182.649
183.354
183.307
182.908
182.346
182.025
182.142
182.807
183.103
182.918
182.994
181.976
182.151
182.765
182.682
182.539
182.193
182.224
182.51
182.472
182.381
182.236
182.159
182.235
182.23
182.098
182.02
182.073
181.967
181.903
181.864
181.846
181.752
181.691
181.649
181.602
181.543
181.504
181.462
181.442
181.374
181.331
181.316
182.919
182.335
181.618
180.537
180.226
180.758
181.984
182.581
181.943
181.239
180.623
181.328
181.741
181.485
181.056
181.027
181.33
181.36
181.203
181.1
181.019
181.021
181.051
180.964
180.862
180.828
180.905
180.748
180.672
180.624
180.586
180.507
180.44
180.396
180.353
180.316
180.24
180.181
180.16
180.088
180.047
180.032
181.893
181.141
180.43
179.318
178.985
179.682
180.908
181.498
180.869
180.017
179.636
180.295
180.639
180.257
179.803
180.066
180.262
180.1
179.987
179.905
179.903
179.943
179.862
179.753
179.703
179.689
179.747
179.564
179.492
179.445
179.4
179.313
179.235
179.181
179.138
179.182
179.001
178.941
178.916
178.844
178.802
178.786
180.596
179.914
179.294
178.259
178.025
178.687
179.729
180.275
179.706
178.982
178.612
179.174
179.61
179.038
178.634
179.043
179.17
178.922
178.812
178.743
178.783
178.837
178.746
178.646
178.617
178.553
178.535
178.415
178.371
178.311
178.246
178.158
178.085
178.03
177.986
178.068
177.834
177.775
177.742
177.676
177.639
177.624
179.258
178.824
178.307
177.421
177.204
177.719
178.583
179.007
178.469
178.243
177.716
178.035
178.587
177.842
177.604
178.122
178.172
177.814
177.687
177.629
177.717
177.786
177.705
177.613
177.58
177.442
177.368
177.341
177.303
177.225
177.144
177.067
176.995
176.934
176.885
176.924
176.73
176.668
176.629
176.575
176.544
176.528
177.841
177.787
177.384
176.954
176.73
176.86
177.344
177.475
177.394
177.596
176.73
176.784
177.388
176.772
176.779
177.15
177.047
176.748
176.673
176.682
176.781
176.746
176.655
176.606
176.569
176.39
176.33
176.364
176.288
176.193
176.107
176.033
175.955
175.888
175.824
175.812
175.664
175.598
175.555
175.509
175.478
175.457
176.714
176.802
176.526
176.141
175.773
175.846
176.324
176.35
176.581
176.707
175.409
175.68
176.289
175.759
176
176.157
175.891
175.785
175.782
175.859
175.836
175.7
175.598
175.612
175.556
175.415
175.393
175.382
175.283
175.182
175.104
175.035
174.958
174.887
174.817
174.777
174.66
174.593
174.549
174.509
174.482
174.455
176.457
176.003
175.466
174.656
174.46
174.91
175.794
175.957
175.841
175.308
174.218
174.967
175.357
174.922
175.178
175.12
174.933
174.923
175.007
175.032
174.882
174.711
174.605
174.614
174.568
174.583
174.479
174.403
174.315
174.226
174.148
174.076
174.004
173.937
173.869
173.815
173.721
173.659
173.618
173.584
173.569
173.54
176.088
175.246
174.366
173.406
173.374
174.115
175.195
175.542
175.034
173.899
173.467
174.444
174.482
174.211
174.383
174.106
174.056
174.141
174.197
174.1
173.937
173.79
173.765
173.761
173.729
173.753
173.606
173.504
173.419
173.339
173.259
173.18
173.106
173.039
172.962
172.889
172.805
172.749
172.715
172.69
172.691
172.651
175.15
174.35
173.417
172.691
172.414
173.471
174.424
174.826
174.109
172.727
172.896
173.91
173.546
173.409
173.598
173.257
173.204
173.302
173.358
173.232
173.086
172.966
172.993
172.974
172.956
172.868
172.737
172.62
172.551
172.493
172.412
172.324
172.244
172.174
172.102
172.035
171.953
171.895
171.858
171.839
171.9
171.787
174.206
173.434
172.66
172.064
171.894
172.824
173.539
173.91
173.18
172.007
172.411
173.198
172.754
172.753
172.743
172.412
172.447
172.565
172.544
172.406
172.285
172.23
172.271
172.187
172.125
172.002
171.903
171.825
171.769
171.706
171.615
171.528
171.448
171.375
171.309
171.256
171.166
171.106
171.065
171.053
171.178
170.978
173.381
172.824
172.223
171.514
171.388
172.007
172.744
173.052
172.503
171.711
171.705
172.285
172.203
172.094
171.797
171.697
171.868
171.86
171.788
171.668
171.591
171.612
171.592
171.458
171.362
171.245
171.16
171.114
171.054
170.974
170.873
170.782
170.699
170.623
170.561
170.509
170.429
170.371
170.326
170.315
170.457
170.238
172.816
172.216
171.553
170.72
170.639
171.244
172.155
172.449
172.049
171.07
170.85
171.578
171.595
171.391
171.064
171.052
171.221
171.187
171.117
171.015
170.965
171.018
170.932
170.782
170.666
170.579
170.524
170.496
170.404
170.292
170.182
170.097
170.024
169.955
169.877
169.803
169.728
169.666
169.615
169.601
169.745
169.521
172.313
171.681
170.814
169.959
169.931
170.821
171.706
171.98
171.335
170.068
170.338
171.148
171.061
170.539
170.443
170.655
170.629
170.52
170.45
170.422
170.458
170.399
170.221
170.068
169.999
170.035
169.946
169.859
169.746
169.64
169.549
169.484
169.41
169.325
169.236
169.163
169.096
169.03
168.969
168.942
169.078
168.848
171.54
170.907
170.337
169.718
169.717
170.557
171.172
171.335
170.343
169.362
170.191
170.869
170.246
169.989
170.147
170.099
170.01
169.987
169.951
169.921
169.872
169.757
169.608
169.489
169.44
169.503
169.369
169.268
169.157
169.064
168.991
168.936
168.853
168.751
168.663
168.592
168.516
168.441
168.381
168.352
168.48
168.262
170.772
170.01
169.705
169.873
170.006
170.123
170.402
170.412
169.411
169.113
170.067
170.4
169.455
169.401
169.769
169.717
169.456
169.411
169.384
169.403
169.361
169.235
169.119
169.043
169.003
169.014
168.869
168.763
168.656
168.571
168.504
168.431
168.328
168.22
168.139
168.061
167.98
167.909
167.85
167.814
167.917
167.722
169.777
169.289
169.26
169.67
169.963
169.693
169.717
169.57
168.906
168.831
169.674
169.833
168.867
169.002
169.441
169.324
168.963
168.91
168.899
168.96
168.888
168.751
168.672
168.638
168.59
168.566
168.418
168.305
168.209
168.143
168.075
167.979
167.867
167.765
167.675
167.579
167.488
167.415
167.344
167.298
167.388
167.186
169.341
169.1
169.002
169.141
169.563
169.147
169.193
169.397
168.93
168.451
169.075
169.296
168.547
168.734
169.078
168.877
168.558
168.503
168.532
168.586
168.463
168.329
168.288
168.242
168.172
168.139
167.991
167.881
167.797
167.718
167.622
167.518
167.419
167.329
167.238
167.148
167.067
166.999
166.928
166.883
166.971
166.787
169.539
169.11
168.707
168.471
168.427
168.722
169.03
169.339
168.959
168.273
168.484
168.81
168.37
168.601
168.72
168.404
168.234
168.187
168.273
168.28
168.143
168.03
167.992
167.902
167.836
167.77
167.644
167.55
167.481
167.392
167.284
167.177
167.08
166.988
166.892
166.797
166.714
166.644
166.57
166.525
166.587
166.417
169.291
168.987
168.542
168.097
168.015
168.311
168.85
169.021
168.626
168.453
168.183
168.152
168.477
168.556
168.137
168.001
168.003
168.085
168.057
167.938
167.815
167.791
167.737
167.631
167.537
167.461
167.353
167.265
167.169
167.065
166.962
166.86
166.764
166.673
166.58
166.488
166.406
166.337
166.259
166.215
166.258
166.118
168.61
168.52
168.492
168.475
168.415
168.333
168.419
168.085
168.318
168.656
168.033
167.789
168.318
168.282
167.798
167.807
167.953
167.923
167.778
167.653
167.592
167.566
167.466
167.376
167.299
167.239
167.123
167.027
166.914
166.814
166.721
166.626
166.531
166.432
166.328
166.233
166.154
166.087
165.997
165.94
165.959
165.813
167.902
168.1
168.472
168.694
168.734
168.587
167.957
167.496
167.968
168.495
168.102
167.786
168.081
167.87
167.672
167.754
167.853
167.747
167.586
167.482
167.464
167.396
167.267
167.183
167.108
167.052
166.933
166.837
166.731
166.631
166.53
166.434
166.343
166.242
166.138
166.049
165.969
165.896
165.82
165.764
165.754
165.637
167.661
167.954
168.259
168.649
168.676
168.448
167.888
167.675
167.83
168.008
168.019
168.018
167.744
167.536
167.651
167.803
167.672
167.515
167.427
167.411
167.395
167.279
167.16
167.1
167.018
166.934
166.814
166.719
166.619
166.518
166.414
166.318
166.224
166.122
166.025
165.939
165.85
165.764
165.689
165.621
165.588
165.482
168.2
168.09
168.04
168.147
168.239
167.94
167.961
168.169
167.948
167.486
167.805
168.159
167.529
167.475
167.771
167.747
167.495
167.411
167.359
167.36
167.276
167.153
167.068
167.022
166.941
166.85
166.742
166.654
166.562
166.469
166.372
166.281
166.185
166.083
165.985
165.891
165.792
165.698
165.618
165.535
165.486
165.393
168.711
168.416
168.021
167.672
167.404
167.807
168.224
168.449
168.109
167.532
167.651
168.087
167.615
167.61
167.784
167.642
167.484
167.423
167.411
167.373
167.252
167.15
167.084
167.008
166.936
166.841
166.739
166.647
166.551
166.455
166.354
166.257
166.153
166.047
165.945
165.844
165.745
165.656
165.592
165.531
165.501
165.454
168.529
168.267
167.921
167.637
167.511
167.709
168.049
168.052
167.97
167.88
167.657
167.728
167.567
167.707
167.702
167.529
167.49
167.456
167.445
167.399
167.307
167.245
167.189
167.097
167.032
166.952
166.872
166.777
166.687
166.594
166.5
166.403
166.3
166.197
166.1
166.002
165.91
165.822
165.751
165.683
165.641
165.604
)
;

boundaryField
{
    lateral_sides
    {
        type            empty;
    }
    outerwall
    {
        type            zeroGradient;
    }
    longitudinal_symmetry
    {
        type            symmetryPlane;
    }
    inlet
    {
        type            totalPressure;
        rho             none;
        psi             thermo:psi;
        gamma           1.333;
        p0              uniform 611.2;
        value           nonuniform List<scalar> 
42
(
529.024
529.009
529.02
529.036
529.027
529.005
528.986
528.961
528.946
528.937
528.935
528.93
528.925
528.919
528.913
528.905
528.895
528.881
528.866
528.85
528.834
528.819
528.804
528.789
528.775
528.759
528.741
528.72
528.698
528.675
528.651
528.626
528.6
528.573
528.546
528.521
528.496
528.474
528.454
528.438
528.426
528.42
)
;
    }
    outlet
    {
        type            zeroGradient;
    }
}


// ************************************************************************* //
