/*--------------------------------*- C++ -*----------------------------------*\
| =========                 |                                                 |
| \\      /  F ield         | OpenFOAM: The Open Source CFD Toolbox           |
|  \\    /   O peration     | Version:  2412                                  |
|   \\  /    A nd           | Website:  www.openfoam.com                      |
|    \\/     M anipulation  |                                                 |
\*---------------------------------------------------------------------------*/
FoamFile
{
    version     2.0;
    format      ascii;
    arch        "LSB;label=32;scalar=64";
    class       volScalarField;
    location    "0.013";
    object      S_sat;
}
// * * * * * * * * * * * * * * * * * * * * * * * * * * * * * * * * * * * * * //

dimensions      [0 0 0 0 0 0 0];

internalField   nonuniform List<scalar> 
8988
(
1.75539
1.80322
1.86865
1.91461
1.94134
1.9562
1.96339
1.96763
1.9707
1.97286
1.97473
1.97612
1.97714
1.9777
1.97807
1.97832
1.97847
1.97859
1.97867
1.97873
1.97878
1.97882
1.97884
1.97887
1.9789
1.97896
1.97903
1.9791
1.97913
1.9792
1.97933
1.97952
1.97976
1.98002
1.98028
1.98053
1.98077
1.98101
1.98123
1.98142
1.98157
1.98164
1.50262
1.55645
1.65879
1.77296
1.85196
1.90186
1.93518
1.95214
1.95822
1.96392
1.96938
1.97193
1.97275
1.97303
1.97436
1.97563
1.97619
1.97658
1.97708
1.97759
1.978
1.97835
1.97876
1.97919
1.97965
1.98007
1.9805
1.981
1.98139
1.98177
1.98214
1.98255
1.983
1.9834
1.98375
1.9841
1.98443
1.98477
1.98508
1.98536
1.98558
1.98569
1.3402
1.39198
1.49698
1.63678
1.75796
1.83768
1.89329
1.93212
1.9501
1.95736
1.96561
1.97206
1.97462
1.97623
1.97825
1.97954
1.98028
1.9809
1.98144
1.98186
1.9822
1.98247
1.98274
1.98298
1.98321
1.98344
1.98361
1.98374
1.9838
1.98385
1.98393
1.98408
1.98429
1.98449
1.98469
1.98488
1.98509
1.98529
1.98547
1.98562
1.98576
1.98584
1.22592
1.26896
1.36634
1.51297
1.66023
1.76874
1.84365
1.89835
1.9335
1.94991
1.96099
1.97057
1.97641
1.98017
1.98279
1.98458
1.98592
1.98682
1.98732
1.98764
1.98784
1.98793
1.98797
1.98801
1.98805
1.98812
1.98816
1.98814
1.98803
1.98787
1.98764
1.98739
1.98712
1.98681
1.98648
1.98618
1.98592
1.98572
1.98557
1.98546
1.98541
1.98535
1.14107
1.17797
1.26858
1.40643
1.5644
1.70042
1.79136
1.85732
1.90807
1.93886
1.95543
1.96801
1.97757
1.98355
1.98731
1.9898
1.9916
1.99269
1.9933
1.99364
1.99377
1.9938
1.99375
1.99366
1.99357
1.99347
1.99333
1.9931
1.99281
1.99244
1.99199
1.9914
1.9907
1.98989
1.98903
1.98816
1.98736
1.98666
1.98608
1.98561
1.98527
1.98509
1.06679
1.10083
1.18789
1.3193
1.4753
1.62606
1.74075
1.81804
1.8777
1.92303
1.94951
1.96615
1.9785
1.98609
1.99177
1.99513
1.99678
1.99808
1.99933
1.99987
2
2.00003
2.00003
1.99994
1.99978
1.99957
1.9993
1.99894
1.99848
1.99795
1.9973
1.99648
1.99546
1.9943
1.99302
1.99166
1.99029
1.98897
1.98778
1.98678
1.98606
1.98562
1.00009
1.0325
1.11744
1.24446
1.39643
1.55244
1.68651
1.78251
1.84973
1.90381
1.94149
1.96439
1.97945
1.98809
1.99484
1.99988
2.00202
2.00341
2.00494
2.00598
2.00624
2.00629
2.00633
2.0063
2.00615
2.00588
2.00554
2.00511
2.00457
2.00392
2.00311
2.00211
2.00089
1.9995
1.99796
1.99628
1.9945
1.99268
1.99095
1.98943
1.9883
1.98758
1.00033
1
1.05163
1.17703
1.32823
1.48467
1.62897
1.74409
1.82451
1.88496
1.93024
1.96027
1.97946
1.9894
1.99687
2.00345
2.00688
2.00854
2.01
2.01161
2.01221
2.01231
2.01238
2.01245
2.01237
2.01211
2.01174
2.01129
2.01071
2.00999
2.00911
2.00802
2.00674
2.00528
2.00366
2.00186
1.99991
1.99787
1.99584
1.99399
1.99258
1.99159
1.00052
1.00056
1.00014
1.10926
1.26748
1.43052
1.57418
1.69798
1.79699
1.86906
1.91867
1.95307
1.9773
1.99127
1.9994
2.0063
2.01116
2.01349
2.0151
2.01693
2.01791
2.01818
2.01831
2.01843
2.01843
2.01825
2.01789
2.01743
2.01684
2.01611
2.01523
2.01417
2.01292
2.0115
2.0099
2.00815
2.00626
2.00428
2.00232
2.00053
1.99914
1.99807
1.00066
1.0001
1.00016
1.05129
1.20253
1.3732
1.53031
1.6592
1.76532
1.84879
1.90733
1.94539
1.97251
1.9916
2.0016
2.00814
2.01406
2.01797
2.02004
2.0216
2.02304
2.02376
2.024
2.02413
2.02423
2.02419
2.02395
2.02353
2.02298
2.02233
2.02156
2.02064
2.01955
2.01829
2.01688
2.01535
2.01373
2.01207
2.01047
2.00903
2.00795
2.00697
1.00099
1.00036
1.00003
1.00112
1.14821
1.31394
1.47998
1.62312
1.73627
1.82508
1.8927
1.93814
1.96738
1.98944
2.00346
2.01061
2.01644
2.02183
2.02476
2.0264
2.02794
2.02913
2.0296
2.02981
2.02998
2.03007
2.02999
2.0297
2.02927
2.02875
2.02815
2.02746
2.02665
2.02571
2.02466
2.02354
2.02239
2.02125
2.0202
2.01928
2.01862
2.01788
1.00126
1.00004
1.00023
1.0008
1.09928
1.26745
1.4303
1.5797
1.70653
1.80269
1.87524
1.92814
1.96203
1.98679
2.00378
2.01294
2.0199
2.0259
2.02921
2.0312
2.03309
2.0345
2.03514
2.03555
2.03591
2.03612
2.03618
2.03613
2.03592
2.0356
2.03524
2.03487
2.03445
2.03395
2.03341
2.03285
2.0323
2.03178
2.03134
2.03098
2.03073
2.03027
1.00178
1.00002
1.00019
1.00027
1.04693
1.21761
1.38775
1.53972
1.67207
1.77781
1.85726
1.9151
1.9552
1.98406
2.0027
2.01477
2.02395
2.03007
2.03385
2.0367
2.03887
2.04016
2.04101
2.04173
2.04226
2.04262
2.04288
2.04305
2.04311
2.04309
2.04308
2.04311
2.04316
2.04321
2.04325
2.04331
2.0434
2.04351
2.04364
2.04377
2.04386
2.0437
1.00135
1.00063
1.00083
1.00003
1.00056
1.17111
1.34551
1.4998
1.63604
1.75167
1.83793
1.90106
1.94799
1.98024
2.00168
2.0171
2.02764
2.03445
2.03928
2.04269
2.04484
2.04637
2.0476
2.04851
2.0492
2.04979
2.05032
2.05077
2.05115
2.0515
2.0519
2.05239
2.05295
2.05355
2.05418
2.05484
2.05552
2.05621
2.05686
2.05742
2.05779
2.05785
1.00217
1.00005
1.00019
1.00057
1.00088
1.12588
1.30088
1.46278
1.60567
1.72636
1.81889
1.88898
1.94091
1.97633
2.00174
2.01986
2.03152
2.03958
2.04536
2.04906
2.05155
2.05351
2.05502
2.05614
2.05706
2.05792
2.05873
2.05948
2.06021
2.06097
2.06181
2.06276
2.06381
2.06492
2.06608
2.06727
2.06847
2.06964
2.07072
2.07164
2.0723
2.07259
1.00166
1.00029
1.00035
1.00047
1.00053
1.08971
1.25933
1.42469
1.57605
1.70111
1.79976
1.87687
1.93315
1.97325
2.00257
2.0225
2.03599
2.0456
2.05198
2.05613
2.05919
2.06156
2.06335
2.06474
2.06596
2.0671
2.06819
2.06927
2.0704
2.07159
2.07285
2.0742
2.07565
2.0772
2.07881
2.08045
2.08207
2.08362
2.08504
2.08628
2.08721
2.08775
1.0006
1.0011
1.00004
1.00065
1.0007
1.05215
1.22588
1.39119
1.5447
1.6774
1.78296
1.86527
1.92661
1.97179
2.00396
2.02605
2.04169
2.05233
2.05927
2.06412
2.06776
2.07056
2.07265
2.07438
2.07592
2.07735
2.07876
2.08018
2.08165
2.0832
2.08485
2.08658
2.08839
2.0903
2.09227
2.09426
2.0962
2.09804
2.09973
2.10121
2.10234
2.10307
1.00125
1.00039
1.00025
1.00062
1.00139
1.0153
1.18865
1.36135
1.51797
1.6543
1.76711
1.85488
1.92165
1.97112
2.00616
2.03116
2.04859
2.0601
2.06799
2.07354
2.07762
2.08084
2.08329
2.08533
2.08713
2.08883
2.09056
2.0923
2.09405
2.09585
2.09775
2.09974
2.10184
2.10403
2.10629
2.10855
2.11075
2.11283
2.11474
2.11639
2.11762
2.11843
1.00009
1.00052
1.00004
1.00027
1.00084
1.00009
1.15965
1.3304
1.49147
1.63496
1.75274
1.8462
1.91845
1.97159
2.01022
2.03802
2.05689
2.06969
2.07866
2.08473
2.08923
2.0929
2.09566
2.09789
2.09981
2.10167
2.10355
2.10545
2.10737
2.10937
2.11146
2.11367
2.116
2.11843
2.12089
2.12333
2.12573
2.12801
2.13007
2.13181
2.13305
2.1339
1.00028
1.00008
1.00027
1.00029
1.00106
1.00007
1.13076
1.305
1.46642
1.61523
1.73928
1.83853
1.91561
1.97245
2.01496
2.04527
2.06593
2.08047
2.09037
2.09699
2.10207
2.10622
2.10933
2.11177
2.11389
2.11594
2.11793
2.11988
2.12186
2.12392
2.1261
2.12841
2.13088
2.13346
2.13606
2.13864
2.14118
2.14357
2.1457
2.14747
2.14871
2.14957
1.00119
1.00009
1.0009
1.00045
1.00011
1.00019
1.09955
1.27903
1.44637
1.59587
1.72559
1.83163
1.91321
1.97443
2.0208
2.05378
2.07664
2.09258
2.10341
2.11098
2.11644
2.1207
2.12414
2.12678
2.12908
2.13119
2.13315
2.13511
2.13719
2.13937
2.14164
2.14403
2.14656
2.14919
2.15186
2.15453
2.15714
2.15959
2.16174
2.16349
2.16471
2.16559
1.00054
1.00076
1.00101
1.00091
1.00089
1.00004
1.07385
1.25055
1.42518
1.57985
1.71325
1.82466
1.91095
1.97731
2.02721
2.06295
2.08796
2.10505
2.11719
2.12597
2.13181
2.1362
2.13996
2.14295
2.14544
2.14754
2.14944
2.15141
2.15354
2.15577
2.15809
2.16052
2.16307
2.16573
2.16843
2.17112
2.17371
2.17612
2.17822
2.17995
2.18116
2.18205
1.00073
1.00004
1.00032
1.00019
1.00063
1.00042
1.05243
1.2262
1.40135
1.56238
1.70101
1.8169
1.90902
1.98071
2.03374
2.07257
2.10005
2.11868
2.1322
2.14183
2.14813
2.15293
2.1571
2.16032
2.16285
2.16489
2.1668
2.1688
2.17093
2.17316
2.17547
2.17787
2.18037
2.18299
2.18571
2.1884
2.19094
2.19326
2.1953
2.197
2.19823
2.19911
1.0015
1.00046
1.00003
1.00039
1.00184
1.00045
1.0283
1.20167
1.3796
1.54618
1.68881
1.80979
1.90812
1.98412
2.04125
2.08356
2.11315
2.13397
2.14903
2.15906
2.16585
2.17123
2.17566
2.17895
2.18136
2.18338
2.18532
2.18729
2.1893
2.19142
2.19368
2.19603
2.19848
2.20105
2.20369
2.20632
2.20882
2.21111
2.21315
2.21485
2.21609
2.21695
1.00132
1.00067
1.00042
1.00015
1.00119
1.00077
1.0075
1.18243
1.361
1.53059
1.67957
1.80564
1.90851
1.98898
2.05076
2.09544
2.12717
2.15069
2.16665
2.17685
2.18438
2.19043
2.19504
2.19848
2.20097
2.20314
2.20515
2.20699
2.20882
2.21076
2.21285
2.21505
2.21738
2.21984
2.22239
2.22495
2.22741
2.22973
2.23182
2.23359
2.23486
2.2357
1.00183
1.00037
1.00007
1.00006
1.00122
1.00088
1.00003
1.16567
1.34517
1.51463
1.6698
1.80211
1.90874
1.99453
2.06095
2.10755
2.14231
2.16865
2.18532
2.19626
2.20496
2.21154
2.21596
2.21927
2.22193
2.22411
2.22593
2.22757
2.22928
2.2311
2.23298
2.235
2.23719
2.23951
2.24192
2.2444
2.24687
2.24925
2.25142
2.25324
2.25456
2.25542
1.00024
1.00002
1.00041
1.00039
1.00041
1.00054
1.00036
1.1468
1.32718
1.50414
1.66316
1.80007
1.91167
2.00232
2.07217
2.12205
2.16024
2.18753
2.20459
2.21684
2.22665
2.23307
2.23741
2.24102
2.24403
2.24624
2.24778
2.24917
2.25077
2.25247
2.25416
2.25601
2.25804
2.26019
2.26244
2.26482
2.26728
2.26971
2.27194
2.27383
2.27524
2.27618
1.0016
1.0003
1.00055
1.00024
1.00041
1.00044
1.00025
1.13168
1.3134
1.49095
1.65546
1.79734
1.91376
2.00936
2.08224
2.136
2.17747
2.20586
2.2246
2.23888
2.24917
2.25538
2.25979
2.26377
2.26694
2.26908
2.27053
2.27188
2.27336
2.27484
2.27634
2.27803
2.27991
2.2819
2.28399
2.28625
2.28868
2.29113
2.29341
2.29539
2.29692
2.298
1.00112
1.00024
1.00048
1.00023
1.00061
1.00117
1.00038
1.11362
1.30121
1.48019
1.64815
1.79569
1.91813
2.01821
2.09448
2.15238
2.19611
2.22584
2.24665
2.26219
2.27252
2.27913
2.284
2.28796
2.29092
2.29296
2.29442
2.29579
2.29714
2.29842
2.29974
2.30124
2.30291
2.30473
2.30669
2.30882
2.31113
2.31353
2.31585
2.31791
2.31956
2.32075
1.0014
1.00042
1.00018
1.00095
1.00043
1.00008
1.00056
1.0977
1.28729
1.47168
1.64218
1.79375
1.92196
2.02591
2.10621
2.16826
2.21431
2.24629
2.26895
2.28508
2.29615
2.3039
2.30948
2.31336
2.31624
2.31845
2.32001
2.32127
2.32238
2.32348
2.32464
2.3259
2.32729
2.32886
2.33064
2.33264
2.3348
2.33704
2.33925
2.34132
2.34299
2.34422
1.00068
1.00018
1.00008
1.00123
1.00007
1.00092
1.00071
1.08421
1.27526
1.46316
1.63738
1.79274
1.92589
2.03406
2.11907
2.18501
2.23319
2.26753
2.29218
2.3094
2.32137
2.32979
2.33561
2.33973
2.34298
2.34542
2.347
2.34803
2.34891
2.34992
2.35105
2.35224
2.35344
2.35469
2.35614
2.35786
2.35978
2.36173
2.36367
2.36552
2.36706
2.36819
1.00045
1.00051
1.00007
1.00095
1.00017
1.00107
1.0001
1.0737
1.26588
1.45393
1.6321
1.79257
1.92992
2.04283
2.1327
2.20186
2.2533
2.29065
2.31672
2.33494
2.34806
2.35709
2.36298
2.3674
2.37118
2.37386
2.37549
2.37644
2.37715
2.37795
2.37897
2.38011
2.38121
2.38222
2.38329
2.38459
2.38611
2.38768
2.38918
2.3906
2.3918
2.39268
1.00036
1.0005
1.00009
1.00019
1.0012
1.00163
1.00025
1.05999
1.25321
1.44615
1.62697
1.79187
1.93444
2.05205
2.14591
2.21881
2.27359
2.31333
2.34186
2.36224
2.37617
2.3854
2.39182
2.39668
2.40049
2.40328
2.40519
2.40647
2.40729
2.40793
2.40865
2.40951
2.41039
2.4112
2.41198
2.41284
2.41383
2.41487
2.41583
2.41668
2.41737
2.41788
1.00115
1.00025
1.00037
1.00059
1.00034
1.00193
1.0003
1.05176
1.24386
1.43678
1.6235
1.79313
1.94023
2.06331
2.16111
2.23795
2.29611
2.33766
2.3682
2.39035
2.40492
2.41468
2.4221
2.42766
2.43121
2.43374
2.43591
2.4375
2.43853
2.4392
2.4398
2.44038
2.44091
2.44145
2.44198
2.44244
2.44285
2.44325
2.4436
2.44386
2.44402
2.44411
1.00073
1.00032
1.00009
1.00121
1.00034
1.00052
1.00016
1.04197
1.23509
1.42835
1.61949
1.79415
1.9464
2.0742
2.17657
2.25777
2.31894
2.36317
2.39619
2.41977
2.4353
2.44595
2.45389
2.45949
2.46313
2.46596
2.46837
2.47
2.47099
2.47166
2.47221
2.47259
2.4728
2.47301
2.47324
2.4733
2.47317
2.47294
2.4727
2.47239
2.47207
2.4718
1.00006
1.00032
1.00012
1.00169
1.00003
1.00086
1.00043
1.03282
1.22404
1.4216
1.61731
1.79628
1.95346
2.08638
2.19348
2.27789
2.34243
2.38961
2.42451
2.4502
2.46769
2.47918
2.48711
2.49289
2.49705
2.50009
2.50236
2.50387
2.50473
2.50531
2.50571
2.50581
2.50568
2.50563
2.50557
2.50523
2.50462
2.50387
2.50309
2.50231
2.50168
2.50116
1.00122
1.00052
1.00135
1.00167
1.00013
1.00227
1.00189
1.02244
1.21231
1.41571
1.61647
1.79895
1.96014
2.09928
2.21172
2.29923
2.36805
2.41875
2.45534
2.48247
2.50091
2.51283
2.52136
2.52812
2.53289
2.53585
2.53786
2.53929
2.54007
2.54032
2.54029
2.53998
2.53962
2.53933
2.53887
2.53813
2.53715
2.5361
2.53501
2.53395
2.53314
2.53248
1.00105
1.00034
1.00199
1.00104
1.00065
1.00027
1.00031
1.01113
1.20683
1.41422
1.61546
1.80276
1.96984
2.1138
2.23061
2.32315
2.39598
2.44939
2.48811
2.51634
2.53541
2.54829
2.55789
2.56504
2.56959
2.5724
2.57446
2.57589
2.57648
2.57652
2.57616
2.57551
2.57491
2.57428
2.57342
2.57227
2.57097
2.5697
2.56847
2.56735
2.56652
2.56579
1.0004
1.00025
1.00036
1.0001
1.00035
1.00027
1.00136
1.00555
1.20562
1.41174
1.61521
1.80806
1.98103
2.13033
2.25175
2.34879
2.4247
2.4807
2.5216
2.55111
2.57176
2.58642
2.59677
2.60341
2.60746
2.61037
2.61262
2.61373
2.61398
2.61388
2.61346
2.61266
2.61171
2.61069
2.60948
2.60804
2.60648
2.605
2.60368
2.60256
2.60176
2.60103
1.0008
1.0009
1.00015
1.00018
1.00073
1.00088
1.00037
1.00601
1.20117
1.40761
1.61881
1.8151
1.99294
2.14802
2.2734
2.37531
2.45496
2.51261
2.55607
2.58847
2.61011
2.62469
2.63521
2.64241
2.64691
2.64998
2.65201
2.65266
2.65249
2.65224
2.65201
2.65132
2.65011
2.64873
2.64728
2.64565
2.64395
2.64237
2.64099
2.63981
2.63894
2.63818
1.00002
1.00005
1.00084
1.00036
1.00148
1.00017
1.0007
1.00105
1.19454
1.40817
1.62265
1.82115
2.00455
2.16395
2.29467
2.40233
2.48516
2.545
2.59149
2.62675
2.64938
2.66393
2.67447
2.68248
2.68801
2.69139
2.6929
2.69299
2.69263
2.69252
2.69235
2.6914
2.68981
2.68826
2.68675
2.6851
2.68344
2.68192
2.68053
2.67922
2.67819
2.67736
1.00158
1.00168
1.00046
1.00062
1.00007
1.00004
1.00089
1.00013
1.19487
1.40987
1.62088
1.82718
2.01668
2.17969
2.31648
2.42916
2.51521
2.57865
2.62779
2.66438
2.68866
2.7047
2.71608
2.72456
2.73047
2.73377
2.73487
2.73482
2.73473
2.73491
2.73462
2.7333
2.73144
2.72967
2.72795
2.72625
2.72475
2.72343
2.72215
2.72086
2.71982
2.71901
1.00266
1.00042
1.00036
1.00021
1.00255
1.00006
1.00008
1.00001
1.19219
1.40655
1.62694
1.8376
2.02985
2.19888
2.34102
2.45693
2.54712
2.61547
2.66672
2.70344
2.72897
2.74696
2.7598
2.76876
2.77448
2.77746
2.77853
2.77895
2.77932
2.77946
2.77873
2.77702
2.77514
2.77339
2.77162
2.76988
2.76837
2.76707
2.76588
2.76477
2.76389
2.76323
1.00022
1.0015
1.00039
1.0002
1.00273
1.00013
1.00008
1.00005
1.19004
1.40551
1.63085
1.84503
2.04187
2.21629
2.36362
2.48376
2.57789
2.65063
2.70468
2.74307
2.77073
2.79079
2.8046
2.8136
2.81927
2.82257
2.82423
2.82518
2.82577
2.82581
2.82484
2.82307
2.8213
2.81969
2.81806
2.81636
2.81472
2.81325
2.81202
2.81104
2.81036
2.80989
1.00312
1.00035
1.00103
1.00005
1.00006
1.00077
1.00002
1.00008
1.1929
1.40833
1.63417
1.85385
2.05663
2.23529
2.38751
2.51284
2.61075
2.68645
2.74346
2.78419
2.81347
2.83486
2.84975
2.85945
2.86558
2.86945
2.87182
2.87313
2.87371
2.87367
2.87284
2.87147
2.87003
2.86862
2.86714
2.8656
2.86402
2.8625
2.86117
2.86016
2.85953
2.85912
1.00382
1.00105
1.00219
1.001
1.00051
1.00084
1.00023
1.00013
1.19171
1.41268
1.6359
1.86088
2.0699
2.25311
2.41143
2.54189
2.64396
2.72321
2.78328
2.82691
2.85811
2.88022
2.89566
2.90627
2.9133
2.9178
2.92072
2.92241
2.9231
2.92318
2.92293
2.9224
2.92143
2.92003
2.91851
2.91713
2.91585
2.91451
2.91322
2.91222
2.91159
2.91114
1.00153
1.00008
1.00018
1.00054
1
1.00198
1.0001
1.00045
1.18669
1.40967
1.64178
1.87012
2.08272
2.27192
2.43656
2.57037
2.67661
2.76133
2.824
2.86922
2.90302
2.92727
2.9437
2.95511
2.96318
2.96838
2.97149
2.97328
2.97419
2.97468
2.97509
2.97534
2.97491
2.97356
2.97204
2.97094
2.97006
2.96907
2.96804
2.96725
2.96678
2.96636
1.00121
1.00022
1.00079
1.00289
1.00105
1.00206
1.00083
1.00084
1.18197
1.40879
1.64599
1.87687
2.09561
2.29155
2.46333
2.60248
2.71234
2.80201
2.86774
2.91432
2.95074
2.97744
2.99451
3.00621
3.01543
3.02171
3.02488
3.02654
3.02798
3.02936
3.0303
3.03073
3.03033
3.02914
3.02808
3.02745
3.02689
3.02619
3.02554
3.02515
3.02498
3.02469
1.00011
1.00072
1
1.00055
1.00044
1.00159
1.00072
1.00043
1.18197
1.41387
1.65008
1.88613
2.11152
2.31354
2.49086
2.63506
2.75184
2.8459
2.91227
2.96118
3.00134
3.02952
3.04728
3.0601
3.07057
3.07726
3.08048
3.08243
3.08461
3.08677
3.08807
3.08845
3.08794
3.08719
3.08697
3.08687
3.08658
3.08612
3.08583
3.08583
3.08593
3.08577
1.001
1.00065
1.00067
1.00054
1.00009
1.00126
1.00226
1.00009
1.18472
1.4161
1.65591
1.89915
2.12826
2.33696
2.51991
2.66935
2.7939
2.89141
2.9592
3.01108
3.0549
3.08357
3.10216
3.11679
3.12803
3.13432
3.13789
3.141
3.14387
3.14609
3.14764
3.14825
3.14828
3.14838
3.14877
3.1491
3.1491
3.149
3.14911
3.1494
3.14962
3.14956
1.00241
1.00023
1.00001
1.00038
1.00091
1.00211
1.00072
1.00004
1.18385
1.42069
1.67065
1.91571
2.14942
2.36623
2.55256
2.70707
2.83843
2.93745
3.00836
3.06551
3.11031
3.13953
3.16006
3.17605
3.18694
3.19365
3.19863
3.20247
3.20519
3.20743
3.20928
3.21057
3.21141
3.21223
3.21312
3.21379
3.21418
3.21461
3.21523
3.21582
3.21613
3.21614
1.0004
1.00014
1.00168
1.00369
1.00093
1.00106
1.00046
1.00031
1.19334
1.42843
1.68274
1.93323
2.17251
2.39453
2.58652
2.74761
2.8815
2.9845
3.0625
3.12361
3.16863
3.20005
3.22242
3.23825
3.24896
3.2564
3.26176
3.26556
3.26861
3.27139
3.27385
3.27573
3.27713
3.27844
3.2797
3.28071
3.28161
3.28265
3.28383
3.28483
3.28539
3.28562
1.00002
1.00038
1.00081
1.00163
1.00212
1.00004
1.00009
1.00011
1.20565
1.44364
1.6943
1.95185
2.19888
2.42496
2.62287
2.79058
2.92907
3.03611
3.11855
3.18306
3.2298
3.262
3.2852
3.30269
3.31523
3.32337
3.32852
3.33249
3.33601
3.33893
3.34152
3.34373
3.34562
3.34732
3.34883
3.35025
3.35172
3.35331
3.35492
3.3563
3.35725
3.35787
1.0003
1.00019
1.00025
1.00248
1.00006
1.00008
1.00153
1.00026
1.2141
1.45317
1.70756
1.97208
2.22305
2.45466
2.66148
2.83378
2.97676
3.09149
3.1779
3.24385
3.29367
3.32876
3.35321
3.37109
3.38438
3.3934
3.3991
3.40343
3.40723
3.41026
3.41279
3.41504
3.41725
3.4194
3.4213
3.42304
3.42487
3.4268
3.42865
3.43022
3.43143
3.43235
1.00146
1.00018
1.00083
1.00009
1.00327
1.0009
1.00023
1.00361
1.21365
1.45734
1.72463
1.99132
2.24497
2.48717
2.70263
2.88047
3.02614
3.14744
3.24081
3.30848
3.35981
3.39837
3.42501
3.44325
3.45676
3.46667
3.47288
3.47736
3.48158
3.48515
3.48792
3.49016
3.49247
3.49499
3.49723
3.4991
3.501
3.5031
3.50515
3.50689
3.50831
3.50942
1.00204
1.0009
1.00243
1.00012
1.00155
1.00139
1.00003
1.00748
1.21658
1.46285
1.73664
2.00777
2.26875
2.51941
2.74042
2.92702
3.07937
3.2056
3.30554
3.37692
3.4298
3.4708
3.50006
3.5196
3.5333
3.54347
3.55029
3.55533
3.55992
3.56379
3.56687
3.56935
3.57186
3.57453
3.57678
3.57859
3.58047
3.58259
3.58459
3.58628
3.58774
3.5889
1.00004
1.00036
1.0031
1.00033
1.0007
1.00047
1.00057
1.00954
1.22201
1.47325
1.74797
2.02266
2.29403
2.55344
2.78019
2.97348
3.13786
3.269
3.37065
3.44886
3.50568
3.54695
3.57809
3.60051
3.61516
3.62489
3.63208
3.63773
3.64236
3.64621
3.64947
3.65228
3.65494
3.65743
3.65944
3.66116
3.66309
3.66522
3.66709
3.66862
3.66992
3.67095
1.00029
1.0001
1.00013
1.00227
1.00058
1.00041
1.00157
1.01215
1.2379
1.48701
1.75795
2.04433
2.32616
2.58928
2.82321
3.02831
3.20104
3.33492
3.44087
3.52413
3.5841
3.62815
3.66143
3.68461
3.69996
3.71098
3.71929
3.7251
3.72972
3.73372
3.73693
3.73949
3.74176
3.74382
3.74554
3.74715
3.749
3.75095
3.75263
3.754
3.75509
3.75593
1.00197
1.00183
1.00064
1.00041
1.00093
1.00051
1.00064
1.02234
1.24962
1.49604
1.7731
2.07
2.35785
2.62734
2.87247
3.08534
3.26087
3.40447
3.51931
3.60447
3.66765
3.71609
3.75085
3.77418
3.79021
3.80193
3.81047
3.81679
3.82162
3.82528
3.82816
3.83055
3.83274
3.83449
3.83576
3.83698
3.83849
3.84008
3.84141
3.8425
3.8434
3.84415
1.0007
1.00111
1.00009
1.00159
1.0006
1.00039
1.00063
1.0263
1.26025
1.51701
1.79494
2.09569
2.39316
2.67216
2.92745
3.14558
3.329
3.48087
3.59677
3.68726
3.75851
3.8076
3.84123
3.86665
3.88545
3.89729
3.9051
3.91151
3.91641
3.91992
3.92292
3.92551
3.92761
3.929
3.92992
3.93083
3.93201
3.93319
3.93404
3.93471
3.93543
3.93608
1.0018
1.00126
1.0003
1.00097
1.00068
1.00143
1.00206
1.0453
1.26791
1.52857
1.82261
2.12831
2.43074
2.72064
2.98335
3.20897
3.4071
3.56641
3.68121
3.77464
3.85287
3.90324
3.93681
3.96447
3.98535
3.99649
4.00367
4.01036
4.01516
4.01866
4.02205
4.02468
4.02627
4.02723
4.02806
4.02888
4.02968
4.03034
4.03076
4.03118
4.03172
4.03212
1.00081
1.00014
1.00271
1.00306
1.00382
1.00029
1.0004
1.05705
1.27906
1.54913
1.85149
2.16346
2.47327
2.77291
3.04358
3.27998
3.48766
3.64655
3.76813
3.87228
3.95149
4.00174
4.03802
4.06967
4.08933
4.10026
4.10833
4.11492
4.11986
4.12423
4.12729
4.12852
4.12898
4.12972
4.13061
4.13116
4.1313
4.13136
4.13164
4.13221
4.13266
4.13274
1.0003
1.00035
1.0043
1.00126
1.00162
1.00163
1.0007
1.06533
1.29636
1.57744
1.88129
2.19879
2.52032
2.82882
3.10813
3.35694
3.5671
3.7305
3.86466
3.97319
4.05074
4.10685
4.1492
4.17916
4.19878
4.21158
4.21963
4.22507
4.23056
4.23526
4.23711
4.23714
4.23714
4.23799
4.23857
4.23836
4.23775
4.23737
4.23757
4.23806
4.23815
4.23791
1.00224
1.00069
1.00325
1.00038
1.00551
1.00096
1.00054
1.07603
1.32193
1.60654
1.91084
2.23724
2.56938
2.88656
3.17921
3.43171
3.64722
3.82808
3.9652
4.07143
4.15889
4.22123
4.26138
4.29008
4.31275
4.32792
4.33635
4.34181
4.34661
4.34992
4.3512
4.35146
4.3516
4.35179
4.35145
4.35036
4.34928
4.34891
4.34908
4.3492
4.34884
4.34841
1.00064
1.00032
1.00019
1.00086
1.00101
1.00021
1.00361
1.0959
1.34264
1.63348
1.94529
2.27786
2.62046
2.94767
3.24934
3.51123
3.74164
3.9308
4.06568
4.17674
4.27259
4.33653
4.37762
4.40867
4.43347
4.44948
4.45849
4.46356
4.46657
4.4688
4.47082
4.47197
4.47195
4.47096
4.46945
4.46786
4.46656
4.46598
4.46584
4.46557
4.46509
4.46486
1.00364
1.002
1.00232
1.00166
1.00036
1.00057
1.00091
1.11354
1.36329
1.65972
1.97834
2.31976
2.67229
3.01015
3.3205
3.59354
3.83751
4.03018
4.16761
4.28775
4.38868
4.45364
4.49838
4.53407
4.56045
4.57647
4.58561
4.59043
4.59261
4.59435
4.59666
4.59815
4.59746
4.59517
4.59329
4.59202
4.59069
4.58928
4.58807
4.58719
4.58687
4.58706
1.00097
1.0013
1.00063
1.00174
1.00031
1.00124
1.00416
1.12822
1.38936
1.69076
2.01043
2.36048
2.72799
3.07643
3.39788
3.68194
3.93144
4.12896
4.28102
4.41108
4.51073
4.57735
4.62657
4.66509
4.69163
4.70786
4.71731
4.72229
4.72478
4.72717
4.72953
4.73031
4.72853
4.72563
4.72405
4.723
4.7213
4.71891
4.71653
4.71493
4.71443
4.71459
1.00197
1.00007
1.00228
1.00459
1.00108
1.00047
1.00019
1.15861
1.40959
1.70934
2.04762
2.41077
2.78084
3.14292
3.4756
3.76915
4.02678
4.2351
4.40109
4.53554
4.63674
4.71095
4.76525
4.80304
4.82867
4.84597
4.85651
4.86157
4.86417
4.86695
4.86907
4.8689
4.8665
4.86389
4.86225
4.8605
4.85786
4.85455
4.85149
4.84956
4.84882
4.84845
1.00086
1.00021
1.0014
1.00269
1.00202
1.00016
1.0004
1.18007
1.4269
1.73272
2.0862
2.45638
2.83393
3.21085
3.55149
3.8591
4.13415
4.35112
4.52244
4.66089
4.7687
4.85089
4.90729
4.94366
4.96924
4.98866
5.00127
5.00772
5.01175
5.01469
5.01521
5.01359
5.01145
5.00989
5.00788
5.0049
5.00117
4.99719
4.99385
4.99179
4.99071
4.98966
1.00097
1.00026
1.00211
1.00361
1.00224
1.00153
1.0004
1.19116
1.44153
1.76365
2.12262
2.49665
2.88698
3.27299
3.62871
3.95568
4.23583
4.46728
4.65544
4.79479
4.90564
4.99591
5.05353
5.09023
5.11835
5.14035
5.15301
5.1599
5.16496
5.16778
5.16701
5.16502
5.16457
5.16386
5.16102
5.15665
5.15199
5.1476
5.14417
5.14188
5.1401
5.13828
1.0011
1.00263
1.00277
1.00024
1.00044
1.00145
1.00368
1.21484
1.47078
1.78704
2.15133
2.54172
2.94263
3.33996
3.71671
4.05393
4.34134
4.59153
4.78534
4.92834
5.05016
5.14362
5.20195
5.24372
5.27778
5.30025
5.31242
5.32024
5.32566
5.32705
5.3257
5.32456
5.32491
5.32386
5.32026
5.31555
5.3108
5.30642
5.30301
5.30035
5.29772
5.29531
1.00511
1.00156
1.00233
1.00052
1.00201
1.00317
1.00753
1.23261
1.49966
1.81117
2.17848
2.5859
3.00105
3.41445
3.80623
4.15224
4.45931
4.7185
4.91372
5.07367
5.20441
5.29438
5.35887
5.40949
5.44442
5.46559
5.47898
5.48812
5.49265
5.49364
5.49349
5.49365
5.49347
5.4914
5.48747
5.48284
5.47808
5.47376
5.47033
5.46721
5.46412
5.46183
1.00138
1.00087
1.00104
1.00077
1.00004
1.00133
1.02334
1.25385
1.51951
1.83421
2.21563
2.63395
3.06122
3.49129
3.89418
4.2584
4.58517
4.84307
5.05246
5.23306
5.36074
5.45005
5.52531
5.58198
5.61602
5.63801
5.65439
5.66389
5.66751
5.66932
5.67086
5.67153
5.6705
5.66765
5.66384
5.65942
5.65464
5.65016
5.64626
5.64249
5.63939
5.63772
1.00191
1.00151
1.00057
1.00216
1.00087
1.00004
1.04577
1.27618
1.54126
1.86542
2.26044
2.68467
3.12508
3.57314
3.98957
4.37689
4.71217
4.97272
5.2046
5.39631
5.52104
5.61762
5.70319
5.76005
5.79505
5.82001
5.83825
5.84757
5.8516
5.85423
5.85611
5.85692
5.85623
5.85353
5.8495
5.84505
5.84059
5.83609
5.83148
5.82716
5.82438
5.82316
1.0023
1.00069
1.00013
1.00196
1.00241
1.0008
1.07066
1.3005
1.56998
1.90863
2.30794
2.7374
3.19627
3.66056
4.09359
4.49543
4.8381
5.11735
5.36489
5.55961
5.69268
5.79992
5.88874
5.94696
5.98433
6.01111
6.03039
6.04102
6.04562
6.04787
6.04959
6.05079
6.05073
6.0485
6.0445
6.04024
6.03612
6.03149
6.02632
6.02201
6.01981
6.01869
1.00166
1.00026
1.00056
1.00033
1.00029
1.00022
1.09839
1.32768
1.60106
1.95068
2.35621
2.79627
3.27562
3.75483
4.20086
4.61519
4.98055
5.27214
5.52342
5.73268
5.87753
5.98831
6.08123
6.14411
6.18336
6.21095
6.23186
6.24313
6.24756
6.25069
6.25418
6.25603
6.25538
6.25246
6.24869
6.24487
6.24096
6.23652
6.23182
6.2282
6.22646
6.22515
1.00003
1.00088
1.00105
1.00068
1.0029
1.00246
1.12712
1.35187
1.63063
1.99492
2.40982
2.86254
3.35974
3.85162
4.31298
4.74619
5.12423
5.43369
5.70102
5.91214
6.06552
6.19056
6.28651
6.34877
6.39188
6.42442
6.44474
6.45358
6.45778
6.46293
6.46741
6.46879
6.46824
6.467
6.46485
6.46064
6.45559
6.45137
6.44817
6.44587
6.44454
6.44304
1.00323
1.00057
1.00196
1.00253
1.00072
1.00019
1.15271
1.37028
1.66962
2.046
2.46447
2.93267
3.44483
3.94772
4.43609
4.88676
5.27534
5.60852
5.88259
6.09698
6.27226
6.40596
6.49561
6.56135
6.61335
6.64746
6.66561
6.67585
6.68399
6.68943
6.69118
6.69107
6.69102
6.69155
6.69057
6.68672
6.68206
6.67876
6.67663
6.67507
6.67393
6.67234
1.00132
1.00066
1.00125
1.00125
1.00072
1.00031
1.16771
1.40457
1.72461
2.092
2.51986
3.01297
3.53231
4.05469
4.56872
5.0302
5.43661
5.7933
6.0726
6.29742
6.48835
6.62327
6.71335
6.78541
6.84298
6.87665
6.89457
6.90716
6.9185
6.92443
6.92618
6.92707
6.92832
6.92851
6.92633
6.923
6.92065
6.91908
6.9175
6.91607
6.91498
6.91354
1.00129
1.0003
1.00022
1.004
1.00056
1.00766
1.19024
1.45476
1.77351
2.13788
2.58454
3.09488
3.62514
4.17368
4.69842
5.1778
5.61165
5.97803
6.27259
6.51332
6.70756
6.84968
6.94947
7.02454
7.08035
7.11666
7.13825
7.15243
7.16319
7.16945
7.17241
7.17466
7.17662
7.17658
7.17448
7.17265
7.17216
7.17167
7.17056
7.16932
7.16826
7.16711
1.00003
1.00001
1.00247
1.00225
1.00601
1.02622
1.22609
1.49918
1.81099
2.18801
2.65429
3.17286
3.72276
4.29343
4.83274
5.34239
5.79402
6.16279
6.48165
6.73869
6.93473
7.08777
7.19576
7.27146
7.32953
7.37141
7.39675
7.41246
7.42381
7.43002
7.43241
7.43452
7.43686
7.43741
7.43673
7.43632
7.43641
7.43621
7.43554
7.43473
7.43394
7.43311
1.0008
1.00049
1.00282
1.00047
1.00121
1.05373
1.27013
1.53357
1.84216
2.24731
2.72836
3.2517
3.82535
4.41388
4.97873
5.51827
5.97623
6.36661
6.7118
6.96921
7.17058
7.3401
7.45336
7.53065
7.59414
7.64163
7.66958
7.687
7.69895
7.70439
7.70653
7.70957
7.71312
7.71453
7.71461
7.71427
7.71393
7.71356
7.71297
7.71247
7.71221
7.7118
1.00279
1.00173
1.00072
1.00063
1.00085
1.09382
1.31058
1.56016
1.88399
2.31305
2.79881
3.33467
3.93427
4.53928
5.13207
5.69122
6.16943
6.59627
6.94905
7.20363
7.42402
7.60708
7.72238
7.806
7.87745
7.92787
7.95784
7.97653
7.98762
7.99281
7.99688
8.00197
8.00588
8.00739
8.00733
8.00661
8.00612
8.00565
8.00474
8.00425
8.00445
8.00427
1.00024
1.00095
1.0005
1.00075
1.00024
1.13588
1.33663
1.59748
1.95219
2.37517
2.86059
3.42768
4.0444
4.67227
5.29388
5.86671
6.37964
6.83269
7.17961
7.45589
7.70515
7.8895
8.00751
8.10128
8.17846
8.22843
8.25862
8.27788
8.29022
8.29826
8.30489
8.31026
8.31346
8.31465
8.31442
8.31391
8.31392
8.31365
8.31272
8.3123
8.31267
8.3124
1.00073
1.00073
1.00212
1.00126
1.00371
1.1607
1.36689
1.65508
2.01161
2.42602
2.93653
3.52766
4.15353
4.80979
5.45773
6.05416
6.59527
7.0677
7.42887
7.73059
7.9981
8.18757
8.3125
8.41471
8.49587
8.54511
8.57429
8.59424
8.61002
8.62107
8.62831
8.63366
8.63704
8.63799
8.63763
8.63764
8.63811
8.63775
8.63702
8.63702
8.63765
8.63736
1.00199
1.00057
1.00112
1.00044
1.02504
1.18891
1.41801
1.70881
2.05356
2.49112
3.02877
3.62274
4.26696
4.95717
5.62759
6.25402
6.81601
7.30992
7.70376
8.02141
8.29839
8.5038
8.63558
8.73954
8.82604
8.88051
8.91165
8.93229
8.9498
8.96142
8.96787
8.97319
8.97741
8.97881
8.97903
8.97959
8.97973
8.97851
8.97747
8.97772
8.9787
8.97846
1.00108
1.00028
1.00224
1.00145
1.04971
1.22901
1.46585
1.74803
2.10804
2.57416
3.11545
3.71814
4.40164
5.11552
5.80781
6.46609
7.05386
7.5747
7.99688
8.32613
8.61481
8.83856
8.9762
9.07892
9.16924
9.23332
9.26952
9.29172
9.30899
9.32001
9.32623
9.33156
9.33576
9.33761
9.33873
9.33967
9.33877
9.33643
9.33528
9.33557
9.33661
9.33603
1.00111
1.0001
1.00068
1.00015
1.07546
1.26621
1.50998
1.79539
2.16937
2.65136
3.20322
3.83653
4.55258
5.28086
6.00531
6.69469
7.31182
7.85879
8.30639
8.65003
8.94786
9.18439
9.33188
9.43915
9.53413
9.60312
9.64313
9.6679
9.68606
9.69745
9.70425
9.70983
9.71402
9.71644
9.71796
9.71826
9.71616
9.71286
9.71128
9.71123
9.71236
9.71118
1.00151
1.00163
1.00033
1.00009
1.116
1.31185
1.54797
1.84179
2.24194
2.73209
3.30156
3.96921
4.70605
5.45966
6.22317
6.94646
7.59261
8.16248
8.63336
8.98907
9.29489
9.54333
9.70233
9.81926
9.92125
9.99225
10.0342
10.0612
10.0811
10.0943
10.1024
10.1082
10.1125
10.1154
10.1169
10.1161
10.1131
10.1097
10.1074
10.1069
10.1089
10.1063
1.00057
1.00019
1.00011
1.01473
1.16447
1.35237
1.58213
1.9034
2.32111
2.81139
3.40922
4.10968
4.85992
5.65286
6.45881
7.2114
7.88208
8.48606
8.97691
9.33965
9.66188
9.92547
10.0924
10.2185
10.3296
10.4033
10.4461
10.4745
10.497
10.5126
10.5214
10.5271
10.5321
10.5352
10.5354
10.5333
10.5303
10.5273
10.5248
10.5244
10.529
10.5236
1.00108
1.00054
1.001
1.05487
1.20562
1.38434
1.62455
1.97267
2.39888
2.89883
3.52471
4.24881
5.01883
5.86071
6.70212
7.47402
8.1918
8.82954
9.31372
9.70692
10.0657
10.3324
10.5044
10.6458
10.7619
10.8329
10.878
10.912
10.9378
10.9533
10.9621
10.9692
10.9747
10.9769
10.9759
10.973
10.9698
10.9661
10.9636
10.964
10.9729
10.9624
1.00505
1.00072
1.00098
1.09271
1.23555
1.41559
1.6847
2.04983
2.47053
2.9918
3.64741
4.38779
5.19411
6.08134
6.9433
7.74946
8.51954
9.16576
9.66826
10.1168
10.4941
10.7577
10.9462
11.1017
11.2158
11.2869
11.3366
11.3752
11.4007
11.4151
11.4249
11.4341
11.4394
11.4401
11.4383
11.4358
11.4328
11.4295
11.4271
11.4274
11.4411
11.4233
1.00077
1.00038
1.03353
1.12569
1.25728
1.46571
1.7641
2.11434
2.54019
3.1067
3.7769
4.52796
5.39157
6.30491
7.18607
8.0568
8.85843
9.50137
10.0735
10.5619
10.9283
11.2079
11.4185
11.5769
11.6926
11.7707
11.8255
11.8644
11.8893
11.9044
11.9152
11.9231
11.9263
11.9269
11.9263
11.924
11.9211
11.9189
11.9158
11.9147
11.9321
11.9075
1.00098
1.00015
1.05886
1.15283
1.30656
1.54016
1.82255
2.16398
2.63828
3.22927
3.89742
4.68888
5.59686
6.52441
7.4547
8.37954
9.18732
9.88305
10.5241
11.0158
11.3734
11.6854
11.9136
12.0643
12.1879
12.2842
12.3428
12.38
12.406
12.424
12.4348
12.4393
12.4406
12.4408
12.4398
12.4381
12.4367
12.436
12.4306
12.4275
12.4479
12.4184
1.00978
1.02286
1.08024
1.19816
1.37501
1.59109
1.85908
2.24694
2.75194
3.32647
4.03049
4.87477
5.79651
6.75123
7.73572
8.695
9.53582
10.3124
10.9871
11.4601
11.8529
12.2043
12.4355
12.5811
12.7149
12.8245
12.8837
12.9239
12.9565
12.9731
12.9793
12.9836
12.9871
12.9855
12.9826
12.983
12.9819
12.9784
12.97
12.9667
12.9907
12.9583
1.0307
1.06469
1.12969
1.24894
1.41472
1.62197
1.9316
2.35248
2.83599
3.4292
4.18191
5.04583
5.99017
6.99416
8.02185
9.02671
9.93662
10.7601
11.4256
11.9289
12.3936
12.7594
12.973
13.1365
13.2929
13.3921
13.4575
13.5083
13.5355
13.5462
13.5521
13.5608
13.5649
13.5634
13.561
13.5591
13.5534
13.5466
13.5388
13.536
13.562
13.5282
1.06477
1.111
1.18767
1.2977
1.44726
1.67906
2.02214
2.43046
2.91156
3.55294
4.32455
5.2005
6.20179
7.25331
8.33045
9.37695
10.3383
11.2008
11.8765
12.4498
12.9592
13.3178
13.5498
13.7493
13.9049
14.0028
14.0686
14.1132
14.1397
14.1546
14.1639
14.171
14.1756
14.1777
14.1731
14.1623
14.1531
14.1492
14.1421
14.1376
14.1621
14.1274
1.11618
1.15543
1.23503
1.3346
1.49866
1.75967
2.10035
2.48588
2.98981
3.67398
4.4678
5.37732
6.42389
7.52376
8.65545
9.74581
10.7552
11.6497
12.3857
13.0123
13.5278
13.9012
14.1739
14.3878
14.5403
14.6407
14.7115
14.7594
14.7869
14.8012
14.8088
14.8147
14.8199
14.8194
14.8096
14.7968
14.7897
14.7891
14.78
14.7734
14.795
14.7593
1.17107
1.19753
1.26474
1.38021
1.56624
1.84254
2.16392
2.54512
3.09706
3.80306
4.61343
5.56756
6.655
7.80889
9.00577
10.1358
11.1938
12.1587
12.9326
13.5772
14.1181
14.5222
14.8207
15.0433
15.2031
15.3135
15.3875
15.4397
15.4748
15.4913
15.4961
15.495
15.4916
15.4875
15.4824
15.4761
15.4693
15.4653
15.4514
15.4429
15.4636
15.4277
1.21811
1.23449
1.3036
1.4396
1.64858
1.90978
2.21113
2.63869
3.23565
3.92906
4.76742
5.78195
6.90468
8.11523
9.36779
10.5425
11.6737
12.6959
13.4904
14.1723
14.7535
15.1871
15.5001
15.7255
15.9004
16.027
16.0996
16.149
16.1888
16.2134
16.22
16.2169
16.2111
16.2081
16.2031
16.1939
16.1835
16.1765
16.1594
16.1489
16.169
16.1341
1.25146
1.28421
1.3603
1.51194
1.71797
1.95058
2.27793
2.77457
3.36932
4.0606
4.95166
6.0128
7.17495
8.44422
9.73476
10.9869
12.1821
13.2284
14.0976
14.8252
15.41
15.8763
16.2218
16.4634
16.6512
16.7786
16.8467
16.8997
16.9442
16.9821
16.9877
16.9805
16.9713
16.9704
16.9648
16.9506
16.9361
16.927
16.9074
16.8949
16.9124
16.8788
1.28883
1.34031
1.43229
1.57168
1.75136
2.00724
2.40041
2.90416
3.47405
4.21815
5.16378
6.24371
7.46348
8.79018
10.1293
11.4574
12.7032
13.7985
14.7309
15.4986
16.1153
16.6117
16.9771
17.2272
17.4242
17.566
17.6459
17.7052
17.7527
17.78
17.7878
17.7865
17.7841
17.782
17.7703
17.7514
17.7326
17.7181
17.6953
17.681
17.6964
17.6651
1.34466
1.38923
1.48532
1.60515
1.80132
2.11623
2.52833
2.99575
3.59914
4.4218
5.3822
6.48352
7.77018
9.14132
10.5493
11.9429
13.2384
14.4198
15.4144
16.2169
16.8758
17.3838
17.7641
18.0444
18.2387
18.377
18.4846
18.5627
18.6089
18.6306
18.6388
18.6426
18.6414
18.6319
18.6153
18.5964
18.5737
18.5513
18.527
18.5117
18.5265
18.4974
1.40088
1.43232
1.51622
1.65728
1.88481
2.21958
2.61673
3.0916
3.76839
4.6217
5.59107
6.74929
8.09881
9.5183
10.9998
12.4571
13.8296
15.0882
16.1105
16.9679
17.6817
18.1848
18.5665
18.8835
19.1079
19.2614
19.382
19.4621
19.5052
19.5289
19.5413
19.5435
19.5358
19.5208
19.5036
19.4864
19.4611
19.4327
19.4085
19.3938
19.4046
19.3773
1.45448
1.48739
1.57427
1.72037
1.95514
2.29974
2.71547
3.23035
3.92776
4.79258
5.80525
7.02204
8.41598
9.90034
11.475
13.0059
14.4554
15.778
16.8458
17.7707
18.5279
19.0447
19.445
19.7844
20.0293
20.1994
20.3224
20.3966
20.441
20.4705
20.485
20.4848
20.4727
20.4569
20.4412
20.4256
20.3984
20.3675
20.3421
20.3269
20.3312
20.3062
1.50454
1.54316
1.63976
1.79084
2.02868
2.38291
2.83024
3.36164
4.05677
4.97195
6.063
7.31785
8.73502
10.3119
11.9744
13.5809
15.1179
16.4816
17.6165
18.6099
19.3901
19.9373
20.3842
20.7476
21.0036
21.1832
21.3091
21.3813
21.4266
21.459
21.4746
21.4744
21.4629
21.451
21.4377
21.4223
21.3933
21.3605
21.3331
21.3163
21.3135
21.2893
1.55495
1.59975
1.70443
1.87021
2.12521
2.47559
2.92583
3.47993
4.20755
5.17073
6.31438
7.59525
9.07053
10.7683
12.5088
14.1814
15.8148
17.2389
18.4503
19.4986
20.2946
20.8821
21.3767
21.7623
22.0268
22.2173
22.3527
22.4296
22.4766
22.5091
22.525
22.5242
22.5141
22.5062
22.4952
22.475
22.4445
22.4123
22.3822
22.3605
22.3489
22.3286
1.62178
1.67545
1.78318
1.96611
2.22442
2.54492
3.00984
3.6366
4.39611
5.34026
6.52179
7.89029
9.45113
11.2414
13.0464
14.8107
16.5426
18.0356
19.3262
20.4281
21.2553
21.8934
22.4285
22.8327
23.1075
23.311
23.4565
23.5391
23.5902
23.6238
23.6397
23.6382
23.6282
23.6203
23.6069
23.5825
23.5472
23.512
23.4841
23.4603
23.446
23.4314
1.70193
1.76988
1.88735
2.0623
2.29828
2.64064
3.15242
3.78758
4.52734
5.50745
6.75311
8.18189
9.84174
11.7193
13.5944
15.4712
17.2914
18.8657
20.2443
21.4028
22.2839
22.9823
23.5525
23.9747
24.2653
24.4805
24.6313
24.7185
24.7747
24.8097
24.8256
24.8253
24.8171
24.8078
24.7905
24.7598
24.7195
24.6809
24.6509
24.6258
24.6084
24.5931
1.79481
1.85596
1.98363
2.13949
2.39106
2.79181
3.31476
3.9006
4.6681
5.73845
7.00746
8.48303
10.2608
12.2057
14.1679
16.1671
18.0632
19.7338
21.206
22.4251
23.3811
24.1455
24.748
25.1933
25.5081
25.7354
25.89
25.9838
26.0428
26.0763
26.091
26.0923
26.0862
26.075
26.0528
26.0162
25.9719
25.9313
25.8983
25.8713
25.8503
25.8353
1.89788
1.9297
2.03462
2.23035
2.54019
2.94555
3.41476
4.03467
4.91046
5.99015
7.25717
8.84924
10.7197
12.7052
14.7891
16.9032
18.8758
20.6551
22.2194
23.5083
24.5523
25.3831
26.0183
26.4931
26.8369
27.0779
27.2392
27.3407
27.4003
27.4304
27.4428
27.4448
27.4393
27.4256
27.3988
27.3575
27.3107
27.2689
27.2339
27.2044
27.1797
27.1625
1.96559
2.00904
2.12233
2.35424
2.66997
3.03378
3.53553
4.26524
5.15851
6.2031
7.58275
9.28308
11.1816
13.2588
15.4736
17.6795
19.749
21.6449
23.2958
24.6683
25.8068
26.7013
27.3725
27.8821
28.2547
28.5102
28.6811
28.7902
28.8508
28.878
28.8883
28.8903
28.8845
28.8681
28.8374
28.7936
28.7462
28.703
28.6652
28.6317
28.6027
28.5826
2.02458
2.10393
2.24725
2.4545
2.73767
3.15369
3.75201
4.48492
5.34419
6.5016
7.98155
9.69888
11.675
13.8876
16.201
18.5056
20.698
22.7112
24.4483
25.9215
27.1537
28.1024
28.8142
29.3648
29.7653
30.0359
30.218
30.3339
30.3966
30.4239
30.4345
30.4376
30.4315
30.4122
30.3782
30.3337
30.2867
30.2415
30.1991
30.1599
30.1264
30.1039
2.13231
2.18925
2.32934
2.53224
2.85822
3.34631
3.94172
4.63314
5.59234
6.8704
8.35139
10.1246
12.2473
14.5525
16.9715
19.4003
21.725
23.8513
25.6928
27.2841
28.595
29.5885
30.3556
30.9511
31.375
31.6632
31.858
31.9785
32.0429
32.0735
32.0874
32.0933
32.0873
32.0646
32.0285
31.9849
31.9385
31.8906
31.8427
31.7978
31.7607
31.7368
2.24336
2.27646
2.40481
2.65398
3.03471
3.51282
4.07044
4.84106
5.90629
7.17634
8.70185
10.6217
12.847
15.2357
17.7932
20.3636
22.8316
25.0736
27.0463
28.7575
30.1274
31.1775
32.0148
32.6469
33.0872
33.3975
33.6074
33.7308
33.7968
33.8346
33.855
33.8652
33.86
33.8341
33.7974
33.7549
33.7079
33.6561
33.6024
33.5531
33.5139
33.4894
2.32549
2.382
2.52176
2.80524
3.19087
3.63165
4.23661
5.11739
6.19204
7.44115
9.11197
11.1702
13.4503
15.9642
18.68
21.4059
24.0173
26.3885
28.5066
30.3191
31.7507
32.8872
33.7918
34.4514
34.9171
35.2548
35.4785
35.6062
35.6778
35.7234
35.7488
35.7611
35.757
35.7307
35.6941
35.6512
35.602
35.5455
35.4865
35.4344
35.3937
35.3682
2.4045
2.4998
2.67588
2.94539
3.3029
3.76837
4.46896
5.38617
6.43104
7.77139
9.58998
11.7193
14.073
16.7676
19.6435
22.5259
25.2791
27.8075
30.0641
31.9597
33.4883
34.7241
35.6768
36.3705
36.8796
37.2424
37.4768
37.6181
37.7043
37.7546
37.7789
37.7885
37.787
37.765
37.7287
37.683
37.6298
37.5685
37.5052
37.451
37.4079
37.3799
2.51309
2.6172
2.80952
3.0545
3.40748
3.96609
4.73523
5.60983
6.68989
8.21887
10.0965
12.2402
14.7836
17.6617
20.6745
23.7124
26.6295
29.3293
31.7156
33.7076
35.3579
36.6856
37.6841
38.4297
38.9845
39.3667
39.6166
39.7826
39.8854
39.936
39.954
39.9608
39.9632
39.948
39.912
39.8618
39.803
39.7366
39.6702
39.6134
39.5665
39.5351
2.66734
2.72157
2.87878
3.15057
3.59286
4.20478
4.92885
5.83155
7.10049
8.7115
10.5606
12.8518
15.611
18.6017
21.7567
24.9845
28.079
30.9429
33.4752
35.5941
37.3618
38.7769
39.8412
40.6444
41.2375
41.6457
41.9241
42.1136
42.2254
42.2733
42.2866
42.2939
42.2998
42.2906
42.2555
42.2008
42.135
42.0639
41.9943
41.9337
41.8827
41.8491
2.75765
2.83379
3.00681
3.31364
3.76261
4.35277
5.14361
6.20749
7.52631
9.10596
11.125
13.5939
16.4444
19.5824
22.9333
26.3518
29.6094
32.6596
35.3669
37.6202
39.5051
41.0201
42.1625
43.0195
43.6548
44.1045
44.4137
44.6143
44.7265
44.7743
44.7914
44.8022
44.8091
44.8044
44.7708
44.7113
44.639
44.5641
44.4903
44.4245
44.371
44.3384
2.86796
2.95464
3.1626
3.45604
3.91123
4.57597
5.47062
6.51691
7.83053
9.59957
11.7775
14.3167
17.3158
20.6351
24.1892
27.783
31.233
34.5058
37.3727
39.7746
41.8082
43.4316
44.6532
45.5755
46.266
46.7574
47.0853
47.2872
47.4001
47.4569
47.4821
47.4956
47.5032
47.5017
47.468
47.4036
47.3277
47.2504
47.172
47.1017
47.0477
47.0184
3.02579
3.08397
3.27497
3.61889
4.15139
4.86756
5.69777
6.76415
8.26269
10.1404
12.3528
15.0665
18.2444
21.7263
25.5094
29.2865
32.9772
36.4629
39.4843
42.0889
44.2863
46.0088
47.3259
48.336
49.0827
49.6019
49.9398
50.1462
50.2684
50.3378
50.3698
50.3858
50.3961
50.3941
50.3553
50.2856
50.2089
50.1294
50.0475
49.9778
49.9269
49.9011
3.15958
3.24734
3.44222
3.84021
4.39642
5.03871
5.92916
7.18265
8.74321
10.5727
12.9602
15.8958
19.1684
22.8872
26.8907
30.8718
34.8403
38.521
41.7516
44.5862
46.9248
48.7557
50.1945
51.2936
52.0858
52.6299
52.9868
53.2104
53.3474
53.4259
53.4627
53.4832
53.4978
53.4897
53.442
53.3675
53.2885
53.2048
53.1237
53.062
53.0181
52.9965
3.30437
3.43225
3.67652
4.0368
4.53552
5.27592
6.31865
7.5925
9.08861
11.1102
13.6853
16.6678
20.1456
24.1502
28.3192
32.5795
36.8253
40.7176
44.2081
47.2479
49.7215
51.6983
53.2651
54.4383
55.273
55.8529
56.2419
56.4893
56.6382
56.721
56.7629
56.7888
56.8049
56.7881
56.734
56.6552
56.5696
56.4812
56.4056
56.3548
56.318
56.3015
3.51682
3.60066
3.83029
4.20546
4.79069
5.63419
6.65176
7.86837
9.56628
11.7808
14.3441
17.459
21.2656
25.4425
29.8369
34.4374
38.9369
43.085
46.8344
50.0592
52.7019
54.8425
56.521
57.7649
58.6577
59.2883
59.7134
59.9797
60.1337
60.2186
60.2668
60.2966
60.3091
60.2861
60.2328
60.1512
60.0575
59.9671
59.8972
59.8512
59.816
59.8036
3.69413
3.77858
4.00543
4.46763
5.11929
5.89352
6.90327
8.32394
10.1715
12.3124
15.0106
18.4435
22.4235
26.7658
31.5093
36.4241
41.1871
45.6229
49.6237
53.0556
55.8897
58.1798
59.9612
61.2843
62.2455
62.9305
63.39
63.6697
63.8258
63.9147
63.967
63.9963
64.0016
63.9773
63.9275
63.8431
63.7435
63.6534
63.583
63.533
63.4939
63.4838
3.84959
3.99704
4.28218
4.72361
5.32177
6.15802
7.33643
8.85858
10.5975
12.8652
15.8718
19.4633
23.544
28.2239
33.311
38.5173
43.5822
48.3183
52.5911
56.2552
59.2643
61.6885
63.5828
64.9925
66.0161
66.7474
67.2367
67.5287
67.6907
67.7864
67.8411
67.8663
67.8669
67.8487
67.8002
67.7138
67.6131
67.5221
67.4438
67.3836
67.3372
67.3261
4.08606
4.20355
4.50125
4.92639
5.59098
6.56795
7.80736
9.20318
11.078
13.6472
16.7509
20.3855
24.804
29.8261
35.206
40.7387
46.1306
51.1898
55.7545
59.6393
62.8064
65.3724
67.3844
68.8689
69.9372
70.7016
71.2136
71.5187
71.6916
71.7917
71.8431
71.8647
71.8679
71.8581
71.8066
71.7194
71.6188
71.5223
71.4315
71.3591
71.3034
71.2867
4.325
4.41014
4.68641
5.19662
5.97381
6.9679
8.09349
9.6322
11.7745
14.4126
17.5034
21.46
26.2212
31.4885
37.2158
43.1001
48.8427
54.2471
59.0863
63.1663
66.4979
69.2071
71.3137
72.8503
73.9502
74.7362
75.2628
75.58
75.7631
75.8634
75.9085
75.9309
75.9405
75.9339
75.8787
75.7947
75.6959
75.5949
75.4956
75.4142
75.35
75.3241
4.50558
4.65484
4.96739
5.52919
6.30315
7.20153
8.48298
10.2853
12.4758
15.0033
18.4185
22.7275
27.6593
33.2592
39.3682
45.6005
51.7243
57.4594
62.5452
66.8262
70.3341
73.1514
75.3026
76.8627
77.9822
78.7785
79.3093
79.6302
79.8123
79.9082
79.9506
79.9788
79.9913
79.9782
79.9184
79.8362
79.7368
79.6332
79.5314
79.445
79.3737
79.3367
4.71142
4.90817
5.28076
5.80029
6.51534
7.57659
9.07404
10.8731
12.9466
15.8278
19.5578
23.9627
29.1689
35.1786
41.6086
48.2353
54.729
60.7553
66.075
70.5612
74.2207
77.09
79.2383
80.7972
81.9168
82.7016
83.2166
83.5247
83.6953
83.7861
83.8299
83.8637
83.8763
83.8616
83.8077
83.7327
83.6372
83.536
83.4347
83.3448
83.2671
83.2184
4.99571
5.11326
5.45287
6.02945
6.90846
8.10081
9.50387
11.2461
13.6828
16.8526
20.6139
25.227
30.8463
37.119
43.946
50.9687
57.7784
64.1123
69.6616
74.3119
78.0548
80.9173
83.0324
84.5701
85.6617
86.4009
86.8694
87.1464
87.3003
87.3843
87.4233
87.4513
87.4556
87.4375
87.3883
87.3182
87.2305
87.1374
87.0404
86.951
86.8705
86.8117
5.17621
5.34993
5.70619
6.35681
7.27604
8.35739
9.87098
11.9399
14.5416
17.6273
21.6379
26.6752
32.463
39.0892
46.3474
53.6535
60.8266
67.4713
73.1829
77.9197
81.664
84.462
86.5117
87.9905
89.0071
89.6597
90.056
90.2956
90.4332
90.508
90.5387
90.5572
90.5581
90.5369
90.4857
90.4127
90.33
90.2451
90.1569
90.0785
90.0057
89.9451
5.42053
5.57106
5.97046
6.58897
7.49744
8.78449
10.4557
12.4883
15.1249
18.5493
22.8404
27.9283
34.0737
41.1577
48.6525
56.3342
63.9258
70.767
76.5572
81.3139
84.9806
87.6565
89.5932
90.9566
91.8482
92.3837
92.7028
92.904
93.0089
93.0569
93.0764
93.0918
93.0986
93.0753
93.027
92.958
92.886
92.8104
92.7335
92.6695
92.6072
92.5503
5.62724
5.79366
6.21751
6.82812
7.78087
9.1876
10.9513
13.0365
15.8504
19.479
23.8602
29.2743
35.8272
43.1125
50.9107
59.0837
66.9241
73.8236
79.6828
84.3928
87.8729
90.3277
92.0327
93.1529
93.8222
94.1921
94.4127
94.5466
94.6047
94.6132
94.6201
94.6357
94.6371
94.5987
94.5497
94.4818
94.4178
94.347
94.2788
94.2215
94.1571
94.0972
5.83298
6.01332
6.45474
7.08153
8.08815
9.59343
11.4728
13.6519
16.5841
20.3884
25.0221
30.6863
37.4786
45.0481
53.2925
61.8056
69.7521
76.7357
82.5595
86.989
90.1137
92.2953
93.8021
94.754
95.2291
95.4689
95.609
95.6829
95.6941
95.6623
95.6494
95.6503
95.6506
95.627
95.6072
95.5759
95.5522
95.5219
95.4901
95.461
95.4203
95.3672
6.06516
6.19517
6.60183
7.35248
8.51112
10.0286
11.7968
14.1586
17.3641
21.3165
26.056
32.0224
39.086
46.9932
55.6378
64.3062
72.3054
79.2854
84.8897
89.0464
91.9607
93.8213
94.7055
95.0543
95.0803
94.9797
94.8731
94.8051
94.7325
94.6593
94.6378
94.6289
94.6182
94.5902
94.5739
94.5494
94.535
94.5148
94.4964
94.4828
94.4502
94.4059
6.18403
6.37907
6.80713
7.66783
8.85183
10.2224
12.121
14.7579
18.0543
21.9333
26.9657
33.2658
40.4935
48.7528
57.6775
66.437
74.5761
81.5414
86.9194
90.6384
92.7598
93.5791
93.8505
93.9466
93.832
93.6119
93.3627
93.1496
92.9827
92.8798
92.8389
92.8008
92.775
92.7462
92.7337
92.7178
92.7141
92.7118
92.714
92.7325
92.7243
92.7027
6.29722
6.57795
7.10128
7.86845
8.94018
10.4829
12.6236
15.2653
18.374
22.5463
27.8731
34.2129
41.6869
50.3492
59.476
68.4848
76.773
83.4469
88.1135
90.7954
91.9215
92.3171
92.2723
91.9612
91.4867
90.9511
90.4527
90.0619
89.8066
89.661
89.5754
89.5081
89.4736
89.4472
89.4329
89.4311
89.4438
89.4727
89.4984
89.5491
89.5766
89.5793
6.50808
6.70584
7.19588
7.97961
9.15479
10.8543
12.9337
15.3941
18.7519
23.1718
28.4651
34.8929
42.828
51.7425
61.0929
70.3656
78.4006
84.3021
87.9055
89.6528
90.1366
90.0043
89.4438
88.587
87.6002
86.6532
85.8803
85.3144
84.9475
84.7291
84.588
84.492
84.4419
84.4137
84.4002
84.4208
84.4529
84.5158
84.5807
84.669
84.7253
84.7428
6.64554
6.80278
7.27301
8.16134
9.46398
11.0601
12.9746
15.6591
19.2699
23.5875
28.879
35.7579
44.0498
53.1749
62.8437
72.0347
79.27
84.0492
86.5952
87.2834
87.0887
86.3259
85.1361
83.543
81.9656
80.6193
79.5557
78.7774
78.275
77.9632
77.7553
77.6258
77.5571
77.5292
77.5237
77.5656
77.6294
77.7347
77.844
77.9684
78.0453
78.0712
6.63522
6.86144
7.35172
8.27823
9.53471
11.0167
13.0768
15.9641
19.5094
23.704
29.3242
36.429
44.7509
54.037
63.8248
72.4752
78.6886
82.4505
83.7619
83.4439
82.6106
81.2118
79.1267
76.7907
74.641
72.9266
71.6246
70.6611
70.0068
69.5954
69.325
69.1584
69.0604
69.0185
69.0123
69.0583
69.1416
69.2731
69.4122
69.5606
69.6544
69.6911
6.50896
6.84425
7.4046
8.24827
9.37992
10.9251
13.1543
15.9937
19.3483
23.7986
29.7979
37.0605
45.4767
54.9593
64.4297
71.839
76.585
78.8335
79.1675
78.2536
76.684
74.2208
71.2615
68.2756
65.7349
63.7932
62.3525
61.2772
60.5217
60.0638
59.7766
59.5968
59.4824
59.4295
59.425
59.46
59.5331
59.6529
59.7836
59.9205
60.0053
60.039
6.40369
6.75409
7.3234
8.06371
9.1464
10.822
13.0812
15.739
19.0883
23.7693
29.7303
36.9154
45.4268
54.9374
63.7888
69.6225
73.0807
74.1281
73.4276
71.775
69.0921
65.6497
61.9748
58.5748
55.8519
53.8054
52.3131
51.2574
50.5232
50.0553
49.7832
49.6205
49.5238
49.4849
49.4924
49.5227
49.5851
49.6824
49.791
49.9026
49.9661
49.9862
6.29543
6.51962
7.0198
7.75822
8.91516
10.6219
12.7177
15.2274
18.7557
23.4287
29.2415
36.4895
45.0948
54.2441
61.6254
66.026
67.9429
67.9385
66.6866
64.2456
60.4404
56.1946
52.0767
48.5932
45.9004
43.9037
42.4858
41.5239
40.8642
40.4298
40.1961
40.0696
40.0103
39.9979
40.019
40.0562
40.124
40.2166
40.3194
40.4229
40.4796
40.4905
6.03192
6.17698
6.61582
7.45073
8.66594
10.1807
12.0588
14.6851
18.2437
22.7428
28.5259
35.8043
44.238
52.3532
57.9847
60.9816
61.611
60.9484
59.0411
55.5961
51.189
46.5612
42.411
39.1316
36.6821
34.8995
33.6731
32.8584
32.3138
31.9543
31.7629
31.682
31.6662
31.6778
31.7089
31.7592
31.8375
31.9357
32.0432
32.1502
32.2119
32.2252
5.6212
5.86694
6.32176
7.06605
8.10067
9.54171
11.5434
14.1303
17.4544
21.9206
27.7461
34.8755
42.7674
49.23
53.3616
54.899
54.759
53.5908
50.8839
46.6747
41.9707
37.4428
33.6668
30.8279
28.7512
27.2898
26.3088
25.6587
25.2426
24.9946
24.8689
24.8339
24.8499
24.8834
24.9351
25.0034
25.0887
25.1891
25.2959
25.3999
25.4614
25.4775
5.33132
5.50703
5.90944
6.56867
7.59901
9.08111
10.9524
13.3864
16.7162
21.1304
26.7989
33.7965
40.6358
45.6874
48.3333
48.8184
48.1801
46.3012
42.8525
38.3417
33.6591
29.5217
26.3483
24.0379
22.382
21.2517
20.4928
19.9978
19.7069
19.5672
19.5216
19.5191
19.5455
19.6024
19.6785
19.7654
19.861
19.9685
20.0748
20.1719
20.2292
20.2472
5.01143
5.14387
5.52216
6.21976
7.24532
8.60947
10.4242
12.8383
16.0095
20.3319
26.0818
32.5328
38.2011
41.8681
43.158
43.2305
42.3496
39.8116
35.7953
31.0848
26.6685
23.1793
20.6378
18.8271
17.5613
16.6956
16.1248
15.7773
15.5921
15.5171
15.4975
15.5168
15.5717
15.6491
15.7356
15.8333
15.9377
16.0468
16.151
16.2467
16.3061
16.3296
4.72948
4.94457
5.34783
5.9942
6.89986
8.17435
9.98977
12.4537
15.7004
20.253
25.9898
31.7572
36.2961
38.6267
39.1684
38.7811
37.2021
33.9106
29.5794
25.1205
21.3072
18.4646
16.453
15.0529
14.0744
13.4097
12.9941
12.7502
12.624
12.5757
12.5709
12.6013
12.6644
12.7426
12.8293
12.9291
13.0338
13.14
13.24
13.3329
13.3967
13.427
4.57084
4.80095
5.22644
5.8427
6.74232
8.10853
10.0464
12.5947
16.0325
20.7749
26.2104
30.9039
34.0475
35.3154
35.4993
34.906
32.8882
29.2899
24.8573
20.6902
17.4311
15.1246
13.5376
12.4388
11.6708
11.1591
10.8379
10.6462
10.5488
10.5129
10.5087
10.5295
10.577
10.6434
10.7224
10.8098
10.8985
10.9894
11.0772
11.1593
11.2197
11.2521
4.5854
4.8043
5.23778
5.83983
6.76851
8.20537
10.2255
12.8937
16.5464
21.3546
26.4028
30.4334
32.7874
33.3834
33.1362
32.0998
29.6077
25.5611
21.1756
17.4169
14.6771
12.8053
11.5353
10.6613
10.0577
9.65438
9.3908
9.2294
9.14572
9.11098
9.09833
9.09964
9.12045
9.16437
9.22094
9.2803
9.34079
9.40426
9.46712
9.52477
9.56929
9.5953
4.67123
4.88003
5.31494
5.92784
6.92146
8.47261
10.6741
13.5145
17.3899
22.2432
26.8676
30.1269
31.7742
32.128
31.6958
30.1953
26.8258
22.4921
18.2849
14.9553
12.6875
11.1604
10.1275
9.42916
8.95157
8.6232
8.3999
8.26073
8.18411
8.14578
8.12309
8.11108
8.11226
8.13028
8.15815
8.18618
8.21588
8.24744
8.27881
8.3069
8.32998
8.34507
4.87407
5.02521
5.42665
6.12888
7.268
8.98672
11.2891
14.3884
18.6604
23.4547
27.4094
29.9513
30.999
31.1388
30.6621
28.4401
24.4895
20.0455
15.9956
13.0929
11.2331
9.9616
9.1104
8.55078
8.16577
7.89147
7.69932
7.57598
7.50123
7.45571
7.42256
7.40065
7.39102
7.38903
7.39002
7.39317
7.40085
7.41035
7.41914
7.42606
7.43226
7.43718
5.09428
5.21436
5.63351
6.43397
7.71655
9.56489
12.0609
15.6294
20.2223
24.6935
28.0073
29.8557
30.456
30.3653
29.4305
26.6704
22.4578
17.967
14.1306
11.6588
10.1302
9.05781
8.3503
7.89594
7.58081
7.34956
7.18247
7.07056
6.99675
6.9453
6.90545
6.87871
6.86108
6.84577
6.83198
6.82272
6.81708
6.8126
6.80869
6.80608
6.80513
6.8051
5.37414
5.50385
5.92456
6.77591
8.15833
10.1131
12.844
16.7183
21.4067
25.5793
28.4715
29.7821
30.251
29.7974
28.1942
24.7955
20.4187
16.0041
12.5835
10.5078
9.20099
8.31283
7.74839
7.38044
7.12292
6.9317
6.78798
6.68715
6.61867
6.56778
6.52692
6.49791
6.47532
6.45424
6.43399
6.41754
6.40439
6.39292
6.38321
6.37729
6.37412
6.37231
5.6102
5.78861
6.24777
7.19367
8.63938
10.6401
13.5767
17.6672
22.3091
26.1384
28.6445
29.619
29.7712
29.0036
26.7264
22.9063
18.3625
14.217
11.296
9.49855
8.38416
7.6855
7.24057
6.94612
6.7438
6.5907
6.47322
6.39037
6.33015
6.28177
6.24393
6.21691
6.19425
6.17312
6.15236
6.13375
6.1184
6.10443
6.09252
6.08517
6.08045
6.07699
5.74368
6.01919
6.58682
7.52924
9.01019
11.2816
14.6195
18.8704
23.0411
26.4975
28.3835
29.0103
28.786
27.812
25.2872
20.9644
16.3457
12.6133
10.1494
8.62913
7.70633
7.15284
6.80657
6.58035
6.42125
6.2993
6.20982
6.14552
6.09346
6.05026
6.01895
5.99938
5.98174
5.96513
5.94824
5.93172
5.91823
5.90495
5.89349
5.88655
5.88154
5.87747
6.02194
6.24437
6.82432
7.85516
9.5113
12.1048
15.709
19.5894
23.6791
26.7871
27.9561
28.2019
27.6891
26.3833
23.6018
19.0044
14.4857
11.2134
9.16921
7.8931
7.1338
6.70328
6.43656
6.26289
6.1437
6.05391
5.98561
5.93401
5.89259
5.85858
5.83296
5.82077
5.80897
5.79904
5.78868
5.77751
5.76897
5.75941
5.75113
5.74689
5.74402
5.74155
6.2718
6.52845
7.09409
8.31729
10.2385
12.9454
16.3009
20.427
24.2166
26.3813
27.3067
27.5271
26.9936
25.2318
21.7646
16.9675
12.7524
10.0823
8.37692
7.27176
6.66606
6.33037
6.12735
6.00453
5.9199
5.85158
5.79708
5.75555
5.72341
5.69651
5.67481
5.67075
5.66482
5.66034
5.65571
5.6494
5.6452
5.64041
5.63716
5.63638
5.63596
5.63537
6.55154
6.86793
7.5753
8.83759
10.852
13.7793
17.5946
21.5484
24.2588
26.1082
26.6948
26.9209
26.1714
23.9825
19.8704
15.0518
11.3347
9.18225
7.71396
6.75495
6.29522
6.04006
5.87555
5.79059
5.73682
5.68608
5.6449
5.61251
5.58392
5.5595
5.54249
5.54606
5.54387
5.54205
5.53951
5.53574
5.53554
5.53411
5.53346
5.53448
5.53576
5.53671
7.05419
7.32865
8.06502
9.3692
11.4889
14.6432
18.5167
21.8199
24.5668
26.1602
26.7644
26.5397
25.2851
22.3618
18.0393
13.534
10.3734
8.38106
7.04755
6.35965
6.00287
5.78153
5.67351
5.62611
5.59167
5.54962
5.51703
5.4915
5.46721
5.44545
5.43016
5.43837
5.43801
5.4378
5.43601
5.43298
5.43385
5.43321
5.43295
5.43373
5.43558
5.43741
7.63765
7.87395
8.59397
10.0153
12.3181
15.4982
19.0117
22.3018
25.0134
26.2702
26.5726
26.0901
24.2519
20.604
16.402
12.4601
9.54859
7.61035
6.58177
6.05224
5.74617
5.57362
5.51633
5.49403
5.46797
5.4416
5.41938
5.3971
5.37563
5.35766
5.34358
5.35037
5.34713
5.34396
5.34036
5.33651
5.33645
5.33457
5.33263
5.332
5.33311
5.33492
7.97268
8.34503
9.21681
10.8067
13.2496
16.5352
20.0882
23.595
25.3366
25.8406
25.9635
25.408
23.1352
19.2223
15.1271
11.5104
8.70657
7.03564
6.24672
5.79207
5.51173
5.41692
5.38991
5.3823
5.36867
5.3594
5.34572
5.32332
5.29965
5.28151
5.26861
5.27261
5.26709
5.2597
5.25289
5.24638
5.2429
5.23784
5.23336
5.23137
5.23133
5.23242
8.31803
8.72719
9.71373
11.5535
14.361
18.1245
21.7951
24.2002
25.1251
25.4002
25.1275
24.3871
22.1223
18.2857
14.0888
10.4166
7.90957
6.64286
5.95585
5.55365
5.34346
5.29291
5.29096
5.28874
5.28078
5.28035
5.27629
5.25979
5.23626
5.21609
5.20184
5.20054
5.19249
5.18153
5.17203
5.16305
5.15609
5.1477
5.14118
5.13781
5.13666
5.13715
8.9366
9.33022
10.4056
12.3996
15.4852
19.1837
22.4693
24.2449
25.2018
25.4035
24.7937
23.5555
21.3648
17.3582
12.8727
9.38886
7.37953
6.33126
5.69009
5.33614
5.22246
5.19655
5.19799
5.19446
5.20127
5.21074
5.20915
5.19422
5.1727
5.15268
5.13671
5.13054
5.1208
5.10938
5.09783
5.08611
5.07689
5.06608
5.05757
5.05211
5.04967
5.04966
9.70675
10.2194
11.2096
13.365
16.337
19.4097
22.1537
24.3821
25.2833
25.382
24.7279
23.2177
20.4603
16.0279
11.6339
8.69859
7.04633
6.01702
5.424
5.18555
5.11174
5.09853
5.09927
5.11158
5.13119
5.14454
5.14489
5.13455
5.11772
5.09782
5.07874
5.06955
5.05844
5.04588
5.033
5.0185
5.00692
4.99466
4.98395
4.97592
4.97136
4.97004
10.2693
11.0278
12.4149
14.5071
17.0205
19.5183
22.382
24.5298
25.2744
25.1282
24.3827
22.662
19.3311
14.5453
10.4847
8.15095
6.70501
5.72798
5.24256
5.07187
5.01198
4.99381
5.00533
5.03533
5.06383
5.08052
5.08525
5.07904
5.0639
5.04349
5.02271
5.01012
4.99753
4.98471
4.97203
4.95721
4.94554
4.93337
4.92146
4.91165
4.90504
4.9022
11.0108
11.6948
13.0736
15.1605
17.7066
20.6554
23.2659
24.5926
24.9467
24.7581
24.0332
21.8876
17.9863
13.3479
9.75583
7.67283
6.26497
5.44464
5.09892
4.95188
4.897
4.89336
4.91548
4.95734
4.99077
5.01797
5.02691
5.02225
5.0091
4.98945
4.96834
4.95467
4.94185
4.92939
4.91652
4.90145
4.88923
4.87675
4.86459
4.85465
4.8478
4.84442
11.6774
12.2331
13.6367
15.7366
18.7389
21.8024
23.9413
24.6873
24.5657
24.1863
23.2357
20.5936
16.6449
12.5759
9.20736
7.03716
5.8777
5.25471
4.93016
4.81092
4.79157
4.80179
4.83068
4.87827
4.92156
4.95694
4.96768
4.96188
4.9521
4.93486
4.9138
4.90285
4.89131
4.87909
4.86676
4.8529
4.84113
4.82881
4.81671
4.80683
4.80008
4.79683
12.049
12.7161
14.2737
16.862
19.8885
22.9019
24.4884
24.6513
23.9196
23.1873
22.1226
19.6044
15.9478
11.852
8.45578
6.53654
5.61639
5.06811
4.76217
4.68509
4.68484
4.70929
4.74759
4.79987
4.85653
4.89524
4.90578
4.89794
4.89351
4.87862
4.85737
4.85279
4.84313
4.83002
4.81812
4.80623
4.79548
4.78363
4.77191
4.76243
4.75587
4.75245
12.5812
13.3529
14.9165
17.7115
21.0363
23.1502
24.2268
24.0935
23.5628
22.6548
21.4202
19.2192
15.1512
10.7579
7.78999
6.27095
5.37727
4.83798
4.62741
4.57967
4.58645
4.61359
4.66049
4.72373
4.79081
4.83181
4.84405
4.83874
4.8379
4.82354
4.80053
4.80346
4.7947
4.78101
4.76986
4.75993
4.75135
4.74073
4.72972
4.72125
4.71542
4.71251
13.4277
14.5061
16.2566
18.2573
20.4251
22.7924
23.9307
23.944
23.4102
22.5779
21.3741
18.4038
13.7025
9.73267
7.43951
6.0262
5.12238
4.67914
4.5257
4.49091
4.49329
4.51776
4.57499
4.65338
4.72631
4.76512
4.7813
4.78398
4.78541
4.77209
4.74798
4.75362
4.74434
4.73114
4.7221
4.71402
4.70715
4.69809
4.68854
4.68125
4.67615
4.67373
15.0499
15.3453
16.6195
18.6901
20.7878
22.0729
23.1745
23.9583
24.0898
23.2466
20.5928
16.7785
12.3833
9.08002
7.15202
5.74561
4.90361
4.56794
4.43872
4.39844
4.39997
4.43077
4.49948
4.58961
4.66445
4.70246
4.7246
4.73291
4.73327
4.72098
4.69835
4.70302
4.69389
4.68245
4.67607
4.66974
4.66396
4.65619
4.64824
4.64231
4.63824
4.63638
15.731
16.2044
17.4702
19.1805
20.7917
22.1014
23.2785
24.2438
24.5315
22.9335
19.4468
15.3483
11.4042
8.76034
6.7923
5.36924
4.7256
4.47688
4.34752
4.30818
4.31848
4.3612
4.43774
4.52995
4.60509
4.64835
4.6726
4.68058
4.67987
4.66931
4.65439
4.6528
4.64357
4.63523
4.63073
4.62492
4.62036
4.61415
4.60783
4.60351
4.60108
4.60023
16.2687
16.7936
18.1248
19.7958
21.1756
22.3871
23.5995
24.4191
24.1259
22.2403
18.4246
14.2816
10.9003
8.34515
6.29843
5.1137
4.6261
4.37497
4.24858
4.22834
4.24656
4.29861
4.38201
4.47968
4.55847
4.60177
4.62575
4.63374
4.63363
4.6247
4.61072
4.60399
4.59511
4.58874
4.5858
4.58004
4.57576
4.56987
4.56387
4.56007
4.55803
4.558
16.7035
17.3457
18.6604
20.3128
21.898
22.8289
24.027
24.1913
23.5778
20.992
17.3001
13.5339
10.5405
7.82407
5.84676
4.94795
4.52763
4.27359
4.17331
4.16173
4.18354
4.24102
4.3334
4.43982
4.51771
4.55347
4.57892
4.58745
4.58693
4.57919
4.56721
4.55989
4.55243
4.54608
4.54335
4.53742
4.53305
4.52756
4.52175
4.51814
4.51603
4.51634
16.8523
17.646
19.3157
21.3205
22.8949
23.9527
24.3447
23.7521
22.3115
20.1096
16.671
13.339
10.0345
7.13706
5.56931
4.85236
4.4044
4.17887
4.10484
4.09296
4.11488
4.17961
4.28616
4.39864
4.47491
4.50998
4.53587
4.54462
4.54197
4.53257
4.52127
4.52078
4.51324
4.50566
4.5023
4.49669
4.49223
4.4867
4.48091
4.47764
4.47545
4.47602
16.9694
17.9706
19.8602
22.1532
23.8466
24.666
24.2254
23.0746
21.614
19.7144
16.823
13.0034
9.1687
6.66784
5.43928
4.68559
4.24802
4.09102
4.03717
4.02501
4.05387
4.13522
4.24951
4.3542
4.42694
4.47377
4.49745
4.50227
4.50098
4.49236
4.47648
4.48493
4.4757
4.46619
4.46149
4.45598
4.45148
4.4457
4.43987
4.43681
4.43491
4.4355
17.5216
18.8015
20.6116
22.38
23.9064
24.2852
23.7668
22.859
21.4687
19.8196
16.7418
12.1699
8.46748
6.45655
5.26499
4.46958
4.13087
4.00808
3.95697
3.96243
4.0063
4.09688
4.21063
4.30403
4.38152
4.4356
4.45898
4.46196
4.4625
4.45466
4.43717
4.44692
4.43697
4.42721
4.42201
4.41626
4.41105
4.40483
4.39926
4.39617
4.39458
4.39491
18.3864
19.5442
21.0963
22.2927
22.8998
23.7561
23.6922
22.7796
21.6039
19.48
15.7024
11.2071
7.97029
6.27636
5.0417
4.30358
4.03743
3.92929
3.89058
3.9061
3.96014
4.05456
4.16639
4.25693
4.33687
4.39478
4.41902
4.42415
4.42578
4.41813
4.40181
4.40753
4.39754
4.38896
4.38411
4.37796
4.37219
4.3664
4.36152
4.3582
4.35648
4.35634
19.5501
19.8902
21.0779
22.1913
22.5985
23.1698
23.4289
22.8131
21.5603
18.4303
14.2339
10.1999
7.593
6.02127
4.81646
4.1965
3.9723
3.86259
3.83396
3.85246
3.91305
4.01134
4.12108
4.21346
4.29627
4.35566
4.38225
4.38963
4.39155
4.38599
4.37271
4.36695
4.35597
4.34939
4.34653
4.34028
4.3341
4.32884
4.32438
4.32081
4.31858
4.31787
20.1377
20.26
21.2194
22.0495
22.519
22.9228
23.1848
22.9432
21.2148
17.308
12.9854
9.47098
7.32321
5.69991
4.5797
4.1107
3.90261
3.79305
3.77757
3.80124
3.86781
3.9666
4.0715
4.17924
4.26404
4.31314
4.34228
4.35328
4.35685
4.35201
4.33949
4.32896
4.31825
4.3108
4.30918
4.30308
4.29692
4.2919
4.28738
4.28347
4.28074
4.27974
20.0417
20.7137
21.5067
22.1007
22.6702
22.9645
23.2632
22.8096
20.545
16.383
12.2739
9.20252
7.03144
5.33291
4.41953
4.0314
3.8154
3.72983
3.73046
3.75774
3.81941
3.90961
4.02609
4.14874
4.2348
4.27387
4.29891
4.31042
4.31827
4.31195
4.30251
4.29527
4.28505
4.27527
4.27147
4.26569
4.26054
4.25611
4.2517
4.24811
4.24523
4.2447
20.0536
20.9125
21.9177
22.3235
22.8673
23.2722
23.2575
22.4316
19.8615
15.9427
11.9449
9.03156
6.70264
5.09361
4.32281
3.9179
3.7357
3.68429
3.68491
3.70885
3.76419
3.8639
3.99501
4.11459
4.19672
4.23528
4.26244
4.27337
4.28057
4.27214
4.25953
4.26369
4.25164
4.23949
4.23339
4.22812
4.22433
4.22055
4.21624
4.2132
4.21053
4.21033
20.1243
20.8478
21.8157
22.3921
22.7628
23.1068
22.9602
22.0588
19.3715
15.4884
11.6646
8.73589
6.42816
4.95107
4.21449
3.82604
3.6801
3.63871
3.6344
3.65324
3.71528
3.8304
3.96535
4.07699
4.15438
4.19836
4.22941
4.23974
4.24305
4.23588
4.21825
4.2296
4.21611
4.20307
4.19556
4.19036
4.18753
4.1844
4.18043
4.17787
4.17564
4.17548
20.1905
20.7674
21.6038
22.1429
22.4739
22.7893
22.7133
21.7669
18.8009
14.811
11.2372
8.42791
6.18158
4.80658
4.10347
3.75512
3.63391
3.58684
3.5725
3.5984
3.67551
3.79726
3.92988
4.03216
4.11136
4.16579
4.19484
4.20333
4.20411
4.19866
4.18428
4.19367
4.17981
4.16621
4.15851
4.15354
4.15159
4.14905
4.14578
4.14364
4.14156
4.14113
19.7509
20.4572
21.4978
22.222
22.4609
22.8707
22.3957
21.1345
18.168
14.3218
10.9696
8.11262
5.89317
4.63962
3.99661
3.70032
3.57459
3.52392
3.51439
3.55058
3.63944
3.76267
3.8884
3.98692
4.07318
4.13027
4.1541
4.16834
4.16835
4.16213
4.15035
4.15438
4.14285
4.13055
4.12311
4.11837
4.1166
4.11379
4.11009
4.1092
4.10739
4.10684
19.1438
19.9498
21.412
22.5763
23.0093
22.8669
21.7706
19.9843
17.6329
14.1
10.7846
7.73704
5.62927
4.48876
3.89476
3.64278
3.51927
3.45483
3.46571
3.51222
3.60547
3.728
3.84488
3.95203
4.04302
4.0989
4.11896
4.13589
4.13549
4.12881
4.11851
4.11514
4.10488
4.09397
4.08797
4.08551
4.08143
4.07727
4.07251
4.07291
4.07117
4.07053
18.5665
19.6894
21.258
22.7156
23.1737
22.7193
21.1117
19.214
17.1066
13.9287
10.4904
7.35932
5.39276
4.34605
3.82737
3.5665
3.44008
3.4043
3.42428
3.47895
3.57139
3.68925
3.81114
3.92653
4.0132
4.06315
4.08187
4.10464
4.10487
4.09902
4.08816
4.07922
4.06811
4.05738
4.05222
4.05026
4.04916
4.04337
4.03662
4.0366
4.03452
4.03376
18.2718
19.4837
20.9966
22.4455
22.907
22.3142
20.7146
18.8389
16.6295
13.4908
10.0095
7.00497
5.16256
4.21131
3.7494
3.48632
3.37708
3.36835
3.38944
3.44579
3.53636
3.65264
3.78544
3.90296
3.98312
4.02959
4.05058
4.07659
4.07543
4.06856
4.05635
4.04571
4.03392
4.02322
4.01814
4.0098
4.01921
4.01016
4.00159
4.00067
3.99841
3.99775
18.0654
19.2111
20.6595
22.0169
22.4074
21.8186
20.3162
18.4244
16.0865
12.8456
9.45823
6.64309
4.92112
4.08073
3.66526
3.42034
3.3266
3.33141
3.3582
3.41675
3.50764
3.62466
3.75868
3.87438
3.95081
4.00188
4.02953
4.04889
4.04497
4.03831
4.02667
4.014
4.00062
3.98972
3.98421
3.97167
3.98719
3.97575
3.96605
3.96338
3.96059
3.96005
17.8603
18.8243
20.1723
21.3779
21.7009
21.2114
19.8307
17.946
15.5149
12.0429
8.83614
6.28687
4.69995
3.97034
3.58128
3.35692
3.27769
3.29326
3.32662
3.38797
3.47758
3.59472
3.7277
3.84131
3.91778
3.97773
4.00712
4.01704
4.01475
4.00845
3.99679
3.98146
3.96675
3.95596
3.95129
3.9431
3.95281
3.94124
3.93084
3.92608
3.92275
3.92222
17.7496
18.4347
19.6393
20.5006
20.7371
20.4822
19.3609
17.5292
14.7703
11.2374
8.34549
6.05576
4.57456
3.88854
3.50035
3.30896
3.24611
3.25916
3.2897
3.34886
3.43953
3.56839
3.70266
3.81048
3.88729
3.9521
3.97883
3.98136
3.98346
3.97719
3.96543
3.94885
3.93443
3.92416
3.91991
3.9136
3.91781
3.90821
3.8977
3.89144
3.88785
3.8877
17.568
18.1655
19.2033
19.9249
20.2615
20.0067
18.8335
16.9426
14.0676
10.7324
8.12887
5.91232
4.48938
3.82603
3.43167
3.26348
3.22075
3.22141
3.24558
3.30137
3.40636
3.54654
3.68126
3.78236
3.86159
3.9219
3.94537
3.95124
3.95397
3.9487
3.93617
3.91857
3.9036
3.89329
3.88786
3.88187
3.88269
3.87473
3.86423
3.85683
3.85248
3.85288
16.8891
17.8
18.9566
19.838
20.1625
19.6647
18.1303
16.2028
13.5792
10.5695
7.97086
5.72794
4.39576
3.74747
3.37558
3.22466
3.18332
3.17822
3.19587
3.2579
3.37771
3.52214
3.65736
3.75862
3.83641
3.88045
3.91326
3.92434
3.92592
3.92031
3.90711
3.88935
3.87361
3.86204
3.85493
3.84925
3.84798
3.84065
3.83011
3.82169
3.81594
3.81632
16.2443
17.3373
18.6925
19.6755
19.8686
19.1482
17.5148
15.6048
13.1965
10.4531
7.72466
5.50175
4.29019
3.65355
3.31236
3.1924
3.14461
3.13088
3.15367
3.23041
3.35311
3.49624
3.62393
3.72609
3.80143
3.84333
3.88148
3.89556
3.89754
3.89077
3.8768
3.85931
3.84311
3.83072
3.82382
3.81943
3.81673
3.80921
3.79801
3.78912
3.78275
3.78498
15.8448
16.8841
18.2309
19.1143
19.3994
18.4964
17.035
15.1868
12.8699
10.2464
7.40665
5.26317
4.17852
3.56828
3.25239
3.14852
3.10725
3.09484
3.11927
3.2016
3.3244
3.46514
3.58641
3.68951
3.76273
3.81573
3.85164
3.86926
3.87085
3.86168
3.84691
3.83041
3.8145
3.80154
3.79343
3.78839
3.78539
3.77782
3.76734
3.7583
3.74709
3.75763
15.4084
16.3888
17.6292
18.4052
18.612
17.8472
16.616
14.8237
12.5356
9.86764
7.06171
5.06287
4.04977
3.47535
3.19382
3.10273
3.06484
3.05493
3.08701
3.17251
3.29389
3.42876
3.54726
3.65639
3.73553
3.79253
3.82465
3.83961
3.84032
3.83085
3.81744
3.80152
3.7856
3.77241
3.76267
3.75565
3.7536
3.74634
3.73736
3.72816
3.71038
3.73052
14.9323
15.7583
16.8276
17.6456
17.8278
17.2502
16.0445
14.3121
11.9973
9.29893
6.7618
4.9241
3.9215
3.39291
3.15852
3.05588
3.00906
3.01608
3.05692
3.14202
3.26062
3.38754
3.51088
3.62524
3.70795
3.76513
3.79586
3.80686
3.80757
3.79924
3.78756
3.77234
3.75701
3.7444
3.73413
3.72594
3.72175
3.71462
3.70791
3.69992
3.6811
3.70283
14.3636
15.1836
16.2314
17.0625
17.2011
16.6365
15.2964
13.5586
11.2718
8.80906
6.51143
4.7746
3.82415
3.33237
3.11501
3.01287
2.96946
2.98057
3.02413
3.1098
3.22754
3.35044
3.4788
3.59453
3.68006
3.73466
3.76254
3.77045
3.77239
3.76736
3.75825
3.74278
3.72648
3.71332
3.70441
3.69743
3.69174
3.68565
3.68122
3.67508
3.65658
3.67846
13.8697
14.6783
15.755
16.5332
16.6513
15.9081
14.5682
12.8779
10.7371
8.49016
6.22971
4.59123
3.71637
3.285
3.06203
2.95313
2.9295
2.9463
2.99346
3.07663
3.18766
3.32066
3.45818
3.57253
3.65324
3.69671
3.72782
3.73969
3.74275
3.73881
3.72847
3.71063
3.69442
3.68304
3.67552
3.66851
3.66212
3.6571
3.65425
3.65036
3.63319
3.65528
13.4924
14.2868
15.1581
15.7429
15.8153
15.1181
13.9738
12.3435
10.3967
8.16186
5.89681
4.39745
3.64593
3.21916
2.98712
2.90599
2.8944
2.90759
2.95306
3.04011
3.16261
3.30224
3.4359
3.54434
3.62073
3.66104
3.69762
3.71042
3.7136
3.70895
3.69633
3.67716
3.66233
3.6531
3.6457
3.63886
3.63392
3.63057
3.62828
3.62547
3.60981
3.63067
13.1007
13.9217
14.6284
14.8241
14.8066
14.4892
13.5528
12.0177
10.154
7.78799
5.59807
4.23591
3.5611
3.14882
2.9304
2.85561
2.85992
2.87824
2.92705
3.01351
3.13716
3.27859
3.40808
3.51009
3.58245
3.62727
3.66678
3.6806
3.68306
3.67711
3.66295
3.64594
3.63347
3.62491
3.6171
3.61132
3.60751
3.60447
3.60241
3.60085
3.5883
3.60664
12.7543
13.4409
14.0427
14.1489
14.0724
13.9463
13.1617
11.7768
9.86878
7.4846
5.37932
4.08691
3.47791
3.07427
2.87734
2.81288
2.82606
2.84838
2.89947
2.98462
3.11158
3.2542
3.37965
3.47664
3.54881
3.59738
3.63743
3.65122
3.65268
3.64478
3.63039
3.6162
3.60478
3.59558
3.58848
3.58458
3.58182
3.57904
3.57774
3.5775
3.56654
3.58497
12.2281
12.7841
13.3783
13.6156
13.512
13.4852
12.7823
11.3331
9.39562
7.20343
5.20267
3.96081
3.38279
3.00648
2.83229
2.77982
2.79139
2.81499
2.86511
2.95257
3.08548
3.22781
3.34877
3.44688
3.52157
3.57106
3.61032
3.62322
3.62314
3.6165
3.60564
3.5928
3.58
3.5696
3.56281
3.55854
3.55516
3.552
3.55108
3.55115
3.54085
3.55781
11.4637
12.0316
12.7439
13.1358
13.1967
12.8977
12.1575
10.744
8.90878
6.88366
5.06962
3.87442
3.28873
2.93502
2.78821
2.7511
2.75473
2.7785
2.82628
2.91992
3.05527
3.19517
3.31563
3.41894
3.49356
3.54473
3.58211
3.59511
3.59311
3.58741
3.57837
3.566
3.55251
3.54187
3.53518
3.53095
3.52761
3.52455
3.52361
3.5238
3.51598
3.5311
10.9204
11.3985
12.094
12.5732
12.641
12.3586
11.5545
10.2915
8.56314
6.5441
4.90941
3.81929
3.17192
2.86126
2.75739
2.7192
2.71359
2.72804
2.78731
2.89514
3.03029
3.16205
3.2834
3.38854
3.46701
3.52001
3.55421
3.56648
3.56733
3.56298
3.55394
3.54098
3.5275
3.51661
3.50933
3.50459
3.50064
3.49696
3.49615
3.4964
3.4906
3.50269
10.5544
10.9391
11.4324
11.7288
11.811
11.6669
11.0866
10.0386
8.18289
6.17316
4.70748
3.71646
3.09751
2.81528
2.72551
2.68109
2.66316
2.68821
2.76078
2.87036
3.0014
3.1338
3.25983
3.36308
3.44058
3.49313
3.5271
3.53905
3.54197
3.53772
3.52792
3.51395
3.49992
3.48931
3.48265
3.47783
3.47307
3.46836
3.46792
3.46909
3.46561
3.47756
10.1914
10.4649
10.8066
10.9881
11.0205
10.9221
10.6028
9.64012
7.816
5.88423
4.49155
3.58009
3.03012
2.78421
2.6791
2.63485
2.62438
2.65666
2.73297
2.84194
2.9702
3.10664
3.23573
3.33852
3.41601
3.46829
3.50192
3.51283
3.5151
3.51094
3.50213
3.48871
3.47427
3.46347
3.45629
3.45038
3.44517
3.44084
3.4391
3.43964
3.4378
3.44713
9.68801
9.92827
10.2663
10.3721
10.4083
10.3429
10.0262
9.05303
7.43696
5.68858
4.31106
3.42906
2.9649
2.74794
2.63003
2.58248
2.59438
2.63628
2.70767
2.81248
2.94217
3.08385
3.21272
3.31295
3.38992
3.44432
3.4771
3.48688
3.48807
3.4837
3.47525
3.46188
3.44748
3.43633
3.42802
3.42128
3.41677
3.41387
3.41224
3.41297
3.41175
3.41962
8.9433
9.29315
9.71938
9.90465
9.91881
9.88537
9.41533
8.39283
6.98052
5.46959
4.13709
3.2901
2.9113
2.69321
2.57597
2.54779
2.56801
2.60747
2.67753
2.784
2.92138
3.06484
3.19126
3.29061
3.36743
3.42161
3.45244
3.46149
3.46217
3.45772
3.44899
3.43536
3.42126
3.40993
3.40114
3.3945
3.39052
3.38788
3.38526
3.3848
3.38168
3.38565
8.34298
8.69439
9.17654
9.48492
9.60799
9.36624
8.81298
7.87179
6.59992
5.22586
4.02101
3.21761
2.84935
2.63896
2.53796
2.52406
2.54033
2.57834
2.64999
2.7622
2.90371
3.04592
3.17009
3.27196
3.34767
3.40098
3.43115
3.44025
3.44064
3.43601
3.42663
3.41269
3.39863
3.38682
3.37734
3.37029
3.36538
3.36148
3.35742
3.35557
3.35236
3.35375
7.60241
7.94382
8.3922
8.67102
8.73872
8.56877
8.09429
7.30687
6.12422
4.83449
3.81174
3.12334
2.75986
2.56744
2.49902
2.49014
2.50172
2.53906
2.61687
2.73621
2.8795
3.0192
3.14291
3.24642
3.31891
3.36935
3.39726
3.40772
3.40686
3.40185
3.39136
3.37698
3.36215
3.34881
3.33809
3.33025
3.324
3.31932
3.31475
3.31201
3.3091
3.30919
)
;

boundaryField
{
    lateral_sides
    {
        type            empty;
    }
    outerwall
    {
        type            zeroGradient;
    }
    longitudinal_symmetry
    {
        type            symmetryPlane;
    }
    inlet
    {
        type            zeroGradient;
    }
    outlet
    {
        type            inletOutlet;
        inletValue      uniform 0;
        value           uniform 0;
    }
}


// ************************************************************************* //
