/*--------------------------------*- C++ -*----------------------------------*\
| =========                 |                                                 |
| \\      /  F ield         | OpenFOAM: The Open Source CFD Toolbox           |
|  \\    /   O peration     | Version:  2412                                  |
|   \\  /    A nd           | Website:  www.openfoam.com                      |
|    \\/     M anipulation  |                                                 |
\*---------------------------------------------------------------------------*/
FoamFile
{
    version     2.0;
    format      ascii;
    arch        "LSB;label=32;scalar=64";
    class       volScalarField;
    location    "0.013";
    object      T;
}
// * * * * * * * * * * * * * * * * * * * * * * * * * * * * * * * * * * * * * //

dimensions      [0 0 0 1 0 0 0];

internalField   nonuniform List<scalar> 
8988
(
264.811
264.503
264.098
263.822
263.664
263.577
263.536
263.512
263.494
263.481
263.471
263.463
263.457
263.454
263.452
263.45
263.45
263.449
263.449
263.448
263.448
263.448
263.448
263.447
263.447
263.447
263.446
263.446
263.446
263.445
263.444
263.443
263.441
263.44
263.438
263.436
263.434
263.433
263.431
263.43
263.429
263.428
266.61
266.2
265.466
264.7
264.208
263.906
263.703
263.604
263.573
263.54
263.506
263.49
263.486
263.485
263.477
263.469
263.465
263.463
263.46
263.456
263.454
263.451
263.448
263.445
263.442
263.439
263.436
263.433
263.43
263.428
263.425
263.422
263.419
263.416
263.414
263.411
263.409
263.407
263.405
263.403
263.401
263.4
267.939
267.49
266.646
265.609
264.791
264.294
263.954
263.715
263.611
263.574
263.525
263.485
263.47
263.462
263.449
263.441
263.437
263.433
263.43
263.427
263.425
263.423
263.421
263.419
263.417
263.416
263.415
263.414
263.414
263.413
263.413
263.412
263.41
263.409
263.407
263.406
263.405
263.403
263.402
263.401
263.4
263.4
268.972
268.568
267.708
266.513
265.435
264.718
264.25
263.912
263.699
263.607
263.544
263.487
263.453
263.432
263.416
263.406
263.398
263.392
263.389
263.387
263.386
263.385
263.385
263.385
263.384
263.384
263.384
263.384
263.384
263.386
263.387
263.389
263.391
263.393
263.395
263.397
263.399
263.4
263.401
263.402
263.402
263.403
269.808
269.438
268.569
267.361
266.116
265.151
264.567
264.158
263.844
263.661
263.568
263.495
263.439
263.405
263.383
263.369
263.358
263.352
263.348
263.346
263.345
263.345
263.345
263.346
263.346
263.347
263.348
263.35
263.352
263.354
263.357
263.361
263.366
263.372
263.378
263.384
263.389
263.394
263.398
263.401
263.403
263.405
270.601
270.234
269.332
268.101
266.795
265.659
264.879
264.393
264.024
263.747
263.592
263.498
263.427
263.383
263.35
263.33
263.321
263.314
263.306
263.303
263.302
263.302
263.302
263.303
263.304
263.305
263.307
263.31
263.313
263.316
263.321
263.327
263.333
263.341
263.35
263.359
263.369
263.378
263.386
263.393
263.398
263.401
271.404
270.99
270.042
268.774
267.431
266.194
265.232
264.603
264.188
263.856
263.631
263.499
263.413
263.365
263.325
263.295
263.284
263.277
263.268
263.261
263.26
263.26
263.259
263.26
263.261
263.262
263.265
263.268
263.271
263.276
263.281
263.288
263.296
263.306
263.316
263.328
263.34
263.353
263.364
263.375
263.383
263.388
272.173
271.719
270.757
269.418
268.004
266.708
265.629
264.842
264.333
263.964
263.692
263.516
263.405
263.35
263.308
263.268
263.249
263.24
263.232
263.222
263.219
263.218
263.218
263.218
263.218
263.22
263.223
263.226
263.23
263.234
263.24
263.248
263.257
263.266
263.278
263.29
263.303
263.317
263.331
263.344
263.353
263.36
272.827
272.435
271.526
270.123
268.538
267.122
266.021
265.15
264.498
264.05
263.753
263.552
263.41
263.331
263.286
263.246
263.218
263.205
263.197
263.186
263.18
263.179
263.178
263.177
263.177
263.179
263.181
263.184
263.188
263.193
263.199
263.206
263.215
263.224
263.235
263.247
263.26
263.273
263.287
263.299
263.308
263.316
273.504
273.117
272.15
270.757
269.162
267.592
266.332
265.408
264.698
264.167
263.812
263.59
263.433
263.322
263.266
263.23
263.196
263.173
263.162
263.153
263.145
263.141
263.139
263.139
263.138
263.139
263.14
263.143
263.147
263.151
263.156
263.162
263.17
263.178
263.188
263.198
263.209
263.22
263.231
263.241
263.248
263.255
274.216
273.76
272.767
271.328
269.7
268.112
266.716
265.649
264.879
264.31
263.893
263.625
263.457
263.328
263.248
263.21
263.177
263.145
263.129
263.12
263.111
263.104
263.101
263.1
263.099
263.099
263.1
263.102
263.104
263.108
263.112
263.116
263.122
263.128
263.135
263.143
263.151
263.158
263.165
263.172
263.176
263.181
274.794
274.398
273.449
271.965
270.204
268.518
267.111
265.96
265.068
264.443
263.994
263.676
263.481
263.338
263.24
263.19
263.151
263.116
263.097
263.087
263.076
263.068
263.064
263.062
263.06
263.058
263.058
263.059
263.06
263.062
263.064
263.067
263.07
263.073
263.077
263.08
263.084
263.088
263.09
263.093
263.095
263.098
275.415
275.005
274.001
272.535
270.789
268.985
267.45
266.249
265.297
264.594
264.096
263.748
263.513
263.346
263.24
263.173
263.121
263.086
263.065
263.049
263.037
263.029
263.025
263.02
263.017
263.015
263.013
263.012
263.012
263.012
263.012
263.012
263.011
263.011
263.011
263.01
263.01
263.009
263.008
263.007
263.007
263.008
276.01
275.586
274.56
273.103
271.329
269.438
267.799
266.545
265.544
264.756
264.208
263.825
263.547
263.361
263.24
263.153
263.093
263.055
263.028
263.009
262.997
262.988
262.981
262.975
262.971
262.967
262.964
262.961
262.958
262.956
262.953
262.95
262.946
262.942
262.938
262.934
262.929
262.925
262.921
262.917
262.914
262.914
276.618
276.141
275.107
273.606
271.794
269.903
268.192
266.826
265.75
264.915
264.32
263.889
263.581
263.377
263.232
263.129
263.064
263.019
262.986
262.966
262.952
262.94
262.931
262.925
262.919
262.914
262.908
262.903
262.899
262.893
262.888
262.882
262.875
262.867
262.86
262.852
262.844
262.836
262.829
262.823
262.819
262.817
277.077
276.691
275.687
274.143
272.23
270.275
268.569
267.128
265.954
265.076
264.433
263.954
263.618
263.386
263.218
263.106
263.031
262.977
262.941
262.918
262.9
262.887
262.876
262.868
262.86
262.853
262.846
262.839
262.831
262.824
262.815
262.806
262.797
262.787
262.776
262.765
262.755
262.745
262.736
262.727
262.721
262.718
277.603
277.175
276.132
274.607
272.723
270.686
268.869
267.394
266.179
265.227
264.529
264.015
263.648
263.384
263.201
263.077
262.989
262.93
262.891
262.864
262.843
262.827
262.815
262.804
262.795
262.786
262.777
262.767
262.758
262.748
262.737
262.725
262.714
262.701
262.688
262.676
262.663
262.651
262.64
262.631
262.623
262.619
278.142
277.631
276.598
275.016
273.097
271.108
269.228
267.631
266.368
265.376
264.62
264.067
263.666
263.377
263.178
263.037
262.94
262.876
262.832
262.801
262.778
262.759
262.745
262.733
262.721
262.711
262.7
262.689
262.677
262.665
262.653
262.64
262.627
262.612
262.598
262.583
262.569
262.556
262.544
262.533
262.525
262.52
278.549
278.073
277.002
275.454
273.539
271.438
269.501
267.889
266.559
265.497
264.699
264.107
263.67
263.361
263.141
262.985
262.881
262.81
262.76
262.727
262.701
262.68
262.664
262.651
262.639
262.628
262.616
262.604
262.591
262.578
262.565
262.55
262.535
262.52
262.504
262.489
262.473
262.459
262.446
262.435
262.427
262.421
278.992
278.454
277.366
275.816
273.907
271.813
269.783
268.094
266.741
265.621
264.772
264.139
263.672
263.341
263.099
262.93
262.816
262.736
262.682
262.645
262.617
262.594
262.576
262.561
262.548
262.536
262.523
262.511
262.498
262.485
262.471
262.456
262.44
262.424
262.408
262.391
262.375
262.36
262.347
262.335
262.328
262.322
279.386
278.829
277.769
276.148
274.2
272.139
270.108
268.313
266.879
265.745
264.847
264.164
263.669
263.313
263.049
262.866
262.741
262.654
262.595
262.554
262.524
262.5
262.48
262.465
262.451
262.438
262.426
262.414
262.401
262.387
262.372
262.357
262.341
262.325
262.308
262.291
262.275
262.259
262.246
262.235
262.227
262.222
279.623
279.195
278.193
276.554
274.489
272.358
270.371
268.566
267.031
265.84
264.91
264.189
263.665
263.278
262.995
262.798
262.662
262.57
262.504
262.456
262.424
262.4
262.38
262.362
262.347
262.335
262.323
262.311
262.298
262.283
262.269
262.254
262.238
262.221
262.204
262.187
262.171
262.156
262.143
262.132
262.125
262.119
279.96
279.518
278.47
276.899
274.887
272.65
270.582
268.777
267.21
265.948
264.972
264.219
263.657
263.238
262.94
262.726
262.578
262.478
262.406
262.354
262.32
262.294
262.271
262.253
262.238
262.226
262.214
262.202
262.189
262.175
262.16
262.145
262.13
262.114
262.097
262.08
262.064
262.05
262.038
262.027
262.02
262.014
280.267
279.865
278.824
277.228
275.196
272.922
270.838
268.996
267.372
266.046
265.034
264.244
263.641
263.199
262.878
262.646
262.487
262.377
262.297
262.244
262.208
262.179
262.155
262.136
262.123
262.111
262.099
262.087
262.075
262.062
262.048
262.033
262.018
262.002
261.986
261.97
261.955
261.941
261.928
261.918
261.91
261.905
280.593
280.169
279.114
277.521
275.492
273.215
271.058
269.16
267.508
266.141
265.073
264.247
263.617
263.149
262.803
262.561
262.392
262.267
262.184
262.131
262.091
262.059
262.034
262.016
262.002
261.989
261.977
261.966
261.955
261.943
261.93
261.917
261.903
261.888
261.872
261.857
261.842
261.828
261.815
261.804
261.797
261.792
280.959
280.422
279.377
277.73
275.708
273.522
271.311
269.299
267.618
266.243
265.118
264.246
263.594
263.096
262.725
262.474
262.29
262.151
262.065
262.009
261.964
261.929
261.906
261.888
261.874
261.861
261.851
261.841
261.831
261.82
261.808
261.796
261.783
261.769
261.754
261.739
261.724
261.71
261.697
261.686
261.678
261.673
281.134
280.693
279.635
278.036
276.003
273.687
271.448
269.471
267.755
266.296
265.138
264.234
263.552
263.027
262.639
262.373
262.172
262.03
261.944
261.881
261.83
261.797
261.775
261.756
261.74
261.728
261.719
261.711
261.701
261.691
261.681
261.67
261.658
261.645
261.632
261.617
261.603
261.588
261.575
261.564
261.556
261.55
281.454
280.907
279.832
278.216
276.217
273.974
271.669
269.596
267.848
266.374
265.166
264.226
263.515
262.963
262.562
262.276
262.058
261.913
261.819
261.746
261.694
261.663
261.641
261.62
261.603
261.591
261.583
261.576
261.567
261.558
261.549
261.539
261.528
261.516
261.504
261.491
261.476
261.462
261.449
261.437
261.428
261.422
281.664
281.143
280.109
278.444
276.374
274.156
271.894
269.764
267.926
266.431
265.191
264.211
263.462
262.886
262.47
262.164
261.937
261.787
261.683
261.605
261.553
261.521
261.497
261.476
261.461
261.451
261.443
261.435
261.427
261.42
261.412
261.403
261.393
261.383
261.371
261.359
261.345
261.331
261.318
261.306
261.296
261.29
281.78
281.337
280.29
278.68
276.608
274.273
272.01
269.911
268.027
266.468
265.206
264.197
263.413
262.818
262.381
262.055
261.819
261.659
261.547
261.467
261.413
261.375
261.347
261.328
261.313
261.302
261.294
261.287
261.28
261.274
261.267
261.26
261.252
261.243
261.233
261.221
261.209
261.196
261.183
261.171
261.162
261.155
281.878
281.508
280.489
278.87
276.759
274.396
272.144
270.032
268.11
266.507
265.211
264.176
263.362
262.746
262.286
261.941
261.697
261.527
261.407
261.323
261.265
261.224
261.195
261.175
261.159
261.147
261.138
261.133
261.128
261.122
261.116
261.109
261.102
261.095
261.087
261.077
261.066
261.055
261.044
261.033
261.025
261.018
282.038
281.671
280.672
279.002
276.845
274.554
272.314
270.115
268.165
266.553
265.22
264.149
263.311
262.669
262.185
261.828
261.569
261.386
261.26
261.173
261.11
261.066
261.038
261.017
260.998
260.985
260.977
260.972
260.968
260.964
260.958
260.951
260.945
260.939
260.933
260.926
260.917
260.909
260.9
260.892
260.886
260.881
282.169
281.822
280.814
279.17
277.042
274.695
272.419
270.241
268.255
266.584
265.228
264.124
263.256
262.59
262.088
261.714
261.441
261.248
261.111
261.014
260.949
260.905
260.875
260.852
260.834
260.82
260.81
260.804
260.8
260.796
260.792
260.787
260.782
260.778
260.773
260.769
260.763
260.757
260.752
260.747
260.743
260.741
282.418
281.924
280.919
279.236
277.172
274.919
272.561
270.293
268.309
266.63
265.22
264.085
263.191
262.498
261.979
261.588
261.301
261.102
260.958
260.853
260.786
260.741
260.706
260.68
260.663
260.651
260.641
260.633
260.627
260.624
260.621
260.617
260.614
260.611
260.608
260.606
260.603
260.601
260.599
260.598
260.597
260.597
282.552
282.027
281.036
279.358
277.293
275.064
272.704
270.368
268.357
266.668
265.217
264.047
263.124
262.408
261.869
261.459
261.161
260.951
260.796
260.687
260.616
260.568
260.531
260.505
260.489
260.476
260.464
260.456
260.451
260.448
260.445
260.442
260.441
260.44
260.439
260.438
260.439
260.44
260.442
260.443
260.445
260.446
282.687
282.12
281.076
279.481
277.494
275.198
272.746
270.437
268.433
266.69
265.199
264.001
263.051
262.31
261.75
261.329
261.018
260.796
260.635
260.517
260.438
260.386
260.351
260.325
260.306
260.292
260.282
260.275
260.27
260.268
260.265
260.265
260.265
260.266
260.266
260.268
260.271
260.275
260.279
260.283
260.286
260.289
282.703
282.218
281.175
279.678
277.652
275.247
272.768
270.525
268.519
266.704
265.17
263.951
262.981
262.208
261.624
261.193
260.864
260.629
260.462
260.34
260.258
260.206
260.168
260.138
260.116
260.103
260.094
260.088
260.084
260.083
260.083
260.085
260.087
260.088
260.09
260.094
260.099
260.105
260.111
260.116
260.12
260.124
282.687
282.294
281.336
279.767
277.697
275.25
272.849
270.631
268.534
266.676
265.143
263.892
262.89
262.096
261.496
261.044
260.699
260.455
260.282
260.157
260.073
260.018
259.976
259.944
259.925
259.913
259.904
259.898
259.895
259.895
259.897
259.9
259.903
259.907
259.911
259.917
259.923
259.93
259.936
259.942
259.947
259.95
282.742
282.379
281.409
279.768
277.627
275.318
273.001
270.659
268.501
266.66
265.11
263.823
262.79
261.973
261.355
260.886
260.533
260.28
260.1
259.971
259.882
259.819
259.775
259.747
259.73
259.718
259.709
259.704
259.704
259.704
259.707
259.711
259.715
259.721
259.727
259.734
259.742
259.749
259.756
259.762
259.766
259.769
282.883
282.346
281.332
279.733
277.729
275.441
272.973
270.602
268.509
266.661
265.045
263.742
262.686
261.844
261.213
260.725
260.359
260.104
259.915
259.775
259.684
259.623
259.58
259.55
259.531
259.519
259.511
259.508
259.51
259.511
259.513
259.516
259.522
259.529
259.536
259.544
259.553
259.561
259.568
259.574
259.578
259.582
282.805
282.348
281.324
279.837
277.811
275.401
272.929
270.642
268.542
266.616
264.979
263.668
262.584
261.726
261.074
260.564
260.189
259.928
259.728
259.578
259.484
259.426
259.383
259.35
259.328
259.314
259.308
259.309
259.311
259.312
259.313
259.318
259.326
259.333
259.341
259.349
259.357
259.364
259.371
259.378
259.383
259.387
282.723
282.381
281.419
279.847
277.757
275.36
273.011
270.722
268.493
266.559
264.959
263.594
262.479
261.61
260.933
260.404
260.02
259.748
259.54
259.387
259.288
259.224
259.178
259.144
259.12
259.107
259.104
259.105
259.107
259.106
259.108
259.115
259.123
259.132
259.14
259.148
259.155
259.162
259.168
259.174
259.179
259.183
282.838
282.323
281.312
279.778
277.794
275.484
272.996
270.624
268.483
266.554
264.875
263.489
262.368
261.474
260.777
260.242
259.845
259.554
259.341
259.191
259.089
259.018
258.967
258.932
258.909
258.898
258.895
258.895
258.894
258.894
258.898
258.906
258.915
258.923
258.931
258.939
258.946
258.953
258.958
258.963
258.968
258.971
282.853
282.29
281.247
279.738
277.817
275.527
272.984
270.579
268.466
266.527
264.809
263.406
262.266
261.349
260.634
260.086
259.677
259.371
259.15
258.996
258.887
258.808
258.754
258.72
258.698
258.686
258.681
258.678
258.676
258.676
258.681
258.69
258.698
258.705
258.713
258.721
258.728
258.735
258.741
258.745
258.748
258.751
282.836
282.29
281.285
279.703
277.734
275.499
273.071
270.594
268.39
266.462
264.75
263.315
262.146
261.217
260.486
259.921
259.501
259.188
258.958
258.797
258.683
258.6
258.543
258.507
258.484
258.47
258.461
258.456
258.455
258.456
258.46
258.467
258.473
258.48
258.486
258.493
258.5
258.507
258.513
258.518
258.521
258.523
282.66
282.307
281.374
279.772
277.689
275.4
273.054
270.672
268.363
266.382
264.703
263.236
262.037
261.092
260.339
259.757
259.325
259.002
258.763
258.593
258.474
258.39
258.332
258.293
258.267
258.25
258.24
258.234
258.232
258.232
258.234
258.237
258.241
258.247
258.254
258.26
258.266
258.272
258.277
258.282
258.285
258.287
282.75
282.207
281.204
279.696
277.758
275.478
272.986
270.583
268.379
266.372
264.619
263.14
261.93
260.962
260.186
259.598
259.155
258.812
258.567
258.395
258.267
258.176
258.116
258.074
258.044
258.025
258.014
258.008
258.005
258.004
258.003
258.002
258.004
258.01
258.016
258.021
258.025
258.029
258.034
258.037
258.039
258.041
282.683
282.154
281.126
279.71
277.786
275.45
272.936
270.579
268.389
266.339
264.548
263.06
261.823
260.828
260.026
259.423
258.971
258.614
258.361
258.187
258.051
257.953
257.891
257.85
257.816
257.793
257.782
257.777
257.772
257.767
257.763
257.762
257.764
257.769
257.773
257.775
257.778
257.781
257.784
257.785
257.786
257.787
282.517
282.142
281.192
279.692
277.696
275.324
272.95
270.64
268.344
266.249
264.479
262.964
261.697
260.682
259.864
259.247
258.773
258.403
258.155
257.975
257.827
257.725
257.663
257.618
257.58
257.556
257.545
257.538
257.531
257.522
257.517
257.516
257.518
257.522
257.522
257.523
257.524
257.526
257.527
257.527
257.526
257.527
282.46
282.046
281.082
279.627
277.689
275.301
272.894
270.571
268.271
266.191
264.399
262.844
261.569
260.529
259.697
259.066
258.565
258.19
257.941
257.754
257.594
257.493
257.43
257.378
257.338
257.317
257.305
257.294
257.283
257.275
257.269
257.267
257.267
257.267
257.265
257.264
257.263
257.264
257.263
257.262
257.261
257.262
282.33
281.939
281.017
279.564
277.625
275.231
272.78
270.476
268.245
266.113
264.249
262.702
261.416
260.347
259.513
258.871
258.35
257.978
257.722
257.518
257.359
257.259
257.189
257.134
257.096
257.073
257.056
257.043
257.033
257.025
257.018
257.013
257.01
257.007
257.003
257
256.998
256.997
256.994
256.992
256.991
256.991
282.335
281.798
280.81
279.372
277.494
275.251
272.737
270.314
268.099
266.008
264.124
262.556
261.253
260.173
259.325
258.665
258.145
257.764
257.486
257.272
257.116
257.01
256.935
256.882
256.846
256.821
256.803
256.79
256.78
256.77
256.761
256.754
256.748
256.743
256.738
256.734
256.73
256.726
256.721
256.717
256.715
256.714
282.111
281.693
280.799
279.262
277.283
275.073
272.695
270.273
267.922
265.832
264.004
262.404
261.072
259.989
259.128
258.451
257.923
257.535
257.246
257.024
256.867
256.761
256.685
256.627
256.585
256.558
256.541
256.528
256.516
256.506
256.497
256.489
256.481
256.475
256.469
256.463
256.458
256.451
256.445
256.44
256.436
256.434
281.933
281.6
280.705
279.17
277.162
274.943
272.591
270.146
267.789
265.709
263.869
262.24
260.905
259.81
258.921
258.238
257.704
257.293
256.997
256.776
256.611
256.497
256.419
256.362
256.319
256.289
256.271
256.257
256.244
256.234
256.225
256.217
256.209
256.201
256.194
256.187
256.18
256.173
256.166
256.16
256.155
256.152
281.89
281.378
280.406
279.007
277.141
274.913
272.4
269.979
267.754
265.632
263.7
262.081
260.75
259.616
258.703
258.012
257.48
257.053
256.738
256.517
256.352
256.229
256.145
256.088
256.046
256.014
255.995
255.981
255.967
255.955
255.945
255.938
255.929
255.92
255.912
255.905
255.898
255.89
255.883
255.876
255.871
255.867
281.714
281.2
280.231
278.852
277.006
274.77
272.276
269.88
267.677
265.539
263.569
261.939
260.583
259.424
258.504
257.79
257.243
256.808
256.476
256.249
256.083
255.956
255.865
255.806
255.764
255.733
255.712
255.696
255.682
255.669
255.659
255.65
255.642
255.632
255.624
255.617
255.611
255.603
255.596
255.59
255.585
255.58
281.526
281.031
280.104
278.726
276.861
274.615
272.178
269.805
267.571
265.4
263.444
261.807
260.409
259.226
258.298
257.571
256.989
256.548
256.22
255.974
255.8
255.675
255.582
255.514
255.471
255.442
255.42
255.403
255.389
255.377
255.366
255.357
255.348
255.339
255.332
255.326
255.319
255.312
255.305
255.3
255.295
255.292
281.381
280.88
279.966
278.469
276.608
274.556
272.217
269.723
267.346
265.233
263.332
261.634
260.199
259.022
258.081
257.321
256.721
256.283
255.949
255.693
255.514
255.384
255.286
255.218
255.174
255.142
255.118
255.1
255.087
255.074
255.065
255.056
255.049
255.042
255.036
255.03
255.024
255.017
255.012
255.007
255.003
255
281.129
280.692
279.825
278.343
276.46
274.399
272.076
269.539
267.174
265.114
263.183
261.439
259.996
258.81
257.84
257.066
256.473
256.011
255.655
255.401
255.217
255.077
254.977
254.912
254.867
254.834
254.809
254.791
254.777
254.766
254.758
254.751
254.744
254.738
254.734
254.73
254.724
254.719
254.715
254.711
254.708
254.706
280.868
280.501
279.685
278.151
276.23
274.164
271.896
269.447
267.021
264.889
262.988
261.248
259.777
258.571
257.578
256.805
256.198
255.72
255.372
255.108
254.903
254.766
254.674
254.604
254.551
254.519
254.498
254.48
254.466
254.457
254.448
254.44
254.434
254.429
254.426
254.423
254.419
254.415
254.413
254.411
254.408
254.406
280.636
280.169
279.265
277.926
276.171
274.023
271.574
269.15
266.903
264.753
262.752
261.017
259.551
258.319
257.32
256.538
255.892
255.404
255.072
254.807
254.586
254.449
254.361
254.286
254.229
254.2
254.182
254.164
254.151
254.142
254.132
254.125
254.12
254.117
254.115
254.112
254.109
254.107
254.106
254.104
254.103
254.102
280.362
279.836
278.907
277.668
275.982
273.815
271.312
268.956
266.747
264.539
262.513
260.776
259.303
258.055
257.049
256.246
255.586
255.114
254.771
254.479
254.263
254.132
254.039
253.955
253.904
253.877
253.856
253.839
253.827
253.815
253.807
253.804
253.803
253.801
253.798
253.796
253.795
253.795
253.794
253.792
253.791
253.791
280.011
279.558
278.635
277.463
275.761
273.459
271.053
268.817
266.53
264.263
262.273
260.539
259.037
257.779
256.765
255.938
255.29
254.818
254.445
254.15
253.947
253.804
253.696
253.62
253.571
253.54
253.52
253.507
253.493
253.481
253.476
253.477
253.478
253.475
253.474
253.474
253.476
253.477
253.476
253.475
253.474
253.475
279.587
279.315
278.528
277.21
275.371
273.092
270.884
268.648
266.231
263.988
262.04
260.288
258.766
257.501
256.46
255.645
254.999
254.484
254.115
253.839
253.613
253.456
253.359
253.29
253.235
253.198
253.178
253.165
253.154
253.146
253.143
253.143
253.143
253.143
253.144
253.147
253.15
253.151
253.151
253.15
253.151
253.152
279.29
279.034
278.238
276.897
275.068
272.836
270.608
268.363
265.989
263.736
261.776
260.028
258.49
257.214
256.167
255.343
254.666
254.143
253.795
253.513
253.271
253.116
253.021
252.948
252.889
252.851
252.831
252.82
252.814
252.809
252.804
252.802
252.802
252.805
252.81
252.814
252.818
252.819
252.819
252.82
252.822
252.822
278.965
278.684
277.881
276.551
274.771
272.569
270.339
268.108
265.747
263.49
261.525
259.765
258.215
256.928
255.877
255.038
254.337
253.822
253.478
253.18
252.933
252.781
252.679
252.597
252.536
252.5
252.48
252.47
252.467
252.464
252.458
252.455
252.458
252.464
252.469
252.473
252.476
252.48
252.483
252.485
252.486
252.486
278.7
278.44
277.598
276.23
274.397
272.291
270.162
267.895
265.457
263.211
261.284
259.513
257.928
256.631
255.569
254.718
254.023
253.51
253.136
252.822
252.588
252.438
252.328
252.241
252.182
252.147
252.128
252.118
252.114
252.109
252.104
252.103
252.108
252.116
252.12
252.123
252.128
252.134
252.14
252.144
252.145
252.145
278.485
278.007
277.131
275.869
274.195
272.151
269.822
267.489
265.228
263.035
261.013
259.212
257.658
256.339
255.267
254.41
253.712
253.185
252.785
252.471
252.242
252.078
251.96
251.879
251.825
251.789
251.767
251.758
251.754
251.748
251.744
251.745
251.752
251.759
251.763
251.768
251.774
251.783
251.79
251.795
251.797
251.798
278.158
277.612
276.735
275.532
273.958
271.937
269.528
267.199
265.027
262.819
260.736
258.941
257.391
256.046
254.977
254.1
253.372
252.84
252.441
252.129
251.891
251.713
251.595
251.521
251.469
251.429
251.404
251.392
251.384
251.379
251.379
251.384
251.39
251.394
251.399
251.406
251.415
251.425
251.433
251.438
251.441
251.444
277.781
277.311
276.414
275.309
273.706
271.57
269.197
267.036
264.853
262.548
260.476
258.7
257.127
255.781
254.687
253.776
253.059
252.505
252.076
251.774
251.538
251.347
251.231
251.16
251.104
251.06
251.035
251.023
251.013
251.008
251.011
251.017
251.019
251.021
251.028
251.039
251.05
251.06
251.068
251.074
251.078
251.082
277.391
277.003
276.157
275.02
273.374
271.258
268.951
266.729
264.546
262.338
260.267
258.439
256.856
255.502
254.368
253.455
252.742
252.156
251.73
251.43
251.177
250.986
250.873
250.794
250.727
250.684
250.661
250.647
250.637
250.636
250.64
250.644
250.644
250.647
250.656
250.666
250.677
250.687
250.695
250.701
250.707
250.713
276.941
276.584
275.879
274.529
272.846
270.995
268.864
266.487
264.239
262.12
260.067
258.185
256.578
255.2
254.051
253.142
252.397
251.81
251.396
251.067
250.804
250.63
250.508
250.411
250.346
250.307
250.284
250.267
250.26
250.259
250.261
250.262
250.263
250.268
250.277
250.288
250.298
250.308
250.315
250.322
250.329
250.334
276.519
276.149
275.459
274.124
272.501
270.739
268.608
266.211
264.02
261.913
259.81
257.917
256.299
254.898
253.748
252.814
252.042
251.481
251.048
250.683
250.438
250.273
250.132
250.027
249.967
249.928
249.899
249.883
249.878
249.876
249.874
249.874
249.877
249.883
249.892
249.901
249.912
249.921
249.929
249.937
249.944
249.948
276.237
275.762
275.015
273.757
272.226
270.452
268.272
265.935
263.795
261.655
259.518
257.643
256.013
254.587
253.43
252.461
251.696
251.148
250.678
250.303
250.074
249.901
249.744
249.644
249.584
249.542
249.51
249.495
249.489
249.486
249.483
249.483
249.485
249.492
249.5
249.509
249.519
249.528
249.537
249.546
249.552
249.554
275.935
275.388
274.59
273.413
271.937
270.14
267.916
265.648
263.517
261.322
259.219
257.369
255.705
254.264
253.094
252.117
251.36
250.789
250.301
249.935
249.699
249.511
249.355
249.256
249.195
249.15
249.118
249.101
249.095
249.092
249.09
249.089
249.09
249.095
249.103
249.112
249.12
249.129
249.139
249.148
249.152
249.155
275.538
275.003
274.183
273.097
271.661
269.791
267.532
265.337
263.225
261.006
258.924
257.073
255.374
253.928
252.757
251.781
250.994
250.417
249.941
249.559
249.309
249.122
248.965
248.861
248.799
248.755
248.721
248.704
248.698
248.694
248.689
248.687
248.689
248.695
248.703
248.71
248.717
248.726
248.735
248.742
248.745
248.748
275.126
274.616
273.757
272.767
271.351
269.396
267.146
265.063
262.95
260.683
258.607
256.751
255.034
253.593
252.417
251.425
250.637
250.042
249.551
249.182
248.926
248.72
248.564
248.466
248.4
248.349
248.317
248.305
248.3
248.293
248.286
248.285
248.287
248.29
248.294
248.302
248.311
248.319
248.325
248.329
248.331
248.334
274.632
274.304
273.519
272.44
270.908
268.852
266.812
264.856
262.608
260.325
258.293
256.42
254.701
253.27
252.055
251.056
250.274
249.651
249.167
248.807
248.52
248.307
248.17
248.07
247.991
247.939
247.913
247.899
247.888
247.88
247.878
247.88
247.881
247.881
247.883
247.89
247.898
247.904
247.908
247.91
247.912
247.915
274.163
274
273.282
272.016
270.31
268.458
266.617
264.497
262.152
260.011
257.983
256.055
254.367
252.922
251.679
250.691
249.9
249.252
248.779
248.415
248.111
247.906
247.774
247.668
247.582
247.534
247.51
247.493
247.476
247.468
247.467
247.466
247.465
247.466
247.47
247.476
247.48
247.482
247.485
247.487
247.489
247.492
273.813
273.534
272.878
271.531
269.883
268.252
266.33
263.996
261.756
259.705
257.635
255.693
254.023
252.547
251.322
250.328
249.507
248.867
248.385
248.007
247.711
247.502
247.36
247.254
247.175
247.125
247.096
247.077
247.063
247.054
247.051
247.049
247.047
247.048
247.052
247.055
247.055
247.056
247.058
247.06
247.062
247.063
273.507
273.066
272.356
271.115
269.613
267.974
265.895
263.564
261.455
259.378
257.269
255.357
253.672
252.181
250.964
249.937
249.112
248.495
247.987
247.597
247.311
247.093
246.945
246.843
246.764
246.708
246.674
246.654
246.639
246.632
246.63
246.628
246.625
246.625
246.626
246.627
246.627
246.627
246.628
246.629
246.631
246.632
273.176
272.617
271.82
270.723
269.361
267.581
265.385
263.234
261.205
259.003
256.893
255.027
253.315
251.825
250.588
249.535
248.732
248.099
247.566
247.192
246.911
246.676
246.526
246.427
246.344
246.282
246.246
246.225
246.21
246.204
246.202
246.199
246.195
246.193
246.194
246.194
246.195
246.195
246.196
246.197
246.197
246.198
272.653
272.194
271.358
270.419
269.003
267.04
264.934
262.982
260.882
258.604
256.544
254.688
252.947
251.465
250.205
249.152
248.342
247.669
247.148
246.796
246.496
246.252
246.106
246.003
245.912
245.848
245.812
245.79
245.777
245.772
245.768
245.762
245.757
245.755
245.756
245.757
245.758
245.759
245.76
245.76
245.76
245.76
271.997
271.785
271.142
270.021
268.4
266.5
264.65
262.643
260.389
258.237
256.242
254.32
252.585
251.094
249.814
248.774
247.932
247.243
246.756
246.386
246.055
245.821
245.679
245.566
245.472
245.412
245.377
245.355
245.341
245.333
245.325
245.319
245.316
245.315
245.316
245.316
245.316
245.317
245.318
245.318
245.318
245.318
271.551
271.379
270.74
269.457
267.857
266.186
264.327
262.146
259.971
257.939
255.883
253.936
252.235
250.721
249.43
248.384
247.526
246.835
246.347
245.956
245.615
245.385
245.241
245.122
245.026
244.971
244.939
244.917
244.9
244.887
244.88
244.874
244.87
244.87
244.871
244.871
244.87
244.871
244.872
244.872
244.871
244.871
271.302
270.869
270.12
268.977
267.548
265.837
263.807
261.699
259.679
257.573
255.467
253.581
251.882
250.335
249.045
247.983
247.125
246.429
245.914
245.519
245.182
244.941
244.795
244.68
244.582
244.523
244.49
244.469
244.45
244.437
244.431
244.426
244.421
244.42
244.421
244.42
244.42
244.422
244.423
244.422
244.421
244.421
270.879
270.437
269.644
268.609
267.194
265.356
263.335
261.376
259.314
257.129
255.088
253.237
251.481
249.937
248.653
247.575
246.71
246.004
245.472
245.081
244.744
244.491
244.344
244.237
244.139
244.071
244.034
244.012
243.994
243.983
243.978
243.973
243.969
243.967
243.966
243.965
243.967
243.969
243.971
243.97
243.969
243.97
270.414
269.999
269.192
268.223
266.833
264.922
262.91
260.998
258.917
256.729
254.719
252.829
251.052
249.538
248.241
247.153
246.28
245.567
245.025
244.633
244.301
244.044
243.893
243.785
243.688
243.617
243.578
243.554
243.537
243.526
243.52
243.515
243.511
243.509
243.508
243.508
243.51
243.514
243.516
243.516
243.515
243.516
269.861
269.598
268.886
267.807
266.295
264.416
262.555
260.638
258.468
256.326
254.32
252.391
250.633
249.125
247.806
246.709
245.831
245.119
244.571
244.184
243.857
243.599
243.442
243.329
243.229
243.16
243.121
243.096
243.077
243.065
243.058
243.054
243.05
243.047
243.046
243.048
243.051
243.055
243.057
243.058
243.056
243.058
269.313
269.182
268.533
267.307
265.687
263.982
262.244
260.182
257.997
255.942
253.899
251.946
250.228
248.695
247.355
246.261
245.388
244.662
244.115
243.738
243.408
243.145
242.988
242.871
242.766
242.697
242.66
242.635
242.615
242.601
242.594
242.589
242.585
242.583
242.583
242.586
242.589
242.593
242.595
242.596
242.59
242.596
268.877
268.671
268.041
266.753
265.194
263.648
261.869
259.691
257.551
255.534
253.466
251.521
249.824
248.252
246.908
245.834
244.933
244.197
243.686
243.291
242.936
242.684
242.53
242.403
242.297
242.236
242.197
242.168
242.146
242.133
242.126
242.121
242.117
242.116
242.117
242.121
242.124
242.128
242.131
242.13
242.121
242.132
268.54
268.113
267.394
266.247
264.843
263.33
261.364
259.169
257.154
255.116
253.023
251.112
249.396
247.799
246.48
245.402
244.47
243.76
243.253
242.815
242.459
242.224
242.061
241.926
241.828
241.769
241.728
241.696
241.675
241.664
241.657
241.65
241.647
241.647
241.65
241.653
241.656
241.659
241.662
241.661
241.648
241.665
268.095
267.569
266.785
265.82
264.589
262.839
260.734
258.748
256.781
254.625
252.575
250.713
248.932
247.357
246.065
244.939
244.011
243.342
242.779
242.321
241.997
241.757
241.581
241.45
241.356
241.294
241.251
241.221
241.202
241.191
241.183
241.178
241.176
241.177
241.179
241.181
241.184
241.186
241.189
241.19
241.174
241.197
267.429
267.149
266.432
265.475
264.045
262.157
260.289
258.432
256.28
254.123
252.172
250.273
248.469
246.938
245.623
244.473
243.584
242.886
242.277
241.841
241.543
241.283
241.1
240.984
240.888
240.813
240.769
240.742
240.724
240.711
240.704
240.702
240.702
240.703
240.705
240.707
240.709
240.709
240.714
240.717
240.698
240.725
266.869
266.758
266.141
264.927
263.333
261.706
260.012
257.926
255.726
253.737
251.743
249.786
248.035
246.52
245.178
244.036
243.149
242.395
241.785
241.391
241.074
240.792
240.616
240.512
240.412
240.33
240.289
240.261
240.238
240.227
240.225
240.223
240.221
240.224
240.227
240.228
240.229
240.232
240.239
240.242
240.221
240.249
266.57
266.181
265.504
264.342
262.935
261.434
259.489
257.315
255.327
253.338
251.272
249.351
247.627
246.089
244.742
243.593
242.67
241.905
241.338
240.937
240.571
240.293
240.142
240.028
239.915
239.847
239.803
239.768
239.751
239.746
239.744
239.738
239.736
239.739
239.742
239.744
239.749
239.755
239.761
239.763
239.742
239.77
266.115
265.588
264.805
263.81
262.615
260.955
258.87
256.874
254.971
252.872
250.838
248.966
247.196
245.647
244.292
243.145
242.209
241.443
240.895
240.453
240.069
239.813
239.658
239.521
239.416
239.352
239.31
239.282
239.267
239.259
239.254
239.25
239.248
239.248
239.252
239.262
239.269
239.272
239.278
239.281
239.262
239.289
265.458
265.042
264.264
263.423
262.135
260.317
258.353
256.562
254.608
252.43
250.416
248.543
246.762
245.205
243.838
242.693
241.751
240.993
240.418
239.955
239.589
239.336
239.158
239.019
238.922
238.86
238.817
238.788
238.772
238.765
238.762
238.76
238.757
238.759
238.768
238.778
238.784
238.784
238.791
238.796
238.78
238.806
264.786
264.542
263.933
262.956
261.529
259.693
257.947
256.237
254.141
251.98
250.004
248.108
246.329
244.759
243.371
242.238
241.293
240.507
239.931
239.479
239.113
238.852
238.664
238.527
238.431
238.365
238.322
238.292
238.272
238.264
238.264
238.266
238.271
238.275
238.28
238.285
238.29
238.293
238.303
238.309
238.294
238.319
264.231
264.115
263.51
262.374
260.83
259.208
257.654
255.758
253.575
251.561
249.589
247.641
245.882
244.301
242.91
241.784
240.815
240.02
239.458
239.001
238.625
238.357
238.171
238.04
237.938
237.866
237.826
237.8
237.779
237.766
237.764
237.769
237.774
237.778
237.782
237.789
237.797
237.801
237.813
237.82
237.806
237.83
263.853
263.56
262.92
261.704
260.273
258.92
257.254
255.106
253.055
251.144
249.118
247.164
245.421
243.831
242.461
241.309
240.33
239.557
238.967
238.501
238.145
237.869
237.672
237.538
237.434
237.366
237.332
237.305
237.282
237.261
237.261
237.268
237.276
237.278
237.282
237.292
237.302
237.307
237.32
237.328
237.317
237.338
263.441
262.969
262.209
261.173
260.009
258.534
256.568
254.518
252.665
250.665
248.602
246.707
244.95
243.358
242
240.829
239.856
239.084
238.479
238.011
237.653
237.374
237.175
237.044
236.941
236.867
236.829
236.8
236.777
236.764
236.762
236.766
236.769
236.772
236.78
236.792
236.804
236.812
236.826
236.835
236.825
236.845
262.847
262.466
261.7
260.875
259.621
257.832
255.895
254.122
252.219
250.084
248.097
246.252
244.472
242.899
241.531
240.356
239.392
238.594
237.978
237.514
237.149
236.878
236.682
236.54
236.445
236.379
236.327
236.29
236.269
236.261
236.259
236.259
236.262
236.268
236.279
236.29
236.304
236.317
236.331
236.339
236.331
236.348
262.272
262.036
261.408
260.431
259.009
257.203
255.448
253.719
251.644
249.539
247.633
245.769
243.981
242.428
241.05
239.879
238.904
238.094
237.494
237.02
236.641
236.389
236.203
236.049
235.943
235.873
235.818
235.782
235.764
235.755
235.751
235.752
235.759
235.768
235.779
235.789
235.803
235.818
235.831
235.839
235.833
235.848
261.753
261.513
260.889
259.92
258.514
256.732
254.967
253.159
251.125
249.09
247.175
245.293
243.527
241.97
240.567
239.394
238.412
237.602
237.006
236.517
236.135
235.89
235.705
235.548
235.438
235.363
235.31
235.28
235.263
235.251
235.247
235.25
235.258
235.268
235.277
235.286
235.3
235.316
235.329
235.337
235.335
235.348
261.287
261.007
260.334
259.379
258.022
256.264
254.429
252.648
250.714
248.633
246.646
244.8
243.089
241.5
240.084
238.91
237.916
237.123
236.519
236.017
235.644
235.398
235.2
235.04
234.931
234.857
234.805
234.778
234.761
234.749
234.745
234.747
234.755
234.763
234.77
234.779
234.793
234.809
234.823
234.831
234.832
234.844
260.833
260.513
259.809
258.798
257.406
255.763
253.997
252.204
250.254
248.149
246.153
244.355
242.646
241.002
239.591
238.428
237.42
236.633
236.017
235.514
235.155
234.903
234.693
234.532
234.426
234.351
234.298
234.27
234.254
234.243
234.239
234.242
234.249
234.254
234.261
234.271
234.285
234.3
234.314
234.324
234.33
234.34
260.279
259.904
259.215
258.142
256.81
255.4
253.625
251.64
249.7
247.742
245.754
243.898
242.165
240.51
239.116
237.945
236.926
236.141
235.516
235.014
234.66
234.399
234.183
234.024
233.919
233.843
233.789
233.761
233.744
233.733
233.729
233.733
233.74
233.745
233.752
233.764
233.78
233.795
233.808
233.818
233.825
233.831
259.654
259.196
258.482
257.528
256.392
254.923
253.03
251.117
249.318
247.348
245.322
243.461
241.691
240.033
238.653
237.46
236.44
235.652
235.016
234.515
234.158
233.885
233.667
233.51
233.405
233.329
233.276
233.248
233.23
233.219
233.216
233.219
233.225
233.23
233.239
233.253
233.27
233.286
233.299
233.31
233.317
233.323
258.961
258.58
257.841
257.059
255.884
254.212
252.394
250.741
248.927
246.839
244.872
243.029
241.206
239.568
238.188
236.973
235.961
235.164
234.517
234.018
233.649
233.365
233.147
232.99
232.883
232.807
232.756
232.727
232.709
232.7
232.697
232.699
232.704
232.711
232.721
232.736
232.754
232.77
232.784
232.794
232.803
232.809
258.224
258.069
257.507
256.515
255.105
253.533
252.019
250.317
248.307
246.32
244.452
242.533
240.702
239.112
237.708
236.481
235.481
234.671
234.018
233.518
233.134
232.841
232.624
232.466
232.355
232.278
232.228
232.198
232.181
232.174
232.173
232.175
232.179
232.186
232.198
232.214
232.232
232.248
232.261
232.272
232.282
232.288
257.759
257.531
256.952
255.815
254.467
253.157
251.581
249.633
247.71
245.902
243.935
241.98
240.22
238.632
237.206
235.989
234.991
234.169
233.515
233.01
232.612
232.313
232.097
231.937
231.822
231.746
231.696
231.664
231.648
231.643
231.642
231.645
231.649
231.657
231.669
231.685
231.702
231.718
231.731
231.743
231.754
231.761
257.362
256.922
256.201
255.271
254.142
252.664
250.843
249.021
247.286
245.345
243.34
241.477
239.731
238.114
236.699
235.492
234.485
233.657
233.005
232.49
232.082
231.782
231.566
231.402
231.286
231.209
231.159
231.128
231.112
231.107
231.106
231.108
231.113
231.121
231.134
231.149
231.165
231.181
231.195
231.208
231.22
231.227
256.677
256.397
255.731
254.863
253.589
251.92
250.234
248.625
246.741
244.698
242.815
240.986
239.192
237.595
236.19
234.981
233.968
233.138
232.484
231.956
231.546
231.25
231.03
230.862
230.746
230.669
230.618
230.587
230.572
230.566
230.565
230.566
230.571
230.58
230.592
230.607
230.622
230.637
230.653
230.667
230.679
230.686
256.015
255.889
255.316
254.26
252.831
251.314
249.837
248.089
246.089
244.184
242.337
240.439
238.655
237.087
235.674
234.46
233.44
232.613
231.949
231.411
231.007
230.713
230.485
230.317
230.204
230.125
230.073
230.044
230.03
230.022
230.019
230.019
230.023
230.033
230.045
230.059
230.073
230.089
230.105
230.12
230.131
230.139
255.547
255.299
254.705
253.556
252.201
250.899
249.342
247.417
245.524
243.754
241.802
239.867
238.142
236.573
235.148
233.926
232.905
232.078
231.403
230.866
230.469
230.167
229.934
229.77
229.657
229.576
229.524
229.495
229.481
229.472
229.468
229.468
229.471
229.481
229.492
229.505
229.519
229.535
229.552
229.567
229.578
229.586
255.112
254.676
253.946
252.937
251.767
250.437
248.687
246.799
245.071
243.243
241.215
239.325
237.64
236.037
234.607
233.385
232.367
231.533
230.854
230.325
229.925
229.614
229.383
229.221
229.104
229.022
228.97
228.941
228.924
228.914
228.911
228.912
228.915
228.923
228.934
228.947
228.961
228.978
228.994
229.009
229.02
229.028
254.537
254.082
253.319
252.473
251.37
249.802
247.984
246.31
244.603
242.595
240.63
238.838
237.097
235.475
234.06
232.843
231.824
230.982
230.305
229.782
229.373
229.058
228.83
228.665
228.545
228.464
228.413
228.38
228.36
228.351
228.35
228.352
228.354
228.36
228.37
228.383
228.398
228.415
228.432
228.446
228.458
228.466
253.764
253.573
252.997
252.069
250.703
249.082
247.498
245.848
243.909
241.931
240.124
238.297
236.503
234.917
233.518
232.295
231.273
230.431
229.753
229.228
228.815
228.499
228.271
228.104
227.983
227.902
227.848
227.811
227.791
227.784
227.784
227.786
227.787
227.792
227.801
227.815
227.831
227.848
227.864
227.878
227.89
227.898
253.326
253.041
252.43
251.425
250.123
248.653
246.982
245.113
243.239
241.43
239.543
237.68
235.938
234.366
232.961
231.738
230.724
229.877
229.194
228.669
228.254
227.936
227.706
227.538
227.416
227.332
227.275
227.239
227.22
227.214
227.214
227.215
227.216
227.219
227.228
227.242
227.258
227.275
227.291
227.306
227.318
227.325
252.816
252.502
251.787
250.893
249.638
248.04
246.243
244.54
242.779
240.83
238.907
237.11
235.378
233.806
232.399
231.187
230.174
229.316
228.635
228.109
227.687
227.367
227.136
226.966
226.842
226.755
226.699
226.665
226.648
226.64
226.639
226.639
226.64
226.643
226.651
226.665
226.681
226.697
226.714
226.728
226.74
226.746
252.135
251.96
251.346
250.318
248.905
247.293
245.756
244.098
242.157
240.207
238.373
236.548
234.813
233.257
231.84
230.639
229.616
228.755
228.081
227.543
227.114
226.796
226.562
226.387
226.261
226.175
226.121
226.089
226.071
226.062
226.06
226.06
226.06
226.063
226.072
226.086
226.101
226.117
226.133
226.146
226.156
226.161
251.593
251.312
250.725
249.587
248.209
246.876
245.28
243.395
241.505
239.73
237.835
235.96
234.279
232.703
231.287
230.094
229.055
228.2
227.521
226.969
226.541
226.224
225.984
225.805
225.68
225.596
225.543
225.51
225.491
225.481
225.478
225.478
225.478
225.481
225.491
225.506
225.52
225.536
225.55
225.562
225.57
225.574
251.036
250.626
249.913
248.977
247.829
246.323
244.529
242.749
241.056
239.166
237.229
235.439
233.743
232.134
230.747
229.54
228.492
227.642
226.951
226.395
225.971
225.65
225.404
225.225
225.102
225.018
224.963
224.929
224.91
224.9
224.897
224.895
224.895
224.9
224.911
224.925
224.94
224.955
224.968
224.977
224.983
224.986
250.262
250.034
249.411
248.477
247.169
245.543
243.927
242.332
240.469
238.507
236.706
234.932
233.163
231.585
230.206
228.973
227.928
227.077
226.379
225.825
225.401
225.073
224.826
224.649
224.526
224.44
224.384
224.349
224.331
224.322
224.317
224.316
224.317
224.323
224.332
224.346
224.361
224.376
224.387
224.394
224.4
224.402
249.658
249.441
248.864
247.747
246.378
245.012
243.49
241.682
239.773
238.011
236.203
234.337
232.599
231.054
229.644
228.403
227.364
226.508
225.808
225.256
224.828
224.499
224.254
224.077
223.952
223.865
223.808
223.774
223.757
223.748
223.744
223.742
223.745
223.75
223.759
223.772
223.788
223.801
223.812
223.819
223.825
223.827
249.155
248.757
248.054
247.078
245.917
244.494
242.784
240.971
239.308
237.519
235.592
233.758
232.081
230.502
229.074
227.839
226.801
225.941
225.239
224.685
224.259
223.933
223.688
223.511
223.386
223.299
223.241
223.209
223.192
223.183
223.179
223.179
223.182
223.186
223.195
223.207
223.222
223.235
223.246
223.254
223.261
223.262
248.429
248.146
247.456
246.577
245.333
243.742
242.069
240.535
238.806
236.866
235.004
233.26
231.532
229.931
228.512
227.277
226.238
225.374
224.67
224.119
223.698
223.374
223.129
222.954
222.832
222.746
222.69
222.658
222.642
222.633
222.63
222.63
222.633
222.636
222.645
222.657
222.67
222.683
222.695
222.705
222.712
222.715
247.742
247.569
246.973
245.942
244.557
243.059
241.655
240.016
238.126
236.266
234.527
232.714
230.953
229.375
227.951
226.716
225.675
224.808
224.107
223.564
223.148
222.826
222.585
222.415
222.297
222.214
222.16
222.129
222.112
222.104
222.102
222.103
222.104
222.108
222.116
222.127
222.14
222.153
222.165
222.175
222.183
222.187
247.251
246.921
246.279
245.211
243.932
242.677
241.117
239.279
237.485
235.826
233.98
232.11
230.401
228.818
227.388
226.158
225.113
224.249
223.557
223.022
222.61
222.294
222.063
221.901
221.787
221.708
221.657
221.627
221.612
221.605
221.603
221.603
221.605
221.609
221.618
221.628
221.64
221.653
221.665
221.675
221.684
221.688
246.716
246.289
245.553
244.649
243.544
242.091
240.354
238.66
237.078
235.248
233.345
231.559
229.856
228.252
226.837
225.606
224.564
223.71
223.029
222.499
222.094
221.791
221.573
221.42
221.313
221.239
221.192
221.165
221.152
221.146
221.145
221.144
221.146
221.15
221.158
221.167
221.178
221.19
221.201
221.212
221.221
221.226
246.01
245.797
245.169
244.189
242.862
241.326
239.834
238.286
236.476
234.579
232.793
231.027
229.287
227.714
226.296
225.066
224.037
223.191
222.521
222.002
221.609
221.324
221.121
220.977
220.877
220.812
220.771
220.749
220.738
220.733
220.733
220.733
220.736
220.74
220.747
220.756
220.766
220.776
220.787
220.797
220.806
220.812
245.581
245.252
244.626
243.567
242.261
240.968
239.406
237.627
235.819
234.102
232.286
230.454
228.77
227.197
225.772
224.565
223.54
222.699
222.046
221.545
221.172
220.906
220.718
220.586
220.497
220.442
220.41
220.392
220.383
220.379
220.38
220.381
220.384
220.389
220.396
220.405
220.414
220.424
220.433
220.442
220.45
220.456
245.028
244.766
244.088
243.143
241.91
240.4
238.764
237.135
235.395
233.562
231.723
229.983
228.28
226.684
225.295
224.091
223.06
222.24
221.611
221.131
220.782
220.539
220.368
220.25
220.176
220.133
220.109
220.095
220.089
220.088
220.089
220.091
220.093
220.098
220.105
220.113
220.122
220.13
220.139
220.146
220.153
220.159
244.577
244.297
243.607
242.723
241.479
239.891
238.249
236.666
234.894
233.048
231.271
229.503
227.777
226.224
224.85
223.629
222.618
221.831
221.222
220.766
220.448
220.232
220.087
219.993
219.94
219.912
219.897
219.888
219.886
219.889
219.891
219.893
219.896
219.902
219.909
219.917
219.925
219.933
219.941
219.948
219.955
219.961
244.144
243.852
243.165
242.297
241.034
239.404
237.736
236.167
234.413
232.572
230.783
229.026
227.327
225.791
224.405
223.194
222.218
221.456
220.873
220.46
220.183
219.997
219.871
219.794
219.758
219.742
219.733
219.729
219.731
219.737
219.741
219.744
219.747
219.752
219.757
219.762
219.766
219.771
219.776
219.78
219.785
219.79
243.677
243.498
242.896
241.86
240.454
238.909
237.43
235.771
233.925
232.107
230.367
228.595
226.909
225.376
223.987
222.81
221.868
221.133
220.591
220.215
219.963
219.808
219.737
219.71
219.712
219.723
219.734
219.743
219.752
219.762
219.767
219.771
219.775
219.781
219.785
219.79
219.793
219.798
219.801
219.804
219.808
219.813
243.441
243.146
242.533
241.375
240.009
238.692
237.128
235.321
233.508
231.806
230.011
228.209
226.556
225.015
223.635
222.492
221.564
220.853
220.349
220.02
219.84
219.774
219.753
219.748
219.761
219.782
219.806
219.827
219.845
219.857
219.864
219.87
219.876
219.882
219.886
219.89
219.893
219.896
219.898
219.898
219.9
219.903
243.222
242.782
242.039
241.075
239.889
238.405
236.677
234.951
233.314
231.51
229.666
227.92
226.263
224.697
223.336
222.197
221.282
220.621
220.192
219.958
219.863
219.832
219.838
219.868
219.912
219.961
220.008
220.046
220.071
220.087
220.098
220.108
220.114
220.12
220.125
220.128
220.13
220.13
220.13
220.127
220.126
220.127
242.828
242.55
241.88
240.907
239.615
238.013
236.405
234.849
233.086
231.215
229.441
227.714
225.991
224.428
223.076
221.936
221.072
220.499
220.169
220.016
219.976
219.991
220.043
220.122
220.214
220.303
220.378
220.434
220.472
220.496
220.512
220.525
220.534
220.54
220.545
220.546
220.547
220.543
220.54
220.533
220.529
220.528
242.581
242.382
241.754
240.647
239.239
237.8
236.362
234.657
232.792
231.025
229.289
227.469
225.719
224.171
222.813
221.714
220.952
220.49
220.255
220.195
220.217
220.291
220.402
220.556
220.711
220.847
220.956
221.039
221.094
221.129
221.155
221.172
221.183
221.19
221.195
221.194
221.19
221.182
221.173
221.162
221.156
221.153
242.586
242.268
241.617
240.474
239.143
237.83
236.265
234.443
232.656
230.969
229.131
227.284
225.567
224.019
222.664
221.643
220.99
220.618
220.495
220.533
220.616
220.753
220.963
221.206
221.438
221.628
221.777
221.891
221.97
222.022
222.059
222.083
222.099
222.109
222.114
222.112
222.106
222.093
222.08
222.064
222.054
222.051
242.792
242.285
241.527
240.502
239.313
237.911
236.194
234.421
232.745
230.935
228.986
227.136
225.436
223.879
222.584
221.714
221.205
220.972
220.941
221.042
221.205
221.468
221.796
222.145
222.455
222.702
222.891
223.037
223.143
223.211
223.255
223.285
223.307
223.319
223.325
223.325
223.318
223.306
223.291
223.275
223.265
223.261
242.968
242.425
241.639
240.744
239.584
238.006
236.25
234.59
232.888
230.954
229.019
227.189
225.462
223.896
222.68
221.986
221.593
221.479
221.562
221.748
222.057
222.471
222.939
223.402
223.794
224.104
224.339
224.511
224.635
224.716
224.767
224.8
224.822
224.834
224.838
224.838
224.833
224.822
224.808
224.793
224.785
224.783
243.148
242.812
242.102
241.167
239.858
238.204
236.55
234.941
233.075
231.112
229.202
227.326
225.559
224.033
222.999
222.446
222.211
222.213
222.37
222.674
223.173
223.767
224.393
224.968
225.443
225.816
226.093
226.289
226.427
226.522
226.575
226.607
226.625
226.634
226.635
226.632
226.623
226.609
226.593
226.575
226.566
226.566
243.624
243.414
242.762
241.609
240.162
238.664
237.124
235.329
233.374
231.434
229.477
227.546
225.774
224.383
223.553
223.138
223.056
223.148
223.409
223.903
224.581
225.364
226.143
226.82
227.366
227.79
228.096
228.308
228.454
228.554
228.61
228.636
228.645
228.647
228.643
228.635
228.619
228.598
228.574
228.548
228.535
228.533
244.424
243.991
243.264
242.196
240.909
239.375
237.599
235.748
233.854
231.839
229.794
227.846
226.13
224.969
224.303
224.066
224.09
224.27
224.698
225.413
226.293
227.252
228.153
228.904
229.503
229.953
230.27
230.488
230.632
230.721
230.767
230.782
230.779
230.771
230.757
230.737
230.711
230.68
230.647
230.614
230.595
230.591
245.024
244.709
244.028
243.017
241.619
239.918
238.173
236.338
234.33
232.254
230.191
228.198
226.644
225.667
225.195
225.114
225.226
225.558
226.202
227.131
228.23
229.351
230.33
231.125
231.748
232.201
232.519
232.734
232.863
232.925
232.945
232.946
232.934
232.909
232.876
232.838
232.797
232.751
232.706
232.665
232.641
232.634
245.721
245.481
244.796
243.629
242.151
240.511
238.72
236.801
234.811
232.689
230.504
228.601
227.241
226.468
226.216
226.203
226.376
226.896
227.789
228.984
230.301
231.52
232.537
233.346
233.963
234.412
234.72
234.912
235.014
235.053
235.061
235.046
235.01
234.962
234.91
234.852
234.791
234.728
234.669
234.615
234.582
234.569
246.391
245.935
245.159
244.047
242.698
241.083
239.186
237.145
235.055
232.782
230.591
228.87
227.732
227.205
227.09
227.173
227.523
228.309
229.472
230.879
232.319
233.584
234.611
235.407
236.013
236.449
236.73
236.897
236.982
237.011
237.008
236.979
236.925
236.862
236.794
236.716
236.636
236.557
236.484
236.416
236.37
236.347
246.762
246.253
245.403
244.326
242.958
241.188
239.16
237.077
234.897
232.58
230.542
229.129
228.3
227.989
227.948
228.089
228.596
229.585
231.001
232.607
234.129
235.401
236.403
237.173
237.756
238.165
238.429
238.588
238.667
238.692
238.688
238.661
238.61
238.543
238.465
238.381
238.296
238.211
238.131
238.056
238
237.97
246.718
246.239
245.373
244.329
242.915
241.063
238.983
236.855
234.603
232.326
230.471
229.251
228.614
228.465
228.532
228.799
229.484
230.754
232.398
234.132
235.669
236.908
237.864
238.59
239.13
239.507
239.761
239.919
239.999
240.028
240.034
240.025
239.996
239.942
239.875
239.806
239.737
239.665
239.595
239.532
239.482
239.453
246.495
246.049
245.197
244.152
242.661
240.716
238.537
236.385
234.117
231.929
230.286
229.309
228.853
228.76
228.873
229.277
230.299
231.833
233.662
235.468
236.958
238.135
239.036
239.701
240.185
240.534
240.779
240.934
241.017
241.056
241.078
241.087
241.08
241.052
241.013
240.975
240.935
240.893
240.853
240.816
240.786
240.766
245.99
245.7
244.948
243.763
242.109
240.074
237.954
235.752
233.411
231.395
230.06
229.305
229.01
228.97
229.089
229.731
231.03
232.782
234.802
236.618
238.014
239.13
239.968
240.562
240.995
241.318
241.551
241.703
241.795
241.85
241.891
241.917
241.927
241.926
241.922
241.916
241.903
241.889
241.876
241.866
241.857
241.849
245.464
245.261
244.509
243.205
241.44
239.402
237.266
234.905
232.596
230.865
229.803
229.26
229.092
229.11
229.364
230.209
231.703
233.67
235.851
237.605
238.891
239.943
240.714
241.242
241.628
241.924
242.146
242.296
242.396
242.467
242.523
242.561
242.586
242.608
242.628
242.641
242.649
242.656
242.663
242.667
242.669
242.669
244.831
244.624
243.922
242.612
240.821
238.806
236.614
234.223
232.022
230.487
229.577
229.195
229.059
229.183
229.657
230.767
232.453
234.626
236.826
238.477
239.706
240.669
241.338
241.801
242.141
242.404
242.608
242.754
242.854
242.931
242.994
243.04
243.075
243.11
243.144
243.171
243.193
243.213
243.23
243.241
243.247
243.25
244.325
244.032
243.305
241.933
240.19
238.267
236.041
233.661
231.595
230.229
229.439
229.15
229.108
229.333
230.045
231.381
233.317
235.618
237.726
239.331
240.502
241.327
241.897
242.296
242.58
242.803
242.98
243.106
243.2
243.278
243.34
243.386
243.425
243.462
243.499
243.533
243.561
243.586
243.609
243.623
243.633
243.64
244.048
243.576
242.695
241.422
239.738
237.651
235.275
232.983
231.246
230.037
229.445
229.261
229.333
229.625
230.436
232.077
234.286
236.633
238.631
240.147
241.218
241.928
242.404
242.729
242.966
243.154
243.294
243.396
243.481
243.554
243.608
243.643
243.675
243.706
243.738
243.77
243.795
243.821
243.844
243.858
243.869
243.877
243.494
243.149
242.293
240.954
239.156
236.913
234.536
232.599
230.937
229.862
229.504
229.439
229.604
230.008
230.951
232.864
235.305
237.638
239.493
240.907
241.872
242.466
242.857
243.122
243.308
243.452
243.563
243.648
243.718
243.777
243.823
243.845
243.868
243.887
243.908
243.93
243.947
243.966
243.984
243.993
244
244.005
243.025
242.639
241.858
240.324
238.366
236.215
234.164
232.158
230.662
229.935
229.645
229.575
229.739
230.306
231.579
233.801
236.398
238.534
240.252
241.606
242.439
242.933
243.248
243.443
243.58
243.694
243.786
243.857
243.912
243.96
244
244.007
244.018
244.027
244.037
244.05
244.058
244.067
244.075
244.078
244.079
244.081
242.532
242.066
241.123
239.667
237.758
235.576
233.374
231.586
230.59
229.961
229.772
229.685
229.918
230.652
232.3
234.808
237.4
239.305
240.943
242.232
242.902
243.296
243.568
243.707
243.796
243.884
243.955
244.01
244.061
244.104
244.137
244.128
244.132
244.135
244.14
244.147
244.147
244.15
244.151
244.15
244.148
244.146
241.704
241.346
240.439
239.041
237.159
234.946
232.845
231.435
230.404
229.853
229.644
229.709
230.129
231.195
233.089
235.688
238.105
240.07
241.734
242.715
243.263
243.633
243.816
243.893
243.951
244.028
244.086
244.129
244.172
244.212
244.242
244.224
244.223
244.222
244.225
244.23
244.227
244.227
244.227
244.225
244.221
244.217
240.825
240.558
239.752
238.331
236.43
234.36
232.564
231.17
230.148
229.711
229.607
229.76
230.407
231.852
233.862
236.321
238.759
240.912
242.293
243.086
243.591
243.895
243.99
244.026
244.074
244.123
244.162
244.201
244.24
244.272
244.3
244.284
244.288
244.293
244.299
244.306
244.304
244.306
244.308
244.309
244.306
244.302
240.365
239.93
238.999
237.525
235.671
233.685
231.971
230.541
229.934
229.783
229.735
229.909
230.731
232.376
234.481
236.925
239.537
241.569
242.683
243.407
243.905
244.071
244.114
244.126
244.153
244.17
244.194
244.235
244.278
244.312
244.338
244.327
244.336
244.35
244.362
244.374
244.379
244.387
244.395
244.398
244.397
244.394
239.909
239.451
238.445
236.826
234.831
232.724
231.099
230.217
229.933
229.86
229.962
230.195
231.025
232.692
234.999
237.762
240.365
242.002
243.033
243.719
244.106
244.19
244.187
244.193
244.212
244.212
244.219
244.249
244.294
244.332
244.36
244.361
244.376
244.397
244.416
244.433
244.445
244.461
244.473
244.478
244.48
244.478
239.135
238.733
237.71
236.079
234.04
232.12
230.75
230.135
229.812
229.756
229.985
230.414
231.218
233.03
235.726
238.658
240.912
242.339
243.373
244.014
244.216
244.259
244.255
244.267
244.257
244.238
244.241
244.271
244.312
244.351
244.383
244.394
244.413
244.436
244.459
244.482
244.5
244.521
244.537
244.548
244.552
244.551
238.24
237.749
236.914
235.288
233.481
231.98
230.841
230.003
229.689
229.661
229.89
230.427
231.497
233.659
236.586
239.271
241.216
242.727
243.749
244.184
244.317
244.34
244.342
244.322
244.286
244.26
244.261
244.282
244.315
244.354
244.393
244.411
244.433
244.459
244.485
244.515
244.538
244.563
244.585
244.601
244.61
244.613
237.636
236.939
235.836
234.431
233.045
231.889
230.677
229.86
229.601
229.655
229.906
230.526
231.895
234.453
237.47
239.762
241.571
243.113
243.982
244.291
244.405
244.444
244.423
244.366
244.312
244.281
244.273
244.286
244.317
244.358
244.401
244.426
244.452
244.479
244.506
244.537
244.561
244.586
244.611
244.631
244.646
244.652
236.897
236.32
235.294
233.971
232.623
231.273
230.227
229.749
229.632
229.699
229.943
230.737
232.453
235.147
238.023
240.211
242.143
243.514
244.141
244.423
244.536
244.545
244.5
244.418
244.356
244.302
244.286
244.297
244.324
244.364
244.408
244.436
244.463
244.489
244.517
244.549
244.574
244.6
244.626
244.648
244.663
244.671
236.267
235.846
234.855
233.585
232.028
230.685
229.858
229.614
229.689
229.832
230.159
231.201
233.07
235.567
238.433
240.965
242.67
243.746
244.374
244.614
244.651
244.63
244.573
244.479
244.396
244.324
244.304
244.318
244.338
244.373
244.418
244.44
244.464
244.49
244.517
244.547
244.572
244.598
244.624
244.646
244.662
244.669
235.932
235.435
234.378
232.866
231.392
230.121
229.55
229.545
229.86
230.145
230.526
231.549
233.33
235.991
239.156
241.593
243.004
243.998
244.629
244.784
244.777
244.723
244.646
244.543
244.429
244.35
244.331
244.35
244.358
244.389
244.435
244.443
244.463
244.491
244.517
244.543
244.565
244.591
244.616
244.638
244.652
244.66
235.468
234.916
233.912
232.334
230.777
229.956
229.589
229.693
229.918
230.271
230.723
231.598
233.686
236.83
239.857
241.866
243.326
244.378
244.819
244.911
244.891
244.833
244.736
244.608
244.468
244.384
244.361
244.375
244.375
244.405
244.456
244.447
244.465
244.494
244.518
244.539
244.557
244.58
244.604
244.623
244.636
244.642
234.786
234.042
233.001
231.995
231.031
230.056
229.646
229.671
229.887
230.192
230.615
231.884
234.545
237.709
240.175
242.139
243.724
244.617
244.937
245.007
245.001
244.95
244.829
244.663
244.509
244.43
244.398
244.392
244.388
244.416
244.47
244.454
244.473
244.501
244.52
244.537
244.551
244.571
244.591
244.607
244.618
244.624
233.576
233.447
232.761
231.731
230.807
230.316
229.899
229.588
229.507
229.794
230.86
232.659
235.419
238.262
240.418
242.515
244.077
244.756
245.029
245.121
245.119
245.053
244.903
244.707
244.548
244.471
244.424
244.405
244.402
244.429
244.48
244.466
244.484
244.508
244.521
244.534
244.545
244.562
244.578
244.591
244.599
244.603
233.1
232.865
232.228
231.441
230.765
230.242
229.782
229.376
229.231
229.83
231.304
233.414
236.099
238.447
240.808
243.12
244.358
244.854
245.143
245.237
245.214
245.117
244.947
244.746
244.585
244.494
244.441
244.423
244.423
244.446
244.479
244.479
244.497
244.514
244.523
244.534
244.543
244.555
244.568
244.576
244.581
244.583
232.735
232.478
231.831
231.09
230.533
230.054
229.562
229.219
229.305
230.026
231.714
233.998
236.389
238.785
241.479
243.513
244.453
244.991
245.288
245.333
245.289
245.168
244.981
244.765
244.594
244.502
244.449
244.431
244.43
244.449
244.479
244.491
244.509
244.522
244.527
244.538
244.545
244.557
244.569
244.576
244.579
244.579
232.444
232.125
231.51
230.795
230.142
229.79
229.301
229.223
229.435
230.479
232.215
234.385
236.554
239.309
242.139
243.732
244.558
245.137
245.374
245.397
245.345
245.21
244.999
244.76
244.59
244.517
244.459
244.44
244.44
244.456
244.482
244.496
244.51
244.523
244.527
244.539
244.546
244.557
244.569
244.575
244.579
244.577
232.336
231.93
231.131
230.264
229.643
229.232
229.092
229.33
229.889
230.798
232.452
234.365
236.904
240.147
242.522
243.798
244.744
245.269
245.444
245.474
245.422
245.267
245.018
244.761
244.595
244.523
244.463
244.443
244.448
244.469
244.495
244.492
244.506
244.521
244.526
244.537
244.545
244.556
244.568
244.574
244.577
244.575
232.233
231.712
230.814
229.831
229.174
228.88
229.076
229.538
230.126
230.898
232.23
234.489
237.716
240.727
242.616
244.048
245.024
245.388
245.519
245.554
245.483
245.283
245.012
244.775
244.616
244.513
244.458
244.448
244.45
244.468
244.507
244.481
244.499
244.519
244.528
244.539
244.547
244.558
244.57
244.576
244.579
244.576
231.875
231.215
230.391
229.674
229.095
228.978
229.198
229.554
230.097
230.733
232.156
235.039
238.419
240.921
242.824
244.444
245.215
245.504
245.637
245.623
245.51
245.286
245.016
244.807
244.632
244.509
244.456
244.45
244.448
244.464
244.507
244.477
244.497
244.518
244.529
244.54
244.55
244.563
244.575
244.58
244.583
244.581
231.345
230.778
230.109
229.661
229.463
229.127
229.152
229.495
229.929
230.788
232.664
235.746
238.909
241.068
243.172
244.745
245.356
245.62
245.721
245.679
245.539
245.303
245.037
244.834
244.65
244.516
244.46
244.449
244.443
244.459
244.498
244.479
244.5
244.518
244.528
244.541
244.552
244.564
244.574
244.581
244.584
244.583
230.672
230.56
230.071
229.648
229.523
229.301
229.176
229.38
229.842
231.206
233.499
236.557
239.253
241.365
243.553
244.912
245.427
245.708
245.783
245.732
245.573
245.326
245.064
244.853
244.66
244.52
244.459
244.442
244.435
244.446
244.477
244.486
244.51
244.524
244.529
244.542
244.555
244.566
244.575
244.582
244.586
244.588
230.322
230.326
229.959
229.655
229.486
229.33
229.19
229.225
229.894
231.702
234.29
237.165
239.465
241.824
243.983
245.021
245.517
245.812
245.849
245.782
245.606
245.357
245.106
244.849
244.649
244.536
244.468
244.442
244.431
244.44
244.468
244.491
244.514
244.531
244.532
244.545
244.558
244.568
244.578
244.586
244.591
244.593
230.329
230.057
229.773
229.574
229.355
229.236
229.078
229.204
230.117
232.14
234.742
237.315
239.749
242.422
244.251
245.118
245.672
245.9
245.888
245.813
245.652
245.427
245.14
244.839
244.635
244.548
244.489
244.462
244.44
244.453
244.474
244.488
244.51
244.531
244.538
244.55
244.56
244.57
244.579
244.586
244.592
244.593
230.276
229.914
229.534
229.412
229.203
229.031
229.011
229.299
230.363
232.324
234.909
237.381
240.144
242.801
244.376
245.333
245.809
245.936
245.93
245.866
245.724
245.469
245.136
244.842
244.647
244.561
244.495
244.469
244.449
244.467
244.498
244.482
244.508
244.535
244.547
244.558
244.565
244.573
244.582
244.588
244.593
244.593
230.181
229.885
229.518
229.317
229.179
229.03
229.064
229.384
230.524
232.519
235.044
237.615
240.48
242.997
244.55
245.502
245.876
245.979
245.992
245.945
245.781
245.476
245.13
244.857
244.674
244.572
244.495
244.47
244.46
244.475
244.521
244.485
244.514
244.543
244.559
244.569
244.574
244.58
244.588
244.593
244.597
244.596
230.08
229.857
229.548
229.358
229.235
229.092
229.085
229.424
230.724
232.863
235.312
237.874
240.788
243.213
244.745
245.612
245.921
246.05
246.096
246.026
245.814
245.487
245.145
244.896
244.705
244.574
244.503
244.482
244.478
244.488
244.526
244.495
244.524
244.555
244.571
244.581
244.583
244.587
244.594
244.597
244.601
244.601
230.238
229.943
229.529
229.253
229.163
228.978
229.155
229.634
230.971
233.1
235.444
238.161
241.19
243.491
244.936
245.679
246.013
246.16
246.194
246.09
245.839
245.505
245.182
244.941
244.727
244.587
244.532
244.494
244.49
244.503
244.532
244.516
244.54
244.567
244.582
244.591
244.593
244.597
244.605
244.604
244.607
244.607
230.492
230.133
229.505
229.025
228.847
228.906
229.357
230.108
231.185
233.154
235.504
238.555
241.575
243.744
245.12
245.758
246.1
246.298
246.265
246.128
245.862
245.529
245.23
244.96
244.73
244.592
244.548
244.502
244.499
244.513
244.536
244.539
244.56
244.584
244.596
244.599
244.606
244.614
244.624
244.62
244.622
244.622
230.736
230.2
229.506
228.887
228.702
228.896
229.583
230.423
231.403
233.177
235.687
238.978
241.931
243.994
245.211
245.903
246.276
246.381
246.315
246.152
245.889
245.57
245.252
244.955
244.736
244.614
244.573
244.51
244.506
244.517
244.541
244.558
244.581
244.604
244.614
244.617
244.616
244.626
244.641
244.638
244.64
244.641
230.827
230.234
229.556
228.931
228.741
228.999
229.695
230.543
231.598
233.4
236.063
239.385
242.289
244.234
245.344
246.075
246.4
246.417
246.349
246.182
245.925
245.609
245.254
244.948
244.747
244.633
244.585
244.513
244.512
244.526
244.553
244.574
244.598
244.621
244.631
244.653
244.621
244.639
244.659
244.657
244.661
244.661
230.863
230.297
229.641
229.045
228.884
229.143
229.806
230.677
231.833
233.785
236.526
239.823
242.694
244.475
245.503
246.207
246.489
246.461
246.376
246.201
245.944
245.624
245.262
244.96
244.767
244.638
244.57
244.517
244.524
244.537
244.561
244.587
244.616
244.639
244.651
244.686
244.635
244.66
244.682
244.685
244.69
244.69
230.898
230.421
229.799
229.257
229.118
229.339
229.959
230.844
232.089
234.324
237.103
240.281
243.081
244.677
245.674
246.342
246.581
246.514
246.407
246.223
245.97
245.648
245.286
244.987
244.792
244.637
244.561
244.535
244.539
244.55
244.574
244.607
244.639
244.662
244.671
244.693
244.659
244.684
244.707
244.716
244.723
244.723
230.883
230.551
229.985
229.594
229.485
229.597
230.106
230.973
232.469
234.913
237.576
240.568
243.277
244.821
245.854
246.43
246.614
246.558
246.461
246.285
246.027
245.662
245.294
245.01
244.813
244.642
244.573
244.568
244.559
244.569
244.593
244.63
244.661
244.683
244.69
244.705
244.686
244.707
244.731
244.744
244.751
244.75
230.917
230.631
230.136
229.8
229.637
229.75
230.295
231.215
232.859
235.282
237.749
240.735
243.398
244.923
246.006
246.511
246.627
246.619
246.545
246.38
246.069
245.664
245.292
245.027
244.822
244.662
244.603
244.588
244.576
244.583
244.61
244.649
244.683
244.704
244.714
244.727
244.718
244.735
244.759
244.775
244.785
244.782
231.247
230.768
230.196
229.764
229.615
229.852
230.598
231.585
233.134
235.349
237.867
240.996
243.551
245.08
246.122
246.571
246.689
246.704
246.654
246.465
246.099
245.677
245.301
245.033
244.83
244.72
244.632
244.6
244.591
244.6
244.629
244.669
244.704
244.73
244.744
244.755
244.753
244.769
244.793
244.813
244.827
244.824
231.569
230.959
230.263
229.773
229.688
230.043
230.868
231.893
233.347
235.376
238.117
241.35
243.738
245.289
246.264
246.613
246.76
246.809
246.74
246.496
246.118
245.697
245.343
245.071
244.873
244.767
244.662
244.621
244.612
244.624
244.655
244.694
244.731
244.759
244.772
244.779
244.781
244.798
244.824
244.846
244.862
244.854
231.74
231.145
230.432
229.987
229.846
230.31
231.071
232.096
233.523
235.495
238.476
241.742
243.941
245.475
246.4
246.702
246.83
246.876
246.801
246.535
246.154
245.738
245.402
245.123
244.929
244.788
244.689
244.638
244.63
244.649
244.682
244.719
244.755
244.785
244.801
244.811
244.814
244.83
244.855
244.877
244.91
244.876
231.938
231.359
230.685
230.282
230.177
230.587
231.244
232.262
233.709
235.798
238.893
242.074
244.201
245.697
246.531
246.799
246.923
246.962
246.857
246.578
246.199
245.8
245.468
245.166
244.953
244.798
244.71
244.668
244.663
244.683
244.712
244.748
244.784
244.814
244.836
244.851
244.851
244.867
244.888
244.911
244.965
244.901
232.171
231.671
231.068
230.619
230.524
230.841
231.51
232.528
234.066
236.322
239.259
242.289
244.483
245.896
246.587
246.909
247.073
247.049
246.911
246.631
246.26
245.884
245.531
245.209
244.982
244.826
244.742
244.711
244.705
244.722
244.747
244.781
244.816
244.844
244.868
244.886
244.892
244.908
244.923
244.943
245.001
244.931
232.484
231.966
231.348
230.871
230.796
231.117
231.898
232.975
234.601
236.782
239.565
242.545
244.694
246.033
246.682
247.013
247.167
247.128
246.979
246.696
246.325
245.959
245.583
245.253
245.016
244.867
244.791
244.769
244.759
244.766
244.783
244.818
244.857
244.887
244.906
244.921
244.931
244.944
244.953
244.968
245.026
244.955
232.767
232.236
231.571
231.106
231.043
231.486
232.303
233.408
235
237.065
239.952
242.897
244.943
246.126
246.816
247.189
247.267
247.204
247.042
246.768
246.418
246.011
245.601
245.272
245.05
244.936
244.849
244.813
244.798
244.802
244.824
244.867
244.906
244.931
244.946
244.96
244.974
244.983
244.987
244.996
245.05
244.978
232.972
232.434
231.884
231.521
231.481
231.919
232.643
233.751
235.238
237.389
240.46
243.297
245.083
246.294
247.045
247.317
247.351
247.305
247.148
246.857
246.462
246.028
245.629
245.317
245.105
245
244.895
244.855
244.841
244.847
244.877
244.924
244.959
244.978
244.993
245.007
245.016
245.02
245.023
245.029
245.079
245.01
233.193
232.616
232.164
232.056
232.073
232.27
232.873
233.942
235.402
237.807
240.944
243.632
245.268
246.478
247.214
247.469
247.438
247.372
247.203
246.914
246.513
246.069
245.68
245.386
245.184
245.062
244.948
244.905
244.892
244.903
244.937
244.978
245.006
245.023
245.039
245.05
245.056
245.06
245.062
245.064
245.104
245.043
233.379
232.889
232.5
232.455
232.518
232.584
233.097
234.078
235.632
238.159
241.3
243.947
245.466
246.692
247.377
247.596
247.528
247.446
247.269
246.984
246.566
246.115
245.737
245.457
245.252
245.118
245
244.957
244.947
244.965
245
245.032
245.057
245.076
245.09
245.095
245.097
245.1
245.1
245.098
245.133
245.071
233.731
233.323
232.915
232.767
232.856
232.852
233.329
234.413
236.079
238.493
241.584
244.22
245.72
246.898
247.513
247.688
247.628
247.54
247.366
247.069
246.625
246.17
245.805
245.518
245.303
245.165
245.049
245.008
245.003
245.016
245.04
245.069
245.098
245.121
245.135
245.141
245.146
245.15
245.149
245.146
245.18
245.122
234.318
233.863
233.33
233.049
233.006
233.224
233.766
234.889
236.566
238.905
241.797
244.407
245.988
247.129
247.649
247.764
247.741
247.652
247.487
247.162
246.703
246.253
245.885
245.578
245.362
245.216
245.105
245.064
245.066
245.076
245.095
245.122
245.154
245.178
245.191
245.197
245.201
245.206
245.204
245.201
245.226
245.174
234.74
234.339
233.787
233.417
233.365
233.582
234.21
235.26
236.909
239.386
242.087
244.509
246.352
247.381
247.725
247.857
247.877
247.829
247.612
247.227
246.765
246.342
245.967
245.65
245.42
245.266
245.165
245.126
245.118
245.124
245.143
245.173
245.204
245.229
245.244
245.252
245.258
245.265
245.262
245.259
245.278
245.236
235.01
234.683
234.287
234.057
233.991
234.097
234.558
235.434
237.309
239.944
242.48
244.754
246.577
247.526
247.821
247.987
248.063
247.967
247.691
247.295
246.847
246.418
246.022
245.709
245.481
245.328
245.227
245.188
245.173
245.179
245.201
245.234
245.268
245.292
245.304
245.312
245.321
245.33
245.326
245.32
245.331
245.288
235.288
235.06
234.79
234.653
234.628
234.701
234.934
235.769
237.712
240.386
242.935
245.119
246.782
247.612
247.986
248.158
248.204
248.075
247.781
247.384
246.944
246.494
246.084
245.77
245.54
245.387
245.286
245.25
245.237
245.243
245.261
245.293
245.329
245.353
245.368
245.379
245.389
245.397
245.398
245.393
245.398
245.364
235.733
235.527
235.241
235.169
235.139
235.184
235.435
236.35
238.163
240.678
243.326
245.556
246.978
247.724
248.17
248.363
248.309
248.138
247.865
247.484
247.034
246.56
246.148
245.841
245.61
245.449
245.349
245.315
245.306
245.313
245.33
245.362
245.398
245.424
245.442
245.456
245.463
245.467
245.467
245.461
245.462
245.433
236.489
236.134
235.724
235.559
235.551
235.565
236.008
237.068
238.757
241.019
243.712
245.972
247.147
247.922
248.386
248.495
248.401
248.242
247.973
247.583
247.097
246.614
246.208
245.903
245.671
245.509
245.414
245.383
245.376
245.383
245.402
245.436
245.47
245.497
245.517
245.53
245.536
245.538
245.541
245.537
245.543
245.526
237.152
236.759
236.245
235.926
235.794
236.047
236.624
237.672
239.288
241.455
243.979
246.187
247.366
248.134
248.537
248.583
248.509
248.356
248.08
247.662
247.156
246.675
246.275
245.958
245.729
245.568
245.475
245.443
245.437
245.444
245.465
245.499
245.534
245.562
245.583
245.598
245.606
245.612
245.62
245.622
245.63
245.623
237.998
237.578
237.055
236.741
236.663
236.853
237.394
238.338
239.98
242.217
244.499
246.46
247.682
248.416
248.687
248.713
248.664
248.512
248.208
247.758
247.243
246.768
246.367
246.041
245.819
245.666
245.58
245.544
245.542
245.551
245.575
245.611
245.649
245.682
245.707
245.725
245.738
245.746
245.756
245.76
245.766
245.764
)
;

boundaryField
{
    lateral_sides
    {
        type            empty;
    }
    outerwall
    {
        type            zeroGradient;
    }
    longitudinal_symmetry
    {
        type            symmetryPlane;
    }
    inlet
    {
        type            totalTemperature;
        gamma           1.333;
        T0              uniform 273.16;
        value           nonuniform List<scalar> 
42
(
263.483
263.481
263.482
263.484
263.483
263.48
263.478
263.475
263.473
263.472
263.472
263.471
263.47
263.469
263.469
263.468
263.467
263.465
263.463
263.461
263.459
263.457
263.455
263.453
263.452
263.45
263.447
263.445
263.442
263.439
263.436
263.433
263.43
263.426
263.423
263.42
263.417
263.414
263.412
263.41
263.408
263.407
)
;
    }
    outlet
    {
        type            zeroGradient;
    }
}


// ************************************************************************* //
