0.0698426
0.0698283
0.0697999
0.0697576
0.0697017
0.0696325
0.0695503
0.0694553
0.069348
0.0692287
0.0690976
0.0689552
0.0688018
0.0686377
0.0684634
0.0682793
0.0680857
0.0678829
0.0676715
0.0674518
0.0672241
0.066989
0.0667467
0.0664977
0.0662424
0.0659812
0.0657145
0.0654426
0.0651659
0.064885
0.0646
0.0643114
0.0640196
0.0637249
0.0634278
0.0631284
0.0628273
0.0625248
0.0622211
0.0619166
0.0616117
0.0613066
0.0610016
0.0606971
0.0603934
0.0600907
0.0597893
0.0594895
0.0591915
0.0588956
0.0586021
0.0583111
0.0580229
0.0577377
0.0574557
0.0571772
0.0569023
0.0566312
0.056364
0.056101
0.0558423
0.0555881
0.0553384
0.0550935
0.0548535
0.0546184
0.0543885
0.0541638
0.0539443
0.0537303
0.0535218
0.0533188
0.0531214
0.0529298
0.0527439
0.0525638
0.0523895
0.0522211
0.0520587
0.0519022
0.0517516
0.0516071
0.0514685
0.051336
0.0512094
0.0510888
0.0509743
0.0508657
0.050763
0.0506663
0.0505755
0.0504906
0.0504115
0.0503382
0.0502707
0.0502089
0.0501527
0.0501022
0.0500573
0.0500178
0.0499838
0.0499552
0.049932
0.049914
0.0499011
0.0498934
0.0498908
0.0498931
0.0499004
0.0499127
0.0499301
0.0499526
0.0499803
0.0500134
0.0500517
0.0500955
0.0501447
0.0501994
0.0502597
0.0503256
0.0503971
0.0504743
0.0505572
0.0506459
0.0507404
0.0508407
0.0509468
0.0510589
0.0511767
0.0513005
0.0514301
0.0515657
0.0517071
0.0518544
0.0520076
0.0521666
0.0523315
0.0525021
0.0526785
0.0528606
0.0530484
0.0532418
0.0534408
0.0536452
0.0538551
0.0540703
0.0542908
0.0545164
0.0547471
0.0549828
0.0552233
0.0554685
0.0557183
0.0559725
0.0562311
0.0564938
0.0567605
0.057031
0.0573052
0.0575829
0.0578639
0.0581479
0.0584348
0.0587244
0.0590163
0.0593105
0.0596067
0.0599045
0.0602039
0.0605044
0.0608058
0.0611079
0.0614103
0.0617128
0.062015
0.0623167
0.0626175
0.0629171
0.0632152
0.0635114
0.0638054
0.0640969
0.0643855
0.0646708
0.0649524
0.0652301
0.0655034
0.065772
0.0660354
0.0662933
0.0665453
0.0667911
0.0670301
0.0672621
0.0674867
0.0677034
0.0679119
0.0681118
0.0683026
0.0684841
0.0686559
0.0688175
0.0689687
0.069109
0.0692381
0.0693557
0.0694614
0.0695548
0.0696358
0.0697039
0.069759
0.0698006
0.0698286
0.0698427
